modelid;route_id;number_of_repetitions;number_of_successful_routes
modelid;route_id;number_of_repetitions;number_of_successful_routes
1386172427230;64;10;10
1386172427230;75;10;10
1386172427230;549;10;10
1386172427230;81;10;10
1386172427230;1252;10;10
1386172427230;469;10;10
1386172427230;128;10;10
1386172427230;602;10;10
1386172427230;626;10;10
1386172427230;596;10;10
1386172427230;761;10;10
1386172427230;1000;10;10
1386172427230;1120;10;10
1386172427230;880;10;10
1386172427230;759;10;10
1386172427230;1188;10;10
1386172427230;302;10;10
1386172427230;317;10;10
1386172427230;358;10;10
1386172427230;363;10;10
1386172427230;987;10;10
1386172427230;825;10;10
1386172427230;87;10;10
1386172427230;939;10;10
1386172427230;203;10;10
1386172427230;508;10;10
1386172427230;1024;10;10
1386172427230;384;10;10
1386172427230;570;10;10
1386172427230;609;10;10
1386172427230;616;10;10
1386172427230;308;10;10
1386172427230;742;10;10
1386172427230;856;10;10
1386172427230;1028;10;10
1386172427230;949;10;10
1386172427230;27;10;10
1386172427230;60;10;10
1386172427230;1136;10;10
1386172427230;140;10;10
1386172427230;179;10;10
1386172427230;1067;10;10
1386172427230;408;10;10
1386172427230;838;10;10
1386172427230;635;10;10
1386172427230;1115;10;10
1386172427230;338;10;10
1386172427230;1035;10;10
1386172427230;44;10;10
1386172427230;958;10;10
1386172427230;1250;10;10
1386172427230;843;10;10
1386172427230;171;10;10
1386172427230;1022;10;10
1386172427230;257;10;10
1386172427230;6;10;10
1386172427230;123;10;10
1386172427230;216;10;10
1386172427230;1125;10;10
1386172427230;686;10;10
1386172427230;943;10;10
1386172427230;1280;10;10
1386172427230;610;10;10
1386172427230;967;10;10
1386172427230;1093;10;10
1386172427230;375;10;10
1386172427230;829;10;10
1386172427230;736;10;10
1386172427230;97;10;10
1386172427230;942;10;10
1386172427230;430;10;10
1386172427230;163;10;10
1386172427230;577;10;10
1386172427230;82;10;10
1386172427230;144;10;10
1386172427230;1087;10;10
1386172427230;1207;10;10
1386172427230;313;10;10
1386172427230;209;10;10
1386172427230;778;10;10
1386172427230;1191;10;10
1386172427230;72;10;10
1386172427230;1119;10;10
1386172427230;648;10;10
1386172427230;709;10;10
1386172427230;353;10;10
1386172427230;354;10;10
1386172427230;826;10;10
1386172427230;229;10;10
1386172427230;4;10;10
1386172427230;1166;10;10
1386172427230;934;10;10
1386172427230;515;10;10
1386172427230;190;10;10
1386172427230;165;10;10
1386172427230;1075;10;10
1386172427230;404;10;10
1386172427230;80;10;10
1386172427230;559;10;10
1386172427230;136;10;10
1386172427230;99;10;10
1386172427230;454;10;10
1386172427230;456;10;10
1386172427230;1105;10;10
1386172427230;366;10;10
1386172427230;675;10;10
1386172427230;47;10;10
1386172427230;1019;10;10
1386172427230;1151;10;10
1386172427230;748;10;10
1386172427230;196;10;10
1386172427230;927;10;10
1386172427230;1114;10;10
1386172427230;1017;10;10
1386172427230;1122;10;10
1386172427230;875;10;10
1386172427230;696;10;10
1386172427230;183;10;10
1386172427230;539;10;10
1386172427230;804;10;10
1386172427230;192;10;10
1386172427230;218;10;10
1386172427230;446;10;10
1386172427230;330;10;10
1386172427230;336;10;10
1386172427230;397;10;0
1386172427230;589;10;10
1386172427230;28;10;10
1386172427230;1005;10;10
1386172427230;754;10;10
1386172427230;816;10;10
1386172427230;728;10;10
1386172427230;198;10;10
1386172427230;1266;10;10
1386172427230;571;10;10
1386172427230;792;10;10
1386172427230;688;10;10
1386172427230;641;10;10
1386172427230;84;10;10
1386172427230;256;10;10
1386172427230;605;10;10
1386172427230;189;10;10
1386172427230;54;10;10
1386172427230;1185;10;10
1386172427230;518;10;10
1386172427230;466;10;10
1386172427230;260;10;10
1386172427230;106;10;10
1386172427230;388;10;10
1386172427230;89;10;10
1386172427230;355;10;10
1386172427230;1153;10;10
1386172427230;390;10;10
1386172427230;924;10;10
1386172427230;956;10;10
1386172427230;346;10;10
1386172427230;989;10;10
1386172427230;845;10;10
1386172427230;1160;10;10
1386172427230;785;10;10
1386172427230;178;10;10
1386172427230;400;10;10
1386172427230;700;10;10
1386172427230;647;10;10
1386172427230;1270;10;10
1386172427230;1255;10;10
1386172427230;73;10;10
1386172427230;799;10;10
1386172427230;537;10;10
1386172427230;976;10;10
1386172427230;775;10;10
1386172427230;679;10;10
1386172427230;997;10;10
1386172427230;29;10;10
1386172427230;491;10;10
1386172427230;66;10;10
1386172427230;1100;10;10
1386172427230;1042;10;10
1386172427230;1161;10;10
1386172427230;412;10;10
1386172427230;1043;10;10
1386172427230;174;10;10
1386172427230;88;10;10
1386172427230;1103;10;10
1386172427230;1212;10;10
1386172427230;795;10;10
1386172427230;744;10;10
1386172427230;232;10;10
1386172427230;756;10;10
1386172427230;1233;10;10
1386172427230;1267;10;10
1386172427230;687;10;10
1386172427230;387;10;10
1386172427230;1271;10;10
1386172427230;1218;10;10
1386172427230;1197;10;10
1386172427230;1004;10;10
1386172427230;576;10;10
1386172427230;219;10;10
1386172427230;772;10;10
1386172427230;636;10;10
1386172427230;1152;10;10
1386172427230;873;10;10
1386172427230;1032;10;10
1386172427230;1023;10;10
1386172427230;874;10;10
1386172427230;247;10;10
1386172427230;117;10;10
1386172427230;1158;10;10
1386172427230;581;10;10
1386172427230;947;10;10
1386172427230;450;10;10
1386172427230;1029;10;10
1386172427230;1074;10;10
1386172427230;1277;10;10
1386172427230;972;10;10
1386172427230;199;10;10
1386172427230;396;10;10
1386172427230;1095;10;10
1386172427230;702;10;10
1386172427230;1236;10;10
1386172427230;986;10;0
1386172427230;459;10;10
1386172427230;558;10;10
1386172427230;1112;10;10
1386172427230;951;10;10
1386172427230;786;10;10
1386172427230;757;10;10
1386172427230;474;10;10
1386172427230;1137;10;10
1386172427230;906;10;10
1386172427230;222;10;10
1386172427230;784;10;10
1386172427230;1143;10;10
1386172427230;221;10;10
1386172427230;411;10;10
1386172427230;372;10;10
1386172427230;1088;10;10
1386172427230;578;10;10
1386172427230;671;10;10
1386172427230;349;10;10
1386172427230;1199;10;10
1386172427230;940;10;10
1386172427230;685;10;10
1386172427230;348;10;10
1386172427230;531;10;10
1386172427230;96;10;10
1386172427230;413;10;10
1386172427230;1033;10;10
1386172427230;447;10;10
1386172427230;1246;10;10
1386172427230;169;10;10
1386172427230;659;10;10
1386172427230;93;10;10
1386172427230;122;10;10
1386172427230;592;10;10
1386172427230;1149;10;10
1386172427230;938;10;10
1386172427230;561;10;10
1386172427230;879;10;10
1386172427230;1194;10;10
1386172427230;345;10;10
1386172427230;828;10;10
1386172427230;248;10;10
1386172427230;889;10;10
1386172427230;1049;10;0
1386172427230;1190;10;10
1386172427230;988;10;10
1386172427230;584;10;10
1386172427230;1026;10;10
1386172427230;1051;10;10
1386172427230;520;10;10
1386172427230;1181;10;10
1386172427230;468;10;10
1386172427230;608;10;10
1386172427230;107;10;10
1386172427230;638;10;10
1386172427230;233;10;10
1386172427230;463;10;10
1386172427230;954;10;10
1386172427230;1053;10;10
1386172427230;206;10;10
1386172427230;841;10;10
1386172427230;664;10;10
1386172427230;453;10;10
1386172427230;242;10;10
1386172427230;239;10;10
1386172427230;205;10;10
1386172427230;37;10;10
1386172427230;389;10;10
1386172427230;240;10;10
1386172427230;1187;10;10
1386172427230;1204;10;10
1386172427230;869;10;10
1386172427230;284;10;10
1386172427230;1058;10;10
1386172427230;634;10;10
1386172427230;1081;10;10
1386172427230;157;10;10
1386172427230;1006;10;10
1386172427230;853;10;10
1386172427230;1165;10;10
1386172427230;305;10;10
1386172427230;991;10;10
1386172427230;667;10;10
1386172427230;148;10;10
1386172427230;1002;10;10
1386172427230;371;10;10
1386172427230;378;10;10
1386172427230;557;10;10
1386172427230;324;10;10
1386172427230;1;10;10
1386172427230;230;10;10
1386172427230;1162;10;10
1386172427230;9;10;10
1386172427230;110;10;10
1386172427230;885;10;10
1386172427230;376;10;10
1386172427230;439;10;10
1386172427230;438;10;10
1386172427230;212;10;10
1386172427230;820;10;10
1386172427230;261;10;10
1386172427230;236;10;10
1386172427230;310;10;10
1386172427230;83;10;10
1386172427230;385;10;10
1386172427230;1142;10;10
1386172427230;1092;10;10
1386172427230;1147;10;10
1386172427230;587;10;10
1386172427230;207;10;10
1386172427230;595;10;10
1386172427230;705;10;10
1386172427230;461;10;10
1386172427230;204;10;10
1386172427230;977;10;10
1386172427230;632;10;10
1386172427230;280;10;10
1386172427230;803;10;10
1386172427230;406;10;10
1386172427230;409;10;10
1386172427230;263;10;10
1386172427230;143;10;10
1386172427230;725;10;10
1386172427230;794;10;10
1386172427230;704;10;10
1386172427230;69;10;10
1386172427230;821;10;10
1386172427230;1209;10;10
1386172427230;662;10;10
1386172427230;250;10;10
1386172427230;673;10;10
1386172427230;764;10;10
1386172427230;457;10;10
1386172427230;410;10;10
1386172427230;547;10;10
1386172427230;149;10;10
1386172427230;791;10;10
1386172427230;933;10;10
1386172427230;844;10;10
1386172427230;1186;10;10
1386172427230;1278;10;10
1386172427230;693;10;10
1386172427230;510;10;10
1386172427230;70;10;10
1386172427230;352;10;10
1386172427230;514;10;10
1386172427230;862;10;10
1386172427230;1068;10;10
1386172427230;703;10;10
1386172427230;94;10;10
1386172427230;67;10;10
1386172427230;34;10;10
1386172427230;640;10;10
1386172427230;339;10;10
1386172427230;846;10;10
1386172427230;370;10;10
1386172427230;928;10;10
1386172427230;633;10;10
1386172427230;138;10;10
1386172427230;241;10;10
1386172427230;497;10;10
1386172427230;210;10;10
1386172427230;737;10;0
1386172427230;269;10;10
1386172427230;1021;10;10
1386172427230;523;10;10
1386172427230;381;10;10
1386172427230;861;10;10
1386172427230;886;10;10
1386172427230;615;10;10
1386172427230;1001;10;10
1386172427230;423;10;10
1386172427230;765;10;10
1386172427230;805;10;10
1386172427230;489;10;10
1386172427230;167;10;10
1386172427230;1036;10;10
1386172427230;1251;10;10
1386172427230;781;10;10
1386172427230;575;10;10
1386172427230;1113;10;10
1386172427230;129;10;10
1386172427230;440;10;10
1386172427230;908;10;10
1386172427230;14;10;10
1386172427230;877;10;10
1386172427230;661;10;10
1386172427230;1229;10;10
1386172427230;953;10;10
1386172427230;858;10;10
1386172427230;568;10;10
1386172427230;164;10;10
1386172427230;631;10;10
1386172427230;910;10;10
1386172427230;981;10;10
1386172427230;529;10;10
1386172427230;746;10;10
1386172427230;344;10;10
1386172427230;374;10;10
1386172427230;832;10;10
1386172427230;1150;10;10
1386172427230;932;10;10
1386172427230;811;10;10
1386172427230;217;10;10
1386172427230;234;10;10
1386172427230;969;10;10
1386172427230;102;10;10
1386172427230;565;10;10
1386172427230;542;10;10
1386172427230;1282;10;10
1386172427230;17;10;10
1386172427230;533;10;10
1386172427230;244;10;0
1386172427230;297;10;10
1386172427230;59;10;10
1386172427230;907;10;10
1386172427230;1106;10;10
1386172427230;76;10;10
1386172427230;851;10;10
1386172427230;583;10;10
1386172427230;815;10;10
1386172427230;994;10;10
1386172427230;420;10;10
1386172427230;567;10;10
1386172427230;133;10;10
1386172427230;1037;10;10
1386172427230;452;10;10
1386172427230;935;10;10
1386172427230;749;10;10
1386172427230;116;10;10
1386172427230;245;10;10
1386172427230;834;10;10
1386172427230;597;10;10
1386172427230;176;10;10
1386172427230;779;10;10
1386172427230;460;10;10
1386172427230;729;10;10
1386172427230;360;10;10
1386172427230;543;10;10
1386172427230;750;10;10
1386172427230;224;10;10
1386172427230;1238;10;10
1386172427230;92;10;10
1386172427230;630;10;10
1386172427230;522;10;10
1386172427230;270;10;10
1386172427230;152;10;10
1386172427230;201;10;10
1386172427230;654;10;10
1386172427230;680;10;10
1386172427230;12;10;10
1386172427230;970;10;10
1386172427230;32;10;10
1386172427230;1262;10;10
1386172427230;1167;10;10
1386172427230;656;10;10
1386172427230;553;10;10
1386172427230;1102;10;10
1386172427230;1177;10;10
1386172427230;1272;10;10
1386172427230;436;10;10
1386172427230;612;10;10
1386172427230;904;10;10
1386172427230;50;10;10
1386172427230;763;10;10
1386172427230;1171;10;10
1386172427230;1203;10;10
1386172427230;913;10;10
1386172427230;637;10;10
1386172427230;770;10;10
1386172427230;959;10;10
1386172427230;614;10;10
1386172427230;660;10;10
1386172427230;125;10;10
1386172427230;1126;10;10
1386172427230;481;10;10
1386172427230;185;10;10
1386172427230;500;10;10
1386172427230;458;10;10
1386172427230;431;10;10
1386172427230;676;10;10
1386172427230;646;10;10
1386172427230;1030;10;10
1386172427230;200;10;10
1386172427230;793;10;10
1386172427230;331;10;10
1386172427230;944;10;10
1386172427230;1065;10;10
1386172427230;1174;10;10
1386172427230;961;10;10
1386172427230;273;10;10
1386172427230;524;10;10
1386172427230;1208;10;10
1386172427230;1111;10;10
1386172427230;506;10;10
1386172427230;63;10;10
1386172427230;507;10;10
1386172427230;161;10;10
1386172427230;1086;10;10
1386172427230;285;10;10
1386172427230;1127;10;10
1386172427230;428;10;10
1386172427230;903;10;10
1386172427230;556;10;10
1386172427230;255;10;10
1386172427230;1118;10;10
1386172427230;52;10;10
1386172427230;1130;10;10
1386172427230;706;10;10
1386172427230;1193;10;10
1386172427230;134;10;10
1386172427230;295;10;10
1386172427230;639;10;10
1386172427230;373;10;10
1386172427230;1012;10;10
1386172427230;852;10;10
1386172427230;911;10;10
1386172427230;368;10;10
1386172427230;1180;10;10
1386172427230;172;10;10
1386172427230;620;10;10
1386172427230;732;10;10
1386172427230;645;10;10
1386172427230;343;10;10
1386172427230;530;10;10
1386172427230;979;10;10
1386172427230;127;10;10
1386172427230;475;10;10
1386172427230;1268;10;10
1386172427230;1076;10;10
1386172427230;1230;10;10
1386172427230;223;10;10
1386172427230;809;10;10
1386172427230;698;10;10
1386172427230;419;10;10
1386172427230;173;10;10
1386172427230;965;10;10
1386172427230;601;10;10
1386172427230;266;10;10
1386172427230;798;10;10
1386172427230;740;10;10
1386172427230;119;10;10
1386172427230;1098;10;10
1386172427230;887;10;10
1386172427230;619;10;10
1386172427230;300;10;10
1386172427230;1025;10;10
1386172427230;666;10;10
1386172427230;777;10;10
1386172427230;796;10;10
1386172427230;18;10;10
1386172427230;490;10;10
1386172427230;867;10;10
1386172427230;1184;10;10
1386172427230;532;10;10
1386172427230;747;10;10
1386172427230;156;10;10
1386172427230;1038;10;10
1386172427230;653;10;10
1386172427230;1213;10;10
1386172427230;985;10;10
1386172427230;833;10;10
1386172427230;282;10;10
1386172427230;1059;10;10
1386172427230;465;10;10
1386172427230;727;10;10
1386172427230;823;10;10
1386172427230;527;10;10
1386172427230;945;10;10
1386172427230;541;10;10
1386172427230;718;10;10
1386172427230;25;10;10
1386172427230;303;10;10
1386172427230;1039;10;10
1386172427230;1045;10;10
1386172427230;494;10;10
1386172427230;1244;10;10
1386172427230;590;10;10
1386172427230;562;10;10
1386172427230;393;10;10
1386172427230;65;10;10
1386172427230;751;10;10
1386172427230;1014;10;10
1386172427230;591;10;10
1386172427230;1010;10;10
1386172427230;1016;10;10
1386172427230;175;10;10
1386172427230;540;10;10
1386172427230;895;10;10
1386172427230;1279;10;10
1386172427230;712;10;10
1386172427230;472;10;10
1386172427230;876;10;10
1386172427230;511;10;10
1386172427230;314;10;10
1386172427230;215;10;10
1386172427230;1109;10;10
1386172427230;249;10;10
1386172427230;525;10;10
1386172427230;554;10;10
1386172427230;672;10;10
1386172427230;195;10;10
1386172427230;926;10;10
1386172427230;1031;10;10
1386172427230;1018;10;10
1386172427230;787;10;10
1386172427230;1131;10;10
1386172427230;391;10;10
1386172427230;1108;10;10
1386172427230;1228;10;10
1386172427230;758;10;10
1386172427230;849;10;10
1386172427230;627;10;10
1386172427230;135;10;10
1386172427230;1099;10;10
1386172427230;1097;10;0
1386172427230;669;10;10
1386172427230;752;10;10
1386172427230;158;10;10
1386172427230;909;10;10
1386172427230;341;10;10
1386172427230;151;10;10
1386172427230;1117;10;10
1386172427230;56;10;10
1386172427230;847;10;10
1386172427230;780;10;10
1386172427230;290;10;10
1386172427230;884;10;10
1386172427230;91;10;10
1386172427230;753;10;10
1386172427230;337;10;10
1386172427230;535;10;10
1386172427230;1134;10;10
1386172427230;462;10;10
1386172427230;1235;10;10
1386172427230;294;10;10
1386172427230;382;10;10
1386172427230;1254;10;10
1386172427230;41;10;10
1386172427230;681;10;10
1386172427230;512;10;10
1386172427230;287;10;10
1386172427230;628;10;10
1386172427230;403;10;10
1386172427230;604;10;10
1386172427230;228;10;0
1386172427230;1274;10;10
1386172427230;1253;10;10
1386172427230;118;10;10
1386172427230;890;10;10
1386172427230;335;10;10
1386172427230;684;10;10
1386172427230;42;10;10
1386172427230;422;10;10
1386172427230;486;10;10
1386172427230;1216;10;10
1386172427230;268;10;10
1386172427230;101;10;10
1386172427230;20;10;10
1386172427230;1084;10;10
1386172427230;606;10;0
1386172427230;835;10;10
1386172427230;1064;10;10
1386172427230;1015;10;10
1386172427230;98;10;10
1386172427230;485;10;10
1386172427230;1198;10;10
1386172427230;1276;10;10
1386172427230;24;10;10
1386172427230;104;10;10
1386172427230;881;10;10
1386172427230;1047;10;10
1386172427230;1050;10;10
1386172427230;79;10;10
1386172427230;995;10;10
1386172427230;723;10;10
1386172427230;1211;10;10
1386172427230;11;10;10
1386172427230;329;10;10
1386172427230;434;10;10
1386172427230;573;10;10
1386172427230;312;10;10
1386172427230;899;10;10
1386172427230;836;10;10
1386172427230;432;10;10
1386172427230;878;10;10
1386172427230;274;10;10
1386172427230;492;10;10
1386172427230;1072;10;10
1386172427230;1168;10;10
1386172427230;202;10;10
1386172427230;1179;10;10
1386172427230;275;10;10
1386172427230;574;10;10
1386172427230;931;10;10
1386172427230;147;10;10
1386172427230;416;10;10
1386172427230;402;10;10
1386172427230;517;10;10
1386172427230;1060;10;10
1386172427230;442;10;10
1386172427230;773;10;10
1386172427230;896;10;10
1386172427230;211;10;10
1386172427230;220;10;10
1386172427230;49;10;10
1386172427230;362;10;10
1386172427230;582;10;10
1386172427230;917;10;10
1386172427230;1101;10;10
1386172427230;259;10;10
1386172427230;306;10;10
1386172427230;327;10;10
1386172427230;901;10;10
1386172427230;170;10;10
1386172427230;797;10;10
1386172427230;477;10;10
1386172427230;478;10;10
1386172427230;484;10;10
1386172427230;71;10;10
1386172427230;588;10;10
1386172427230;916;10;10
1386172427230;1192;10;10
1386172427230;166;10;10
1386172427230;711;10;10
1386172427230;1215;10;10
1386172427230;414;10;10
1386172427230;1281;10;10
1386172427230;1195;10;10
1386172427230;470;10;10
1386172427230;142;10;10
1386172427230;564;10;10
1386172427230;1245;10;10
1386172427230;952;10;10
1386172427230;621;10;10
1386172427230;286;10;0
1386172427230;1263;10;10
1386172427230;678;10;10
1386172427230;642;10;10
1386172427230;551;10;10
1386172427230;357;10;10
1386172427230;1089;10;10
1386172427230;760;10;10
1386172427230;1094;10;10
1386172427230;1155;10;10
1386172427230;513;10;10
1386172427230;427;10;10
1386172427230;594;10;10
1386172427230;528;10;10
1386172427230;745;10;10
1386172427230;356;10;10
1386172427230;311;10;10
1386172427230;855;10;10
1386172427230;86;10;10
1386172427230;857;10;10
1386172427230;663;10;10
1386172427230;267;10;10
1386172427230;980;10;10
1386172427230;68;10;10
1386172427230;806;10;10
1386172427230;1107;10;10
1386172427230;146;10;10
1386172427230;625;10;10
1386172427230;444;10;10
1386172427230;51;10;10
1386172427230;271;10;10
1386172427230;864;10;10
1386172427230;498;10;10
1386172427230;726;10;10
1386172427230;701;10;10
1386172427230;15;10;10
1386172427230;842;10;10
1386172427230;937;10;10
1386172427230;1027;10;10
1386172427230;923;10;10
1386172427230;62;10;10
1386172427230;493;10;10
1386172427230;435;10;10
1386172427230;1173;10;10
1386172427230;392;10;10
1386172427230;982;10;0
1386172427230;731;10;10
1386172427230;651;10;10
1386172427230;33;10;10
1386172427230;265;10;10
1386172427230;682;10;10
1386172427230;974;10;10
1386172427230;1061;10;10
1386172427230;19;10;10
1386172427230;810;10;10
1386172427230;320;10;10
1386172427230;109;10;10
1386172427230;1242;10;10
1386172427230;359;10;10
1386172427230;767;10;10
1386172427230;159;10;10
1386172427230;1091;10;10
1386172427230;153;10;10
1386172427230;141;10;10
1386172427230;1222;10;10
1386172427230;315;10;10
1386172427230;309;10;10
1386172427230;920;10;10
1386172427230;983;10;10
1386172427230;817;10;10
1386172427230;708;10;10
1386172427230;237;10;10
1386172427230;658;10;10
1386172427230;131;10;10
1386172427230;405;10;10
1386172427230;902;10;10
1386172427230;26;10;10
1386172427230;519;10;10
1386172427230;739;10;10
1386172427230;1239;10;10
1386172427230;1275;10;10
1386172427230;860;10;10
1386172427230;790;10;10
1386172427230;103;10;10
1386172427230;1249;10;10
1386172427230;1135;10;10
1386172427230;719;10;10
1386172427230;424;10;10
1386172427230;488;10;10
1386172427230;1157;10;10
1386172427230;579;10;10
1386172427230;496;10;10
1386172427230;1206;10;10
1386172427230;1240;10;10
1386172427230;108;10;10
1386172427230;827;10;10
1386172427230;1057;10;10
1386172427230;898;10;10
1386172427230;386;10;10
1386172427230;379;10;10
1386172427230;946;10;10
1386172427230;960;10;10
1386172427230;545;10;10
1386172427230;1183;10;10
1386172427230;830;10;10
1386172427230;1202;10;10
1386172427230;948;10;10
1386172427230;714;10;10
1386172427230;716;10;10
1386172427230;1129;10;10
1386172427230;238;10;10
1386172427230;665;10;10
1386172427230;1071;10;10
1386172427230;1200;10;10
1386172427230;407;10;10
1386172427230;859;10;10
1386172427230;580;10;10
1386172427230;1237;10;10
1386172427230;925;10;10
1386172427230;721;10;10
1386172427230;865;10;10
1386172427230;43;10;10
1386172427230;618;10;10
1386172427230;197;10;10
1386172427230;818;10;10
1386172427230;113;10;10
1386172427230;1048;10;10
1386172427230;1224;10;10
1386172427230;585;10;10
1386172427230;334;10;10
1386172427230;538;10;10
1386172427230;1205;10;10
1386172427230;593;10;10
1386172427230;1121;10;10
1386172427230;36;10;10
1386172427230;85;10;10
1386172427230;611;10;0
1386172427230;451;10;10
1386172427230;629;10;10
1386172427230;137;10;10
1386172427230;322;10;10
1386172427230;321;10;10
1386172427230;48;10;10
1386172427230;367;10;10
1386172427230;333;10;10
1386172427230;840;10;10
1386172427230;31;10;10
1386172427230;421;10;10
1386172427230;776;10;10
1386172427230;114;10;10
1386172427230;1080;10;10
1386172427230;495;10;0
1386172427230;251;10;10
1386172427230;1054;10;10
1386172427230;194;10;10
1386172427230;258;10;10
1386172427230;839;10;10
1386172427230;1077;10;10
1386172427230;724;10;10
1386172427230;1011;10;10
1386172427230;668;10;10
1386172427230;741;10;10
1386172427230;650;10;10
1386172427230;964;10;10
1386172427230;872;10;10
1386172427230;231;10;10
1386172427230;882;10;10
1386172427230;10;10;10
1386172427230;715;10;10
1386172427230;184;10;10
1386172427230;996;10;10
1386172427230;1221;10;10
1386172427230;534;10;10
1386172427230;560;10;10
1386172427230;644;10;10
1386172427230;473;10;10
1386172427230;837;10;10
1386172427230;445;10;10
1386172427230;1090;10;10
1386172427230;734;10;10
1386172427230;548;10;10
1386172427230;1220;10;10
1386172427230;291;10;10
1386172427230;1234;10;10
1386172427230;296;10;10
1386172427230;598;10;10
1386172427230;713;10;10
1386172427230;1264;10;10
1386172427230;1145;10;10
1386172427230;226;10;10
1386172427230;572;10;10
1386172427230;544;10;10
1386172427230;1124;10;10
1386172427230;1073;10;10
1386172427230;479;10;10
1386172427230;912;10;10
1386172427230;866;10;10
1386172427230;90;10;10
1386172427230;40;10;10
1386172427230;415;10;10
1386172427230;1248;10;10
1386172427230;897;10;10
1386172427230;448;10;10
1386172427230;246;10;10
1386172427230;483;10;10
1386172427230;963;10;10
1386172427230;831;10;10
1386172427230;536;10;10
1386172427230;692;10;10
1386172427230;689;10;10
1386172427230;999;10;10
1386172427230;395;10;10
1386172427230;505;10;10
1386172427230;307;10;10
1386172427230;399;10;10
1386172427230;743;10;10
1386172427230;971;10;10
1386172427230;521;10;10
1386172427230;707;10;10
1386172427230;1041;10;10
1386172427230;264;10;10
1386172427230;449;10;10
1386172427230;918;10;10
1386172427230;677;10;10
1386172427230;180;10;10
1386172427230;398;10;10
1386172427230;1062;10;10
1386172427230;1231;10;10
1386172427230;235;10;10
1386172427230;501;10;10
1386172427230;1013;10;10
1386172427230;39;10;10
1386172427230;807;10;10
1386172427230;1139;10;10
1386172427230;1159;10;10
1386172427230;957;10;10
1386172427230;978;10;10
1386172427230;722;10;10
1386172427230;1256;10;0
1386172427230;1257;10;10
1386172427230;868;10;10
1386172427230;1079;10;10
1386172427230;854;10;10
1386172427230;617;10;10
1386172427230;600;10;10
1386172427230;962;10;10
1386172427230;883;10;10
1386172427230;150;10;10
1386172427230;380;10;10
1386172427230;801;10;10
1386172427230;1219;10;10
1386172427230;1055;10;10
1386172427230;437;10;10
1386172427230;1259;10;10
1386172427230;691;10;10
1386172427230;555;10;10
1386172427230;1056;10;10
1386172427230;670;10;10
1386172427230;1082;10;10
1386172427230;417;10;10
1386172427230;984;10;10
1386172427230;1164;10;10
1386172427230;652;10;10
1386172427230;53;10;10
1386172427230;188;10;10
1386172427230;1169;10;10
1386172427230;1261;10;10
1386172427230;720;10;10
1386172427230;824;10;10
1386172427230;649;10;10
1386172427230;771;10;10
1386172427230;46;10;10
1386172427230;566;10;10
1386172427230;30;10;10
1386172427230;112;10;10
1386172427230;471;10;10
1386172427230;328;10;10
1386172427230;95;10;10
1386172427230;325;10;10
1386172427230;870;10;10
1386172427230;1138;10;10
1386172427230;848;10;10
1386172427230;1034;10;10
1386172427230;1223;10;10
1386172427230;1003;10;10
1386172427230;418;10;10
1386172427230;100;10;10
1386172427230;1085;10;10
1386172427230;992;10;10
1386172427230;487;10;10
1386172427230;1052;10;10
1386172427230;622;10;10
1386172427230;1258;10;10
1386172427230;891;10;10
1386172427230;3;10;10
1386172427230;871;10;10
1386172427230;455;10;10
1386172427230;182;10;10
1386172427230;1172;10;10
1386172427230;35;10;10
1386172427230;950;10;10
1386172427230;499;10;10
1386172427230;822;10;10
1386172427230;130;10;10
1386172427230;655;10;10
1386172427230;919;10;10
1386172427230;546;10;10
1386172427230;2;10;10
1386172427230;905;10;10
1386172427230;1170;10;10
1386172427230;208;10;10
1386172427230;921;10;10
1386172427230;177;10;10
1386172427230;278;10;10
1386172427230;227;10;10
1386172427230;1154;10;10
1386172427230;1046;10;10
1386172427230;193;10;10
1386172427230;1175;10;10
1386172427230;347;10;10
1386172427230;788;10;10
1386172427230;340;10;10
1386172427230;1008;10;10
1386172427230;1232;10;10
1386172427230;941;10;10
1386172427230;1176;10;10
1386172427230;276;10;10
1386172427230;930;10;10
1386172427230;1227;10;10
1386172427230;1214;10;10
1386172427230;922;10;10
1386172427230;1146;10;10
1386172427230;292;10;10
1386172427230;377;10;10
1386172427230;502;10;10
1386172427230;77;10;10
1386172427230;1066;10;10
1386172427230;975;10;10
1386172427230;768;10;10
1386172427230;1070;10;10
1386172427230;966;10;10
1386172427230;1133;10;10
1386172427230;8;10;10
1386172427230;783;10;10
1386172427230;443;10;10
1386172427230;699;10;10
1386172427230;766;10;10
1386172427230;973;10;10
1386172427230;160;10;10
1386172427230;383;10;10
1386172427230;252;10;10
1386172427230;326;10;10
1386172427230;1225;10;10
1386172427230;552;10;10
1386172427230;316;10;10
1386172427230;936;10;10
1386172427230;755;10;10
1386172427230;735;10;10
1386172427230;38;10;10
1386172427230;998;10;10
1386172427230;13;10;10
1386172427230;283;10;10
1386172427230;277;10;10
1386172427230;369;10;10
1386172427230;624;10;10
1386172427230;350;10;10
1386172427230;1241;10;10
1386172427230;1104;10;10
1386172427230;762;10;10
1386172427230;599;10;10
1386172427230;900;10;10
1386172427230;433;10;10
1386172427230;1096;10;10
1386172427230;124;10;10
1386172427230;1269;10;10
1386172427230;813;10;10
1386172427230;121;10;10
1386172427230;1040;10;10
1386172427230;1144;10;10
1386172427230;57;10;10
1386172427230;769;10;10
1386172427230;7;10;10
1386172427230;58;10;10
1386172427230;774;10;10
1386172427230;1196;10;10
1386172427230;301;10;10
1386172427230;563;10;10
1386172427230;503;10;10
1386172427230;78;10;10
1386172427230;187;10;10
1386172427230;426;10;10
1386172427230;16;10;10
1386172427230;1132;10;10
1386172427230;802;10;10
1386172427230;550;10;10
1386172427230;254;10;10
1386172427230;733;10;10
1386172427230;145;10;10
1386172427230;361;10;10
1386172427230;819;10;10
1386172427230;1189;10;10
1386172427230;657;10;10
1386172427230;1243;10;10
1386172427230;120;10;10
1386172427230;1069;10;10
1386172427230;1116;10;10
1386172427230;162;10;10
1386172427230;1265;10;10
1386172427230;782;10;10
1386172427230;789;10;10
1386172427230;467;10;10
1386172427230;132;10;10
1386172427230;213;10;10
1386172427230;990;10;10
1386172427230;516;10;10
1386172427230;401;10;10
1386172427230;464;10;10
1386172427230;279;10;10
1386172427230;272;10;10
1386172427230;1044;10;10
1386172427230;1247;10;10
1386172427230;319;10;10
1386172427230;1140;10;10
1386172427230;504;10;10
1386172427230;1063;10;10
1386172427230;299;10;10
1386172427230;1163;10;10
1386172427230;289;10;10
1386172427230;1128;10;10
1386172427230;710;10;10
1386172427230;21;10;10
1386172427230;850;10;10
1386172427230;1141;10;10
1386172427230;863;10;10
1386172427230;968;10;10
1386172427230;683;10;10
1386172427230;126;10;10
1386172427230;814;10;10
1386172427230;74;10;10
1386172427230;243;10;10
1386172427230;105;10;10
1386172427230;1182;10;10
1386172427230;318;10;10
1386172427230;929;10;10
1386172427230;730;10;10
1386172427230;365;10;10
1386172427230;253;10;10
1386172427230;55;10;10
1386172427230;214;10;10
1386172427230;526;10;10
1386172427230;298;10;10
1386172427230;894;10;10
1386172427230;288;10;10
1386172427230;154;10;10
1386172427230;1078;10;10
1386172427230;186;10;10
1386172427230;808;10;10
1386172427230;1083;10;10
1386172427230;482;10;10
1386172427230;695;10;10
1386172427230;5;10;10
1386172427230;738;10;10
1386172427230;915;10;10
1386172427230;332;10;10
1386172427230;914;10;10
1386172427230;155;10;10
1386172427230;1260;10;10
1386172427230;22;10;10
1386172427230;1009;10;0
1386172427230;45;10;10
1386172427230;1273;10;10
1386172427230;892;10;10
1386172427230;115;10;10
1386172427230;281;10;10
1386172427230;717;10;10
1386172427230;1110;10;10
1386172427230;429;10;10
1386172427230;509;10;10
1386172427230;441;10;10
1386172427230;191;10;10
1386172427230;800;10;10
1386172427230;181;10;10
1386172427230;168;10;10
1386172427230;351;10;10
1386172427230;697;10;10
1386172427230;304;10;10
1386172427230;586;10;10
1386172427230;293;10;10
1386172427230;1210;10;10
1386172427230;1156;10;10
1386172427230;61;10;10
1386172427230;23;10;10
1386172427230;323;10;10
1386172427230;603;10;10
1386172427230;1217;10;10
1386172427230;812;10;10
1386172427230;425;10;10
1386172427230;480;10;10
1386172427230;394;10;10
1386172427230;623;10;10
1386172427230;1148;10;10
1386172427230;364;10;10
1386172427230;1178;10;10
1386172427230;993;10;10
1386172427230;893;10;10
1386172427230;262;10;10
1386172427230;888;10;10
1386172427230;690;10;10
1386172427230;1201;10;10
1386172427230;694;10;10
1386172427230;1123;10;10
1386172427230;643;10;10
1386172427230;1020;10;10
1386172427230;955;10;10
1386172427230;1007;10;10
1386172427230;225;10;10
1386172427230;674;10;10
1386172427230;569;10;10
1386172427230;111;10;10
1386172427230;139;10;10
1386172427230;607;10;10
1386172427230;342;10;10
1386172427230;613;10;10
1386172427230;476;10;10
1386172427230;1226;10;10
modelid;route_id;number_of_repetitions;number_of_successful_routes
1386257163632;1015;10;10
1386257163632;88;10;10
1386257163632;214;10;10
1386257163632;47;10;10
1386257163632;1188;10;10
1386257163632;1085;10;10
1386257163632;675;10;10
1386257163632;843;10;10
1386257163632;882;10;10
1386257163632;870;10;10
1386257163632;578;10;10
1386257163632;587;10;10
1386257163632;288;10;10
1386257163632;158;10;10
1386257163632;884;10;10
1386257163632;1121;10;10
1386257163632;309;10;10
1386257163632;61;10;10
1386257163632;1095;10;10
1386257163632;1073;10;10
1386257163632;1226;10;10
1386257163632;737;10;0
1386257163632;1046;10;10
1386257163632;1143;10;10
1386257163632;349;10;10
1386257163632;612;10;10
1386257163632;673;10;10
1386257163632;1064;10;10
1386257163632;848;10;10
1386257163632;894;10;10
1386257163632;897;10;10
1386257163632;315;10;10
1386257163632;561;10;10
1386257163632;1025;10;10
1386257163632;509;10;10
1386257163632;481;10;10
1386257163632;86;10;10
1386257163632;1186;10;10
1386257163632;930;10;10
1386257163632;183;10;10
1386257163632;393;10;10
1386257163632;496;10;10
1386257163632;748;10;10
1386257163632;627;10;10
1386257163632;170;10;10
1386257163632;1082;10;10
1386257163632;1235;10;10
1386257163632;888;10;10
1386257163632;817;10;10
1386257163632;476;10;10
1386257163632;703;10;10
1386257163632;789;10;10
1386257163632;292;10;10
1386257163632;118;10;10
1386257163632;938;10;10
1386257163632;1155;10;10
1386257163632;242;10;10
1386257163632;1204;10;10
1386257163632;798;10;10
1386257163632;443;10;10
1386257163632;664;10;10
1386257163632;266;10;10
1386257163632;735;10;10
1386257163632;1070;10;10
1386257163632;622;10;10
1386257163632;863;10;10
1386257163632;1161;10;10
1386257163632;475;10;10
1386257163632;250;10;10
1386257163632;1257;10;10
1386257163632;157;10;10
1386257163632;1;10;10
1386257163632;1221;10;10
1386257163632;366;10;10
1386257163632;80;10;10
1386257163632;121;10;10
1386257163632;686;10;10
1386257163632;785;10;10
1386257163632;403;10;10
1386257163632;1049;10;0
1386257163632;521;10;10
1386257163632;971;10;10
1386257163632;193;10;10
1386257163632;593;10;10
1386257163632;791;10;10
1386257163632;466;10;10
1386257163632;337;10;10
1386257163632;866;10;10
1386257163632;1098;10;10
1386257163632;392;10;10
1386257163632;263;10;10
1386257163632;271;10;10
1386257163632;636;10;10
1386257163632;1039;10;10
1386257163632;76;10;10
1386257163632;428;10;10
1386257163632;852;10;10
1386257163632;906;10;10
1386257163632;1077;10;10
1386257163632;566;10;10
1386257163632;164;10;10
1386257163632;145;10;10
1386257163632;270;10;10
1386257163632;1003;10;10
1386257163632;718;10;10
1386257163632;234;10;10
1386257163632;35;10;10
1386257163632;122;10;10
1386257163632;134;10;10
1386257163632;1259;10;10
1386257163632;371;10;10
1386257163632;20;10;10
1386257163632;191;10;10
1386257163632;82;10;10
1386257163632;358;10;10
1386257163632;1009;10;0
1386257163632;764;10;10
1386257163632;1205;10;10
1386257163632;1130;10;10
1386257163632;699;10;10
1386257163632;867;10;10
1386257163632;674;10;10
1386257163632;812;10;10
1386257163632;984;10;10
1386257163632;1027;10;10
1386257163632;807;10;10
1386257163632;557;10;10
1386257163632;765;10;10
1386257163632;959;10;10
1386257163632;560;10;10
1386257163632;437;10;10
1386257163632;176;10;10
1386257163632;954;10;10
1386257163632;993;10;10
1386257163632;581;10;10
1386257163632;1190;10;10
1386257163632;155;10;10
1386257163632;694;10;10
1386257163632;345;10;10
1386257163632;7;10;10
1386257163632;77;10;10
1386257163632;515;10;10
1386257163632;268;10;10
1386257163632;1005;10;10
1386257163632;573;10;10
1386257163632;857;10;10
1386257163632;60;10;10
1386257163632;253;10;10
1386257163632;1013;10;10
1386257163632;976;10;10
1386257163632;159;10;10
1386257163632;21;10;10
1386257163632;1160;10;10
1386257163632;112;10;10
1386257163632;801;10;10
1386257163632;885;10;10
1386257163632;761;10;10
1386257163632;56;10;10
1386257163632;400;10;10
1386257163632;168;10;10
1386257163632;978;10;10
1386257163632;868;10;10
1386257163632;1171;10;10
1386257163632;396;10;10
1386257163632;167;10;10
1386257163632;947;10;10
1386257163632;951;10;10
1386257163632;228;10;0
1386257163632;2;10;10
1386257163632;124;10;10
1386257163632;1200;10;10
1386257163632;610;10;10
1386257163632;859;10;10
1386257163632;638;10;10
1386257163632;450;10;10
1386257163632;1000;10;10
1386257163632;278;10;10
1386257163632;218;10;10
1386257163632;331;10;10
1386257163632;423;10;10
1386257163632;746;10;10
1386257163632;649;10;10
1386257163632;224;10;10
1386257163632;187;10;10
1386257163632;239;10;10
1386257163632;488;10;10
1386257163632;580;10;10
1386257163632;665;10;10
1386257163632;652;10;10
1386257163632;666;10;10
1386257163632;1042;10;10
1386257163632;1134;10;10
1386257163632;989;10;10
1386257163632;126;10;10
1386257163632;716;10;10
1386257163632;693;10;10
1386257163632;1173;10;10
1386257163632;656;10;10
1386257163632;1083;10;10
1386257163632;804;10;10
1386257163632;128;10;10
1386257163632;902;10;10
1386257163632;731;10;10
1386257163632;871;10;10
1386257163632;424;10;10
1386257163632;1050;10;10
1386257163632;479;10;10
1386257163632;569;10;10
1386257163632;508;10;10
1386257163632;385;10;10
1386257163632;209;10;10
1386257163632;410;10;10
1386257163632;13;10;10
1386257163632;311;10;10
1386257163632;546;10;10
1386257163632;351;10;10
1386257163632;208;10;10
1386257163632;550;10;10
1386257163632;1100;10;10
1386257163632;1246;10;10
1386257163632;946;10;10
1386257163632;213;10;10
1386257163632;1060;10;10
1386257163632;767;10;10
1386257163632;692;10;10
1386257163632;372;10;10
1386257163632;402;10;10
1386257163632;347;10;10
1386257163632;588;10;10
1386257163632;995;10;10
1386257163632;45;10;10
1386257163632;492;10;10
1386257163632;677;10;10
1386257163632;205;10;10
1386257163632;387;10;10
1386257163632;120;10;10
1386257163632;518;10;10
1386257163632;905;10;10
1386257163632;493;10;10
1386257163632;139;10;10
1386257163632;484;10;10
1386257163632;161;10;10
1386257163632;914;10;10
1386257163632;1032;10;10
1386257163632;535;10;10
1386257163632;220;10;10
1386257163632;934;10;10
1386257163632;1254;10;10
1386257163632;91;10;10
1386257163632;1207;10;10
1386257163632;458;10;10
1386257163632;407;10;10
1386257163632;65;10;10
1386257163632;1128;10;10
1386257163632;422;10;10
1386257163632;657;10;10
1386257163632;426;10;10
1386257163632;201;10;10
1386257163632;604;10;10
1386257163632;504;10;10
1386257163632;1151;10;10
1386257163632;1183;10;10
1386257163632;389;10;10
1386257163632;216;10;10
1386257163632;272;10;10
1386257163632;299;10;10
1386257163632;405;10;10
1386257163632;747;10;10
1386257163632;630;10;10
1386257163632;779;10;10
1386257163632;146;10;10
1386257163632;404;10;10
1386257163632;536;10;10
1386257163632;635;10;10
1386257163632;796;10;10
1386257163632;262;10;10
1386257163632;211;10;10
1386257163632;328;10;10
1386257163632;696;10;10
1386257163632;846;10;10
1386257163632;395;10;10
1386257163632;549;10;10
1386257163632;406;10;10
1386257163632;858;10;10
1386257163632;178;10;10
1386257163632;249;10;10
1386257163632;772;10;10
1386257163632;1255;10;10
1386257163632;642;10;10
1386257163632;768;10;10
1386257163632;836;10;10
1386257163632;771;10;10
1386257163632;1153;10;10
1386257163632;531;10;10
1386257163632;734;10;10
1386257163632;808;10;10
1386257163632;770;10;10
1386257163632;956;10;10
1386257163632;1178;10;10
1386257163632;142;10;10
1386257163632;110;10;10
1386257163632;814;10;10
1386257163632;116;10;10
1386257163632;831;10;10
1386257163632;853;10;10
1386257163632;324;10;10
1386257163632;1271;10;10
1386257163632;1126;10;10
1386257163632;878;10;10
1386257163632;512;10;10
1386257163632;714;10;10
1386257163632;1108;10;10
1386257163632;862;10;10
1386257163632;32;10;10
1386257163632;655;10;10
1386257163632;1065;10;10
1386257163632;1017;10;10
1386257163632;1144;10;10
1386257163632;1231;10;10
1386257163632;730;10;10
1386257163632;417;10;10
1386257163632;592;10;10
1386257163632;38;10;10
1386257163632;31;10;10
1386257163632;887;10;10
1386257163632;431;10;10
1386257163632;706;10;10
1386257163632;1135;10;10
1386257163632;355;10;10
1386257163632;1215;10;10
1386257163632;1248;10;10
1386257163632;1080;10;10
1386257163632;232;10;10
1386257163632;446;10;10
1386257163632;189;10;10
1386257163632;312;10;10
1386257163632;473;10;10
1386257163632;844;10;10
1386257163632;614;10;10
1386257163632;918;10;10
1386257163632;335;10;10
1386257163632;96;10;10
1386257163632;962;10;10
1386257163632;1110;10;10
1386257163632;442;10;10
1386257163632;1092;10;10
1386257163632;394;10;10
1386257163632;695;10;10
1386257163632;957;10;10
1386257163632;921;10;10
1386257163632;471;10;10
1386257163632;413;10;10
1386257163632;865;10;10
1386257163632;441;10;10
1386257163632;707;10;10
1386257163632;516;10;10
1386257163632;204;10;10
1386257163632;697;10;10
1386257163632;700;10;10
1386257163632;1227;10;10
1386257163632;378;10;10
1386257163632;1252;10;10
1386257163632;1052;10;10
1386257163632;304;10;10
1386257163632;348;10;10
1386257163632;34;10;10
1386257163632;1091;10;10
1386257163632;380;10;10
1386257163632;835;10;10
1386257163632;135;10;10
1386257163632;1036;10;10
1386257163632;1209;10;10
1386257163632;800;10;10
1386257163632;811;10;10
1386257163632;784;10;10
1386257163632;1087;10;10
1386257163632;702;10;10
1386257163632;16;10;10
1386257163632;1177;10;10
1386257163632;486;10;10
1386257163632;352;10;10
1386257163632;780;10;10
1386257163632;949;10;10
1386257163632;916;10;10
1386257163632;874;10;10
1386257163632;936;10;10
1386257163632;353;10;10
1386257163632;1250;10;10
1386257163632;895;10;10
1386257163632;1181;10;10
1386257163632;1014;10;10
1386257163632;72;10;10
1386257163632;162;10;10
1386257163632;365;10;10
1386257163632;303;10;10
1386257163632;1088;10;10
1386257163632;1018;10;10
1386257163632;1217;10;10
1386257163632;354;10;10
1386257163632;456;10;10
1386257163632;227;10;10
1386257163632;73;10;10
1386257163632;1029;10;10
1386257163632;182;10;10
1386257163632;1089;10;10
1386257163632;920;10;10
1386257163632;119;10;10
1386257163632;68;10;10
1386257163632;1057;10;10
1386257163632;501;10;10
1386257163632;513;10;10
1386257163632;600;10;10
1386257163632;1116;10;10
1386257163632;163;10;10
1386257163632;1196;10;10
1386257163632;1194;10;10
1386257163632;975;10;10
1386257163632;873;10;10
1386257163632;52;10;10
1386257163632;827;10;10
1386257163632;965;10;10
1386257163632;360;10;10
1386257163632;620;10;10
1386257163632;752;10;10
1386257163632;27;10;10
1386257163632;206;10;10
1386257163632;986;10;0
1386257163632;552;10;10
1386257163632;114;10;10
1386257163632;438;10;10
1386257163632;1040;10;10
1386257163632;1037;10;10
1386257163632;683;10;10
1386257163632;71;10;10
1386257163632;704;10;10
1386257163632;564;10;10
1386257163632;1010;10;10
1386257163632;409;10;10
1386257163632;510;10;10
1386257163632;1058;10;10
1386257163632;1148;10;10
1386257163632;460;10;10
1386257163632;1184;10;10
1386257163632;105;10;10
1386257163632;534;10;10
1386257163632;1047;10;10
1386257163632;506;10;10
1386257163632;1021;10;10
1386257163632;1270;10;10
1386257163632;1258;10;10
1386257163632;1267;10;10
1386257163632;783;10;10
1386257163632;418;10;10
1386257163632;879;10;10
1386257163632;1179;10;10
1386257163632;1048;10;10
1386257163632;136;10;10
1386257163632;972;10;10
1386257163632;559;10;10
1386257163632;849;10;10
1386257163632;356;10;10
1386257163632;928;10;10
1386257163632;526;10;10
1386257163632;826;10;10
1386257163632;200;10;10
1386257163632;900;10;10
1386257163632;886;10;10
1386257163632;672;10;10
1386257163632;90;10;10
1386257163632;9;10;10
1386257163632;629;10;10
1386257163632;143;10;10
1386257163632;85;10;10
1386257163632;230;10;10
1386257163632;845;10;10
1386257163632;782;10;10
1386257163632;1251;10;10
1386257163632;84;10;10
1386257163632;616;10;10
1386257163632;913;10;10
1386257163632;691;10;10
1386257163632;329;10;10
1386257163632;940;10;10
1386257163632;1198;10;10
1386257163632;111;10;10
1386257163632;350;10;10
1386257163632;676;10;10
1386257163632;1156;10;10
1386257163632;950;10;10
1386257163632;340;10;10
1386257163632;1107;10;10
1386257163632;810;10;10
1386257163632;1219;10;10
1386257163632;1054;10;10
1386257163632;1115;10;10
1386257163632;585;10;10
1386257163632;1145;10;10
1386257163632;1158;10;10
1386257163632;171;10;10
1386257163632;898;10;10
1386257163632;981;10;10
1386257163632;698;10;10
1386257163632;123;10;10
1386257163632;618;10;10
1386257163632;524;10;10
1386257163632;306;10;10
1386257163632;307;10;10
1386257163632;567;10;10
1386257163632;1167;10;10
1386257163632;1165;10;10
1386257163632;1137;10;10
1386257163632;860;10;10
1386257163632;1038;10;10
1386257163632;819;10;10
1386257163632;344;10;10
1386257163632;1168;10;10
1386257163632;773;10;10
1386257163632;29;10;10
1386257163632;1041;10;10
1386257163632;1222;10;10
1386257163632;685;10;10
1386257163632;1162;10;10
1386257163632;682;10;10
1386257163632;283;10;10
1386257163632;449;10;10
1386257163632;130;10;10
1386257163632;917;10;10
1386257163632;1220;10;10
1386257163632;156;10;10
1386257163632;125;10;10
1386257163632;645;10;10
1386257163632;977;10;10
1386257163632;1112;10;10
1386257163632;899;10;10
1386257163632;382;10;10
1386257163632;1114;10;10
1386257163632;435;10;10
1386257163632;705;10;10
1386257163632;924;10;10
1386257163632;1055;10;10
1386257163632;987;10;10
1386257163632;1119;10;10
1386257163632;63;10;10
1386257163632;219;10;10
1386257163632;575;10;10
1386257163632;319;10;10
1386257163632;911;10;10
1386257163632;1122;10;10
1386257163632;864;10;10
1386257163632;197;10;10
1386257163632;33;10;10
1386257163632;774;10;10
1386257163632;448;10;10
1386257163632;551;10;10
1386257163632;813;10;10
1386257163632;912;10;10
1386257163632;809;10;10
1386257163632;932;10;10
1386257163632;1260;10;10
1386257163632;1140;10;10
1386257163632;454;10;10
1386257163632;28;10;10
1386257163632;477;10;10
1386257163632;840;10;10
1386257163632;726;10;10
1386257163632;979;10;10
1386257163632;1264;10;10
1386257163632;632;10;10
1386257163632;298;10;10
1386257163632;173;10;10
1386257163632;241;10;10
1386257163632;226;10;10
1386257163632;62;10;10
1386257163632;152;10;10
1386257163632;687;10;10
1386257163632;1159;10;10
1386257163632;795;10;10
1386257163632;1256;10;0
1386257163632;880;10;10
1386257163632;597;10;10
1386257163632;106;10;10
1386257163632;57;10;10
1386257163632;363;10;10
1386257163632;53;10;10
1386257163632;48;10;10
1386257163632;421;10;10
1386257163632;523;10;10
1386257163632;594;10;10
1386257163632;273;10;10
1386257163632;528;10;10
1386257163632;586;10;10
1386257163632;291;10;10
1386257163632;1103;10;10
1386257163632;333;10;10
1386257163632;1001;10;10
1386257163632;25;10;10
1386257163632;769;10;10
1386257163632;265;10;10
1386257163632;444;10;10
1386257163632;1203;10;10
1386257163632;802;10;10
1386257163632;480;10;10
1386257163632;679;10;10
1386257163632;1262;10;10
1386257163632;749;10;10
1386257163632;1232;10;10
1386257163632;1239;10;10
1386257163632;14;10;10
1386257163632;1139;10;10
1386257163632;138;10;10
1386257163632;229;10;10
1386257163632;264;10;10
1386257163632;1084;10;10
1386257163632;267;10;10
1386257163632;668;10;10
1386257163632;658;10;10
1386257163632;820;10;10
1386257163632;669;10;10
1386257163632;368;10;10
1386257163632;1030;10;10
1386257163632;955;10;10
1386257163632;724;10;10
1386257163632;793;10;10
1386257163632;659;10;10
1386257163632;457;10;10
1386257163632;284;10;10
1386257163632;470;10;10
1386257163632;542;10;10
1386257163632;942;10;10
1386257163632;611;10;0
1386257163632;472;10;10
1386257163632;24;10;10
1386257163632;805;10;10
1386257163632;248;10;10
1386257163632;915;10;10
1386257163632;621;10;10
1386257163632;70;10;10
1386257163632;1272;10;10
1386257163632;1149;10;10
1386257163632;908;10;10
1386257163632;1043;10;10
1386257163632;1185;10;10
1386257163632;313;10;10
1386257163632;828;10;10
1386257163632;196;10;10
1386257163632;644;10;10
1386257163632;631;10;10
1386257163632;1170;10;10
1386257163632;577;10;10
1386257163632;1136;10;10
1386257163632;147;10;10
1386257163632;538;10;10
1386257163632;983;10;10
1386257163632;258;10;10
1386257163632;991;10;10
1386257163632;269;10;10
1386257163632;1211;10;10
1386257163632;969;10;10
1386257163632;818;10;10
1386257163632;452;10;10
1386257163632;803;10;10
1386257163632;1150;10;10
1386257163632;1071;10;10
1386257163632;1124;10;10
1386257163632;1111;10;10
1386257163632;1224;10;10
1386257163632;195;10;10
1386257163632;1131;10;10
1386257163632;261;10;10
1386257163632;359;10;10
1386257163632;362;10;10
1386257163632;755;10;10
1386257163632;688;10;10
1386257163632;591;10;10
1386257163632;256;10;10
1386257163632;1154;10;10
1386257163632;497;10;10
1386257163632;847;10;10
1386257163632;1223;10;10
1386257163632;613;10;10
1386257163632;453;10;10
1386257163632;117;10;10
1386257163632;883;10;10
1386257163632;990;10;10
1386257163632;308;10;10
1386257163632;433;10;10
1386257163632;1125;10;10
1386257163632;837;10;10
1386257163632;732;10;10
1386257163632;608;10;10
1386257163632;1059;10;10
1386257163632;757;10;10
1386257163632;904;10;10
1386257163632;375;10;10
1386257163632;461;10;10
1386257163632;639;10;10
1386257163632;286;10;0
1386257163632;1189;10;10
1386257163632;287;10;10
1386257163632;210;10;10
1386257163632;1242;10;10
1386257163632;1282;10;10
1386257163632;1265;10;10
1386257163632;1279;10;10
1386257163632;728;10;10
1386257163632;1102;10;10
1386257163632;1061;10;10
1386257163632;833;10;10
1386257163632;741;10;10
1386257163632;720;10;10
1386257163632;440;10;10
1386257163632;399;10;10
1386257163632;762;10;10
1386257163632;498;10;10
1386257163632;816;10;10
1386257163632;41;10;10
1386257163632;601;10;10
1386257163632;338;10;10
1386257163632;1253;10;10
1386257163632;314;10;10
1386257163632;1240;10;10
1386257163632;5;10;10
1386257163632;854;10;10
1386257163632;455;10;10
1386257163632;596;10;10
1386257163632;75;10;10
1386257163632;1236;10;10
1386257163632;235;10;10
1386257163632;98;10;10
1386257163632;411;10;10
1386257163632;391;10;10
1386257163632;1213;10;10
1386257163632;966;10;10
1386257163632;678;10;10
1386257163632;408;10;10
1386257163632;107;10;10
1386257163632;279;10;10
1386257163632;790;10;10
1386257163632;300;10;10
1386257163632;367;10;10
1386257163632;681;10;10
1386257163632;541;10;10
1386257163632;527;10;10
1386257163632;46;10;10
1386257163632;1141;10;10
1386257163632;420;10;10
1386257163632;425;10;10
1386257163632;760;10;10
1386257163632;1067;10;10
1386257163632;233;10;10
1386257163632;1243;10;10
1386257163632;738;10;10
1386257163632;386;10;10
1386257163632;113;10;10
1386257163632;842;10;10
1386257163632;463;10;10
1386257163632;376;10;10
1386257163632;1146;10;10
1386257163632;502;10;10
1386257163632;245;10;10
1386257163632;459;10;10
1386257163632;684;10;10
1386257163632;332;10;10
1386257163632;1218;10;10
1386257163632;572;10;10
1386257163632;1241;10;10
1386257163632;763;10;10
1386257163632;582;10;10
1386257163632;933;10;10
1386257163632;1118;10;10
1386257163632;490;10;10
1386257163632;462;10;10
1386257163632;973;10;10
1386257163632;19;10;10
1386257163632;1123;10;10
1386257163632;832;10;10
1386257163632;1261;10;10
1386257163632;87;10;10
1386257163632;99;10;10
1386257163632;607;10;10
1386257163632;179;10;10
1386257163632;1142;10;10
1386257163632;30;10;10
1386257163632;247;10;10
1386257163632;89;10;10
1386257163632;217;10;10
1386257163632;1105;10;10
1386257163632;787;10;10
1386257163632;132;10;10
1386257163632;1031;10;10
1386257163632;850;10;10
1386257163632;257;10;10
1386257163632;330;10;10
1386257163632;50;10;10
1386257163632;651;10;10
1386257163632;1180;10;10
1386257163632;83;10;10
1386257163632;327;10;10
1386257163632;553;10;10
1386257163632;717;10;10
1386257163632;1237;10;10
1386257163632;781;10;10
1386257163632;1004;10;10
1386257163632;1229;10;10
1386257163632;397;10;0
1386257163632;370;10;10
1386257163632;647;10;10
1386257163632;184;10;10
1386257163632;74;10;10
1386257163632;275;10;10
1386257163632;203;10;10
1386257163632;495;10;0
1386257163632;634;10;10
1386257163632;447;10;10
1386257163632;11;10;10
1386257163632;101;10;10
1386257163632;276;10;10
1386257163632;609;10;10
1386257163632;997;10;10
1386257163632;1072;10;10
1386257163632;517;10;10
1386257163632;186;10;10
1386257163632;357;10;10
1386257163632;150;10;10
1386257163632;754;10;10
1386257163632;1195;10;10
1386257163632;1230;10;10
1386257163632;297;10;10
1386257163632;310;10;10
1386257163632;54;10;10
1386257163632;154;10;10
1386257163632;301;10;10
1386257163632;786;10;10
1386257163632;733;10;10
1386257163632;1076;10;10
1386257163632;570;10;10
1386257163632;374;10;10
1386257163632;640;10;10
1386257163632;563;10;10
1386257163632;1212;10;10
1386257163632;489;10;10
1386257163632;69;10;10
1386257163632;1175;10;10
1386257163632;1023;10;10
1386257163632;430;10;10
1386257163632;281;10;10
1386257163632;919;10;10
1386257163632;1068;10;10
1386257163632;855;10;10
1386257163632;869;10;10
1386257163632;982;10;0
1386257163632;40;10;10
1386257163632;6;10;10
1386257163632;1069;10;10
1386257163632;841;10;10
1386257163632;305;10;10
1386257163632;890;10;10
1386257163632;59;10;10
1386257163632;822;10;10
1386257163632;633;10;10
1386257163632;274;10;10
1386257163632;223;10;10
1386257163632;282;10;10
1386257163632;927;10;10
1386257163632;277;10;10
1386257163632;1093;10;10
1386257163632;1026;10;10
1386257163632;174;10;10
1386257163632;58;10;10
1386257163632;589;10;10
1386257163632;1191;10;10
1386257163632;750;10;10
1386257163632;660;10;10
1386257163632;390;10;10
1386257163632;255;10;10
1386257163632;1019;10;10
1386257163632;500;10;10
1386257163632;42;10;10
1386257163632;1263;10;10
1386257163632;1006;10;10
1386257163632;317;10;10
1386257163632;1007;10;10
1386257163632;514;10;10
1386257163632;483;10;10
1386257163632;602;10;10
1386257163632;427;10;10
1386257163632;896;10;10
1386257163632;1138;10;10
1386257163632;1208;10;10
1386257163632;744;10;10
1386257163632;941;10;10
1386257163632;945;10;10
1386257163632;321;10;10
1386257163632;931;10;10
1386257163632;875;10;10
1386257163632;653;10;10
1386257163632;626;10;10
1386257163632;445;10;10
1386257163632;412;10;10
1386257163632;149;10;10
1386257163632;439;10;10
1386257163632;44;10;10
1386257163632;574;10;10
1386257163632;743;10;10
1386257163632;778;10;10
1386257163632;231;10;10
1386257163632;992;10;10
1386257163632;26;10;10
1386257163632;467;10;10
1386257163632;909;10;10
1386257163632;925;10;10
1386257163632;92;10;10
1386257163632;243;10;10
1386257163632;1245;10;10
1386257163632;522;10;10
1386257163632;49;10;10
1386257163632;133;10;10
1386257163632;1053;10;10
1386257163632;537;10;10
1386257163632;711;10;10
1386257163632;1277;10;10
1386257163632;177;10;10
1386257163632;369;10;10
1386257163632;465;10;10
1386257163632;144;10;10
1386257163632;1022;10;10
1386257163632;401;10;10
1386257163632;323;10;10
1386257163632;619;10;10
1386257163632;1051;10;10
1386257163632;872;10;10
1386257163632;727;10;10
1386257163632;964;10;10
1386257163632;643;10;10
1386257163632;131;10;10
1386257163632;1193;10;10
1386257163632;260;10;10
1386257163632;436;10;10
1386257163632;1247;10;10
1386257163632;1268;10;10
1386257163632;1008;10;10
1386257163632;1174;10;10
1386257163632;1169;10;10
1386257163632;1206;10;10
1386257163632;342;10;10
1386257163632;1233;10;10
1386257163632;876;10;10
1386257163632;23;10;10
1386257163632;384;10;10
1386257163632;554;10;10
1386257163632;999;10;10
1386257163632;776;10;10
1386257163632;742;10;10
1386257163632;103;10;10
1386257163632;519;10;10
1386257163632;1045;10;10
1386257163632;505;10;10
1386257163632;1081;10;10
1386257163632;12;10;10
1386257163632;606;10;0
1386257163632;994;10;10
1386257163632;745;10;10
1386257163632;753;10;10
1386257163632;1062;10;10
1386257163632;429;10;10
1386257163632;1129;10;10
1386257163632;751;10;10
1386257163632;1028;10;10
1386257163632;1192;10;10
1386257163632;199;10;10
1386257163632;650;10;10
1386257163632;777;10;10
1386257163632;960;10;10
1386257163632;715;10;10
1386257163632;141;10;10
1386257163632;615;10;10
1386257163632;320;10;10
1386257163632;1020;10;10
1386257163632;67;10;10
1386257163632;474;10;10
1386257163632;202;10;10
1386257163632;97;10;10
1386257163632;64;10;10
1386257163632;507;10;10
1386257163632;140;10;10
1386257163632;605;10;10
1386257163632;1078;10;10
1386257163632;1104;10;10
1386257163632;689;10;10
1386257163632;935;10;10
1386257163632;93;10;10
1386257163632;254;10;10
1386257163632;10;10;10
1386257163632;520;10;10
1386257163632;1214;10;10
1386257163632;478;10;10
1386257163632;207;10;10
1386257163632;294;10;10
1386257163632;710;10;10
1386257163632;316;10;10
1386257163632;877;10;10
1386257163632;129;10;10
1386257163632;558;10;10
1386257163632;336;10;10
1386257163632;482;10;10
1386257163632;1276;10;10
1386257163632;1269;10;10
1386257163632;725;10;10
1386257163632;799;10;10
1386257163632;856;10;10
1386257163632;1249;10;10
1386257163632;944;10;10
1386257163632;3;10;10
1386257163632;434;10;10
1386257163632;1238;10;10
1386257163632;1002;10;10
1386257163632;576;10;10
1386257163632;1187;10;10
1386257163632;198;10;10
1386257163632;115;10;10
1386257163632;95;10;10
1386257163632;1278;10;10
1386257163632;943;10;10
1386257163632;571;10;10
1386257163632;381;10;10
1386257163632;579;10;10
1386257163632;322;10;10
1386257163632;511;10;10
1386257163632;1106;10;10
1386257163632;78;10;10
1386257163632;491;10;10
1386257163632;1275;10;10
1386257163632;834;10;10
1386257163632;1133;10;10
1386257163632;181;10;10
1386257163632;194;10;10
1386257163632;165;10;10
1386257163632;1035;10;10
1386257163632;148;10;10
1386257163632;756;10;10
1386257163632;66;10;10
1386257163632;37;10;10
1386257163632;153;10;10
1386257163632;1280;10;10
1386257163632;1075;10;10
1386257163632;1056;10;10
1386257163632;503;10;10
1386257163632;661;10;10
1386257163632;293;10;10
1386257163632;414;10;10
1386257163632;341;10;10
1386257163632;967;10;10
1386257163632;680;10;10
1386257163632;388;10;10
1386257163632;980;10;10
1386257163632;923;10;10
1386257163632;996;10;10
1386257163632;373;10;10
1386257163632;244;10;0
1386257163632;533;10;10
1386257163632;1166;10;10
1386257163632;1225;10;10
1386257163632;221;10;10
1386257163632;237;10;10
1386257163632;1273;10;10
1386257163632;625;10;10
1386257163632;215;10;10
1386257163632;295;10;10
1386257163632;192;10;10
1386257163632;383;10;10
1386257163632;290;10;10
1386257163632;1201;10;10
1386257163632;1024;10;10
1386257163632;104;10;10
1386257163632;494;10;10
1386257163632;175;10;10
1386257163632;238;10;10
1386257163632;740;10;10
1386257163632;1063;10;10
1386257163632;1033;10;10
1386257163632;736;10;10
1386257163632;910;10;10
1386257163632;568;10;10
1386257163632;988;10;10
1386257163632;540;10;10
1386257163632;708;10;10
1386257163632;548;10;10
1386257163632;792;10;10
1386257163632;939;10;10
1386257163632;432;10;10
1386257163632;1281;10;10
1386257163632;719;10;10
1386257163632;729;10;10
1386257163632;893;10;10
1386257163632;1202;10;10
1386257163632;903;10;10
1386257163632;545;10;10
1386257163632;1210;10;10
1386257163632;169;10;10
1386257163632;43;10;10
1386257163632;922;10;10
1386257163632;1157;10;10
1386257163632;1074;10;10
1386257163632;953;10;10
1386257163632;364;10;10
1386257163632;929;10;10
1386257163632;1034;10;10
1386257163632;469;10;10
1386257163632;1094;10;10
1386257163632;485;10;10
1386257163632;296;10;10
1386257163632;998;10;10
1386257163632;595;10;10
1386257163632;823;10;10
1386257163632;1117;10;10
1386257163632;22;10;10
1386257163632;881;10;10
1386257163632;79;10;10
1386257163632;839;10;10
1386257163632;225;10;10
1386257163632;648;10;10
1386257163632;1197;10;10
1386257163632;1147;10;10
1386257163632;236;10;10
1386257163632;628;10;10
1386257163632;55;10;10
1386257163632;1099;10;10
1386257163632;1199;10;10
1386257163632;667;10;10
1386257163632;985;10;10
1386257163632;722;10;10
1386257163632;334;10;10
1386257163632;1066;10;10
1386257163632;861;10;10
1386257163632;109;10;10
1386257163632;1120;10;10
1386257163632;623;10;10
1386257163632;1127;10;10
1386257163632;662;10;10
1386257163632;1011;10;10
1386257163632;499;10;10
1386257163632;180;10;10
1386257163632;252;10;10
1386257163632;108;10;10
1386257163632;555;10;10
1386257163632;739;10;10
1386257163632;398;10;10
1386257163632;1079;10;10
1386257163632;222;10;10
1386257163632;624;10;10
1386257163632;1113;10;10
1386257163632;952;10;10
1386257163632;81;10;10
1386257163632;1109;10;10
1386257163632;543;10;10
1386257163632;346;10;10
1386257163632;670;10;10
1386257163632;701;10;10
1386257163632;4;10;10
1386257163632;1228;10;10
1386257163632;830;10;10
1386257163632;1244;10;10
1386257163632;1101;10;10
1386257163632;1234;10;10
1386257163632;1274;10;10
1386257163632;1216;10;10
1386257163632;487;10;10
1386257163632;821;10;10
1386257163632;544;10;10
1386257163632;937;10;10
1386257163632;361;10;10
1386257163632;974;10;10
1386257163632;1152;10;10
1386257163632;1090;10;10
1386257163632;102;10;10
1386257163632;1182;10;10
1386257163632;824;10;10
1386257163632;326;10;10
1386257163632;468;10;10
1386257163632;709;10;10
1386257163632;39;10;10
1386257163632;343;10;10
1386257163632;646;10;10
1386257163632;671;10;10
1386257163632;532;10;10
1386257163632;775;10;10
1386257163632;151;10;10
1386257163632;806;10;10
1386257163632;8;10;10
1386257163632;562;10;10
1386257163632;325;10;10
1386257163632;36;10;10
1386257163632;377;10;10
1386257163632;788;10;10
1386257163632;1096;10;10
1386257163632;1163;10;10
1386257163632;891;10;10
1386257163632;1097;10;0
1386257163632;926;10;10
1386257163632;1176;10;10
1386257163632;529;10;10
1386257163632;901;10;10
1386257163632;18;10;10
1386257163632;712;10;10
1386257163632;246;10;10
1386257163632;415;10;10
1386257163632;948;10;10
1386257163632;160;10;10
1386257163632;838;10;10
1386257163632;188;10;10
1386257163632;1172;10;10
1386257163632;907;10;10
1386257163632;584;10;10
1386257163632;525;10;10
1386257163632;280;10;10
1386257163632;617;10;10
1386257163632;797;10;10
1386257163632;100;10;10
1386257163632;212;10;10
1386257163632;690;10;10
1386257163632;464;10;10
1386257163632;137;10;10
1386257163632;598;10;10
1386257163632;302;10;10
1386257163632;583;10;10
1386257163632;565;10;10
1386257163632;556;10;10
1386257163632;963;10;10
1386257163632;451;10;10
1386257163632;1132;10;10
1386257163632;758;10;10
1386257163632;1016;10;10
1386257163632;172;10;10
1386257163632;794;10;10
1386257163632;721;10;10
1386257163632;1266;10;10
1386257163632;285;10;10
1386257163632;94;10;10
1386257163632;590;10;10
1386257163632;1044;10;10
1386257163632;958;10;10
1386257163632;968;10;10
1386257163632;766;10;10
1386257163632;259;10;10
1386257163632;547;10;10
1386257163632;641;10;10
1386257163632;663;10;10
1386257163632;825;10;10
1386257163632;339;10;10
1386257163632;251;10;10
1386257163632;185;10;10
1386257163632;892;10;10
1386257163632;240;10;10
1386257163632;815;10;10
1386257163632;127;10;10
1386257163632;961;10;10
1386257163632;603;10;10
1386257163632;190;10;10
1386257163632;289;10;10
1386257163632;851;10;10
1386257163632;530;10;10
1386257163632;723;10;10
1386257163632;15;10;10
1386257163632;637;10;10
1386257163632;318;10;10
1386257163632;599;10;10
1386257163632;889;10;10
1386257163632;17;10;10
1386257163632;539;10;10
1386257163632;759;10;10
1386257163632;713;10;10
1386257163632;970;10;10
1386257163632;654;10;10
1386257163632;419;10;10
1386257163632;379;10;10
1386257163632;1012;10;10
1386257163632;51;10;10
1386257163632;1164;10;10
1386257163632;1086;10;10
1386257163632;166;10;10
1386257163632;829;10;10
1386257163632;416;10;10
modelid;route_id;number_of_repetitions;number_of_successful_routes
1386258761692;1169;10;10
1386258761692;399;10;10
1386258761692;936;10;10
1386258761692;1194;10;10
1386258761692;372;10;10
1386258761692;672;10;10
1386258761692;966;10;10
1386258761692;1134;10;10
1386258761692;211;10;10
1386258761692;1255;10;10
1386258761692;1097;10;0
1386258761692;1082;10;10
1386258761692;1143;10;10
1386258761692;144;10;10
1386258761692;220;10;10
1386258761692;373;10;10
1386258761692;511;10;10
1386258761692;252;10;10
1386258761692;1043;10;10
1386258761692;1157;10;10
1386258761692;611;10;0
1386258761692;607;10;10
1386258761692;1167;10;10
1386258761692;835;10;10
1386258761692;1163;10;10
1386258761692;507;10;10
1386258761692;1147;10;10
1386258761692;143;10;10
1386258761692;276;10;10
1386258761692;1140;10;10
1386258761692;974;10;10
1386258761692;669;10;10
1386258761692;986;10;0
1386258761692;661;10;10
1386258761692;906;10;10
1386258761692;62;10;10
1386258761692;753;10;10
1386258761692;1244;10;10
1386258761692;846;10;10
1386258761692;285;10;10
1386258761692;599;10;10
1386258761692;358;10;10
1386258761692;128;10;10
1386258761692;267;10;10
1386258761692;1102;10;10
1386258761692;755;10;10
1386258761692;378;10;10
1386258761692;387;10;10
1386258761692;562;10;10
1386258761692;726;10;10
1386258761692;1215;10;10
1386258761692;816;10;10
1386258761692;656;10;10
1386258761692;610;10;10
1386258761692;894;10;10
1386258761692;702;10;10
1386258761692;214;10;10
1386258761692;548;10;10
1386258761692;805;10;10
1386258761692;604;10;10
1386258761692;714;10;10
1386258761692;746;10;10
1386258761692;467;10;10
1386258761692;552;10;10
1386258761692;197;10;10
1386258761692;944;10;10
1386258761692;910;10;10
1386258761692;717;10;10
1386258761692;298;10;10
1386258761692;1028;10;10
1386258761692;841;10;10
1386258761692;205;10;10
1386258761692;518;10;10
1386258761692;833;10;10
1386258761692;1072;10;10
1386258761692;961;10;10
1386258761692;864;10;10
1386258761692;1268;10;10
1386258761692;869;10;10
1386258761692;757;10;10
1386258761692;1017;10;10
1386258761692;215;10;10
1386258761692;718;10;10
1386258761692;853;10;10
1386258761692;176;10;10
1386258761692;273;10;10
1386258761692;487;10;10
1386258761692;733;10;10
1386258761692;530;10;10
1386258761692;180;10;10
1386258761692;1032;10;10
1386258761692;1058;10;10
1386258761692;479;10;10
1386258761692;676;10;10
1386258761692;414;10;10
1386258761692;559;10;10
1386258761692;1078;10;10
1386258761692;1274;10;10
1386258761692;877;10;10
1386258761692;827;10;10
1386258761692;916;10;10
1386258761692;1026;10;10
1386258761692;509;10;10
1386258761692;928;10;10
1386258761692;362;10;10
1386258761692;622;10;10
1386258761692;224;10;10
1386258761692;637;10;10
1386258761692;1104;10;10
1386258761692;939;10;10
1386258761692;198;10;10
1386258761692;107;10;10
1386258761692;157;10;10
1386258761692;1044;10;10
1386258761692;978;10;10
1386258761692;813;10;10
1386258761692;323;10;10
1386258761692;465;10;10
1386258761692;679;10;10
1386258761692;353;10;10
1386258761692;235;10;10
1386258761692;1039;10;10
1386258761692;556;10;10
1386258761692;413;10;10
1386258761692;721;10;10
1386258761692;412;10;10
1386258761692;770;10;10
1386258761692;784;10;10
1386258761692;1183;10;10
1386258761692;1127;10;10
1386258761692;929;10;10
1386258761692;534;10;10
1386258761692;1042;10;10
1386258761692;569;10;10
1386258761692;464;10;10
1386258761692;1145;10;10
1386258761692;35;10;10
1386258761692;576;10;10
1386258761692;822;10;10
1386258761692;469;10;10
1386258761692;788;10;10
1386258761692;759;10;10
1386258761692;158;10;10
1386258761692;842;10;10
1386258761692;994;10;10
1386258761692;199;10;10
1386258761692;183;10;10
1386258761692;902;10;10
1386258761692;541;10;10
1386258761692;165;10;10
1386258761692;241;10;10
1386258761692;1241;10;10
1386258761692;1262;10;10
1386258761692;296;10;10
1386258761692;385;10;10
1386258761692;436;10;10
1386258761692;1114;10;10
1386258761692;725;10;10
1386258761692;1109;10;10
1386258761692;915;10;10
1386258761692;568;10;10
1386258761692;844;10;10
1386258761692;4;10;10
1386258761692;1225;10;10
1386258761692;799;10;10
1386258761692;41;10;10
1386258761692;819;10;10
1386258761692;1170;10;10
1386258761692;394;10;10
1386258761692;932;10;10
1386258761692;1239;10;10
1386258761692;879;10;10
1386258761692;237;10;10
1386258761692;505;10;10
1386258761692;1096;10;10
1386258761692;686;10;10
1386258761692;161;10;10
1386258761692;542;10;10
1386258761692;715;10;10
1386258761692;225;10;10
1386258761692;222;10;10
1386258761692;662;10;10
1386258761692;1146;10;10
1386258761692;865;10;10
1386258761692;230;10;10
1386258761692;614;10;10
1386258761692;1267;10;10
1386258761692;156;10;10
1386258761692;903;10;10
1386258761692;1227;10;10
1386258761692;807;10;10
1386258761692;1235;10;10
1386258761692;956;10;10
1386258761692;186;10;10
1386258761692;1221;10;10
1386258761692;1279;10;10
1386258761692;38;10;10
1386258761692;1105;10;10
1386258761692;789;10;10
1386258761692;823;10;10
1386258761692;1162;10;10
1386258761692;988;10;10
1386258761692;51;10;10
1386258761692;992;10;10
1386258761692;248;10;10
1386258761692;317;10;10
1386258761692;366;10;10
1386258761692;303;10;10
1386258761692;557;10;10
1386258761692;134;10;10
1386258761692;1240;10;10
1386258761692;148;10;10
1386258761692;88;10;10
1386258761692;948;10;10
1386258761692;561;10;10
1386258761692;1036;10;10
1386258761692;883;10;10
1386258761692;671;10;10
1386258761692;786;10;10
1386258761692;102;10;10
1386258761692;393;10;10
1386258761692;708;10;10
1386258761692;814;10;10
1386258761692;112;10;10
1386258761692;838;10;10
1386258761692;160;10;10
1386258761692;445;10;10
1386258761692;859;10;10
1386258761692;926;10;10
1386258761692;1050;10;10
1386258761692;493;10;10
1386258761692;533;10;10
1386258761692;431;10;10
1386258761692;37;10;10
1386258761692;1089;10;10
1386258761692;1117;10;10
1386258761692;234;10;10
1386258761692;305;10;10
1386258761692;796;10;10
1386258761692;930;10;10
1386258761692;1180;10;10
1386258761692;92;10;10
1386258761692;141;10;10
1386258761692;1083;10;10
1386258761692;74;10;10
1386258761692;1049;10;0
1386258761692;185;10;10
1386258761692;640;10;10
1386258761692;1230;10;10
1386258761692;91;10;10
1386258761692;374;10;10
1386258761692;311;10;10
1386258761692;1020;10;10
1386258761692;802;10;10
1386258761692;618;10;10
1386258761692;1187;10;10
1386258761692;1273;10;10
1386258761692;100;10;10
1386258761692;34;10;10
1386258761692;67;10;10
1386258761692;1019;10;10
1386258761692;734;10;10
1386258761692;1008;10;10
1386258761692;1047;10;10
1386258761692;817;10;10
1386258761692;21;10;10
1386258761692;793;10;10
1386258761692;1254;10;10
1386258761692;239;10;10
1386258761692;1172;10;10
1386258761692;163;10;10
1386258761692;871;10;10
1386258761692;1111;10;10
1386258761692;1075;10;10
1386258761692;204;10;10
1386258761692;621;10;10
1386258761692;117;10;10
1386258761692;665;10;10
1386258761692;862;10;10
1386258761692;78;10;10
1386258761692;531;10;10
1386258761692;832;10;10
1386258761692;1144;10;10
1386258761692;1149;10;10
1386258761692;1121;10;10
1386258761692;124;10;10
1386258761692;1223;10;10
1386258761692;349;10;10
1386258761692;159;10;10
1386258761692;151;10;10
1386258761692;18;10;10
1386258761692;216;10;10
1386258761692;591;10;10
1386258761692;122;10;10
1386258761692;632;10;10
1386258761692;171;10;10
1386258761692;453;10;10
1386258761692;1003;10;10
1386258761692;513;10;10
1386258761692;484;10;10
1386258761692;706;10;10
1386258761692;43;10;10
1386258761692;433;10;10
1386258761692;1155;10;10
1386258761692;1068;10;10
1386258761692;593;10;10
1386258761692;653;10;10
1386258761692;758;10;10
1386258761692;1054;10;10
1386258761692;886;10;10
1386258761692;315;10;10
1386258761692;1185;10;10
1386258761692;739;10;10
1386258761692;429;10;10
1386258761692;42;10;10
1386258761692;1207;10;10
1386258761692;724;10;10
1386258761692;519;10;10
1386258761692;382;10;10
1386258761692;87;10;10
1386258761692;50;10;10
1386258761692;677;10;10
1386258761692;320;10;10
1386258761692;638;10;10
1386258761692;1053;10;10
1386258761692;567;10;10
1386258761692;673;10;10
1386258761692;330;10;10
1386258761692;494;10;10
1386258761692;28;10;10
1386258761692;179;10;10
1386258761692;688;10;10
1386258761692;377;10;10
1386258761692;1057;10;10
1386258761692;880;10;10
1386258761692;1260;10;10
1386258761692;694;10;10
1386258761692;953;10;10
1386258761692;286;10;0
1386258761692;14;10;10
1386258761692;946;10;10
1386258761692;700;10;10
1386258761692;1115;10;10
1386258761692;1081;10;10
1386258761692;318;10;10
1386258761692;889;10;10
1386258761692;403;10;10
1386258761692;337;10;10
1386258761692;870;10;10
1386258761692;650;10;10
1386258761692;255;10;10
1386258761692;797;10;10
1386258761692;33;10;10
1386258761692;1122;10;10
1386258761692;756;10;10
1386258761692;848;10;10
1386258761692;905;10;10
1386258761692;458;10;10
1386258761692;600;10;10
1386258761692;612;10;10
1386258761692;268;10;10
1386258761692;422;10;10
1386258761692;856;10;10
1386258761692;434;10;10
1386258761692;242;10;10
1386258761692;376;10;10
1386258761692;812;10;10
1386258761692;586;10;10
1386258761692;111;10;10
1386258761692;524;10;10
1386258761692;767;10;10
1386258761692;221;10;10
1386258761692;1196;10;10
1386258761692;386;10;10
1386258761692;1064;10;10
1386258761692;855;10;10
1386258761692;82;10;10
1386258761692;351;10;10
1386258761692;426;10;10
1386258761692;858;10;10
1386258761692;1269;10;10
1386258761692;451;10;10
1386258761692;1281;10;10
1386258761692;1256;10;0
1386258761692;934;10;10
1386258761692;258;10;10
1386258761692;20;10;10
1386258761692;913;10;10
1386258761692;354;10;10
1386258761692;274;10;10
1386258761692;935;10;10
1386258761692;477;10;10
1386258761692;401;10;10
1386258761692;293;10;10
1386258761692;1124;10;10
1386258761692;764;10;10
1386258761692;1110;10;10
1386258761692;751;10;10
1386258761692;245;10;10
1386258761692;691;10;10
1386258761692;207;10;10
1386258761692;321;10;10
1386258761692;80;10;10
1386258761692;830;10;10
1386258761692;6;10;10
1386258761692;931;10;10
1386258761692;257;10;10
1386258761692;1080;10;10
1386258761692;132;10;10
1386258761692;411;10;10
1386258761692;896;10;10
1386258761692;1088;10;10
1386258761692;177;10;10
1386258761692;1173;10;10
1386258761692;1208;10;10
1386258761692;549;10;10
1386258761692;1282;10;10
1386258761692;3;10;10
1386258761692;319;10;10
1386258761692;367;10;10
1386258761692;821;10;10
1386258761692;1252;10;10
1386258761692;419;10;10
1386258761692;594;10;10
1386258761692;1160;10;10
1386258761692;792;10;10
1386258761692;754;10;10
1386258761692;874;10;10
1386258761692;675;10;10
1386258761692;266;10;10
1386258761692;951;10;10
1386258761692;282;10;10
1386258761692;152;10;10
1386258761692;1193;10;10
1386258761692;795;10;10
1386258761692;368;10;10
1386258761692;109;10;10
1386258761692;840;10;10
1386258761692;1190;10;10
1386258761692;642;10;10
1386258761692;1056;10;10
1386258761692;1022;10;10
1386258761692;439;10;10
1386258761692;253;10;10
1386258761692;510;10;10
1386258761692;1112;10;10
1386258761692;766;10;10
1386258761692;1213;10;10
1386258761692;256;10;10
1386258761692;395;10;10
1386258761692;1130;10;10
1386258761692;762;10;10
1386258761692;196;10;10
1386258761692;272;10;10
1386258761692;573;10;10
1386258761692;331;10;10
1386258761692;488;10;10
1386258761692;260;10;10
1386258761692;340;10;10
1386258761692;529;10;10
1386258761692;527;10;10
1386258761692;1135;10;10
1386258761692;845;10;10
1386258761692;1233;10;10
1386258761692;217;10;10
1386258761692;744;10;10
1386258761692;1161;10;10
1386258761692;571;10;10
1386258761692;539;10;10
1386258761692;837;10;10
1386258761692;863;10;10
1386258761692;633;10;10
1386258761692;787;10;10
1386258761692;1033;10;10
1386258761692;566;10;10
1386258761692;1010;10;10
1386258761692;31;10;10
1386258761692;304;10;10
1386258761692;925;10;10
1386258761692;503;10;10
1386258761692;1065;10;10
1386258761692;1063;10;10
1386258761692;449;10;10
1386258761692;1067;10;10
1386258761692;866;10;10
1386258761692;907;10;10
1386258761692;730;10;10
1386258761692;884;10;10
1386258761692;849;10;10
1386258761692;1027;10;10
1386258761692;347;10;10
1386258761692;785;10;10
1386258761692;1035;10;10
1386258761692;238;10;10
1386258761692;517;10;10
1386258761692;1204;10;10
1386258761692;1177;10;10
1386258761692;501;10;10
1386258761692;829;10;10
1386258761692;1076;10;10
1386258761692;1006;10;10
1386258761692;499;10;10
1386258761692;396;10;10
1386258761692;629;10;10
1386258761692;1248;10;10
1386258761692;971;10;10
1386258761692;68;10;10
1386258761692;405;10;10
1386258761692;881;10;10
1386258761692;965;10;10
1386258761692;1126;10;10
1386258761692;831;10;10
1386258761692;873;10;10
1386258761692;192;10;10
1386258761692;993;10;10
1386258761692;872;10;10
1386258761692;685;10;10
1386258761692;1165;10;10
1386258761692;81;10;10
1386258761692;532;10;10
1386258761692;19;10;10
1386258761692;1073;10;10
1386258761692;118;10;10
1386258761692;1250;10;10
1386258761692;565;10;10
1386258761692;7;10;10
1386258761692;201;10;10
1386258761692;1251;10;10
1386258761692;619;10;10
1386258761692;16;10;10
1386258761692;432;10;10
1386258761692;379;10;10
1386258761692;139;10;10
1386258761692;1142;10;10
1386258761692;164;10;10
1386258761692;478;10;10
1386258761692;982;10;0
1386258761692;202;10;10
1386258761692;657;10;10
1386258761692;536;10;10
1386258761692;1079;10;10
1386258761692;790;10;10
1386258761692;711;10;10
1386258761692;1192;10;10
1386258761692;535;10;10
1386258761692;740;10;10
1386258761692;547;10;10
1386258761692;1030;10;10
1386258761692;674;10;10
1386258761692;149;10;10
1386258761692;1091;10;10
1386258761692;1253;10;10
1386258761692;1152;10;10
1386258761692;1108;10;10
1386258761692;1243;10;10
1386258761692;1023;10;10
1386258761692;381;10;10
1386258761692;5;10;10
1386258761692;1005;10;10
1386258761692;526;10;10
1386258761692;1125;10;10
1386258761692;590;10;10
1386258761692;667;10;10
1386258761692;773;10;10
1386258761692;720;10;10
1386258761692;658;10;10
1386258761692;454;10;10
1386258761692;680;10;10
1386258761692;283;10;10
1386258761692;1182;10;10
1386258761692;1224;10;10
1386258761692;325;10;10
1386258761692;596;10;10
1386258761692;1037;10;10
1386258761692;314;10;10
1386258761692;1205;10;10
1386258761692;1086;10;10
1386258761692;269;10;10
1386258761692;110;10;10
1386258761692;427;10;10
1386258761692;1179;10;10
1386258761692;342;10;10
1386258761692;500;10;10
1386258761692;834;10;10
1386258761692;36;10;10
1386258761692;278;10;10
1386258761692;32;10;10
1386258761692;443;10;10
1386258761692;184;10;10
1386258761692;613;10;10
1386258761692;462;10;10
1386258761692;408;10;10
1386258761692;1186;10;10
1386258761692;472;10;10
1386258761692;852;10;10
1386258761692;1116;10;10
1386258761692;1174;10;10
1386258761692;1011;10;10
1386258761692;435;10;10
1386258761692;825;10;10
1386258761692;313;10;10
1386258761692;1247;10;10
1386258761692;133;10;10
1386258761692;794;10;10
1386258761692;843;10;10
1386258761692;1219;10;10
1386258761692;772;10;10
1386258761692;579;10;10
1386258761692;1077;10;10
1386258761692;264;10;10
1386258761692;1093;10;10
1386258761692;227;10;10
1386258761692;316;10;10
1386258761692;213;10;10
1386258761692;585;10;10
1386258761692;643;10;10
1386258761692;689;10;10
1386258761692;492;10;10
1386258761692;299;10;10
1386258761692;719;10;10
1386258761692;940;10;10
1386258761692;104;10;10
1386258761692;1154;10;10
1386258761692;1245;10;10
1386258761692;150;10;10
1386258761692;641;10;10
1386258761692;810;10;10
1386258761692;1059;10;10
1386258761692;747;10;10
1386258761692;364;10;10
1386258761692;1051;10;10
1386258761692;908;10;10
1386258761692;563;10;10
1386258761692;69;10;10
1386258761692;737;10;0
1386258761692;182;10;10
1386258761692;560;10;10
1386258761692;229;10;10
1386258761692;780;10;10
1386258761692;455;10;10
1386258761692;27;10;10
1386258761692;572;10;10
1386258761692;969;10;10
1386258761692;307;10;10
1386258761692;361;10;10
1386258761692;271;10;10
1386258761692;1206;10;10
1386258761692;1013;10;10
1386258761692;127;10;10
1386258761692;212;10;10
1386258761692;696;10;10
1386258761692;1137;10;10
1386258761692;646;10;10
1386258761692;1136;10;10
1386258761692;985;10;10
1386258761692;625;10;10
1386258761692;516;10;10
1386258761692;901;10;10
1386258761692;973;10;10
1386258761692;388;10;10
1386258761692;977;10;10
1386258761692;345;10;10
1386258761692;1202;10;10
1386258761692;404;10;10
1386258761692;690;10;10
1386258761692;736;10;10
1386258761692;522;10;10
1386258761692;1131;10;10
1386258761692;995;10;10
1386258761692;243;10;10
1386258761692;391;10;10
1386258761692;1259;10;10
1386258761692;1095;10;10
1386258761692;949;10;10
1386258761692;1257;10;10
1386258761692;582;10;10
1386258761692;735;10;10
1386258761692;289;10;10
1386258761692;975;10;10
1386258761692;392;10;10
1386258761692;476;10;10
1386258761692;172;10;10
1386258761692;1214;10;10
1386258761692;520;10;10
1386258761692;968;10;10
1386258761692;1242;10;10
1386258761692;1228;10;10
1386258761692;504;10;10
1386258761692;52;10;10
1386258761692;631;10;10
1386258761692;1265;10;10
1386258761692;1099;10;10
1386258761692;997;10;10
1386258761692;1150;10;10
1386258761692;334;10;10
1386258761692;897;10;10
1386258761692;75;10;10
1386258761692;624;10;10
1386258761692;47;10;10
1386258761692;1197;10;10
1386258761692;162;10;10
1386258761692;178;10;10
1386258761692;860;10;10
1386258761692;1103;10;10
1386258761692;288;10;10
1386258761692;129;10;10
1386258761692;937;10;10
1386258761692;174;10;10
1386258761692;713;10;10
1386258761692;922;10;10
1386258761692;383;10;10
1386258761692;1277;10;10
1386258761692;1113;10;10
1386258761692;546;10;10
1386258761692;947;10;10
1386258761692;967;10;10
1386258761692;292;10;10
1386258761692;1015;10;10
1386258761692;803;10;10
1386258761692;923;10;10
1386258761692;495;10;0
1386258761692;166;10;10
1386258761692;1066;10;10
1386258761692;138;10;10
1386258761692;22;10;10
1386258761692;1200;10;10
1386258761692;96;10;10
1386258761692;421;10;10
1386258761692;346;10;10
1386258761692;126;10;10
1386258761692;550;10;10
1386258761692;1107;10;10
1386258761692;950;10;10
1386258761692;808;10;10
1386258761692;424;10;10
1386258761692;302;10;10
1386258761692;861;10;10
1386258761692;191;10;10
1386258761692;146;10;10
1386258761692;651;10;10
1386258761692;71;10;10
1386258761692;341;10;10
1386258761692;1171;10;10
1386258761692;1101;10;10
1386258761692;1159;10;10
1386258761692;48;10;10
1386258761692;105;10;10
1386258761692;1231;10;10
1386258761692;46;10;10
1386258761692;338;10;10
1386258761692;380;10;10
1386258761692;728;10;10
1386258761692;246;10;10
1386258761692;597;10;10
1386258761692;348;10;10
1386258761692;310;10;10
1386258761692;294;10;10
1386258761692;251;10;10
1386258761692;1060;10;10
1386258761692;732;10;10
1386258761692;1016;10;10
1386258761692;649;10;10
1386258761692;280;10;10
1386258761692;1001;10;10
1386258761692;491;10;10
1386258761692;175;10;10
1386258761692;460;10;10
1386258761692;324;10;10
1386258761692;999;10;10
1386258761692;743;10;10
1386258761692;262;10;10
1386258761692;275;10;10
1386258761692;1222;10;10
1386258761692;1119;10;10
1386258761692;99;10;10
1386258761692;811;10;10
1386258761692;423;10;10
1386258761692;892;10;10
1386258761692;440;10;10
1386258761692;1106;10;10
1386258761692;483;10;10
1386258761692;515;10;10
1386258761692;77;10;10
1386258761692;136;10;10
1386258761692;85;10;10
1386258761692;592;10;10
1386258761692;983;10;10
1386258761692;291;10;10
1386258761692;996;10;10
1386258761692;964;10;10
1386258761692;1098;10;10
1386258761692;587;10;10
1386258761692;1129;10;10
1386258761692;875;10;10
1386258761692;710;10;10
1386258761692;851;10;10
1386258761692;448;10;10
1386258761692;66;10;10
1386258761692;498;10;10
1386258761692;188;10;10
1386258761692;957;10;10
1386258761692;76;10;10
1386258761692;628;10;10
1386258761692;281;10;10
1386258761692;1021;10;10
1386258761692;326;10;10
1386258761692;1041;10;10
1386258761692;635;10;10
1386258761692;991;10;10
1386258761692;279;10;10
1386258761692;137;10;10
1386258761692;40;10;10
1386258761692;417;10;10
1386258761692;56;10;10
1386258761692;904;10;10
1386258761692;333;10;10
1386258761692;577;10;10
1386258761692;301;10;10
1386258761692;1271;10;10
1386258761692;918;10;10
1386258761692;1261;10;10
1386258761692;644;10;10
1386258761692;1158;10;10
1386258761692;173;10;10
1386258761692;232;10;10
1386258761692;101;10;10
1386258761692;540;10;10
1386258761692;1070;10;10
1386258761692;1074;10;10
1386258761692;609;10;10
1386258761692;480;10;10
1386258761692;95;10;10
1386258761692;595;10;10
1386258761692;502;10;10
1386258761692;1012;10;10
1386258761692;678;10;10
1386258761692;375;10;10
1386258761692;769;10;10
1386258761692;496;10;10
1386258761692;290;10;10
1386258761692;1038;10;10
1386258761692;698;10;10
1386258761692;748;10;10
1386258761692;938;10;10
1386258761692;441;10;10
1386258761692;265;10;10
1386258761692;630;10;10
1386258761692;990;10;10
1386258761692;1258;10;10
1386258761692;1226;10;10
1386258761692;306;10;10
1386258761692;1007;10;10
1386258761692;752;10;10
1386258761692;167;10;10
1386258761692;800;10;10
1386258761692;312;10;10
1386258761692;398;10;10
1386258761692;645;10;10
1386258761692;998;10;10
1386258761692;1263;10;10
1386258761692;900;10;10
1386258761692;194;10;10
1386258761692;97;10;10
1386258761692;208;10;10
1386258761692;1024;10;10
1386258761692;1212;10;10
1386258761692;598;10;10
1386258761692;190;10;10
1386258761692;452;10;10
1386258761692;684;10;10
1386258761692;244;10;0
1386258761692;8;10;10
1386258761692;741;10;10
1386258761692;876;10;10
1386258761692;486;10;10
1386258761692;55;10;10
1386258761692;979;10;10
1386258761692;145;10;10
1386258761692;980;10;10
1386258761692;1031;10;10
1386258761692;927;10;10
1386258761692;945;10;10
1386258761692;468;10;10
1386258761692;798;10;10
1386258761692;30;10;10
1386258761692;240;10;10
1386258761692;824;10;10
1386258761692;1201;10;10
1386258761692;716;10;10
1386258761692;359;10;10
1386258761692;777;10;10
1386258761692;131;10;10
1386258761692;125;10;10
1386258761692;778;10;10
1386258761692;888;10;10
1386258761692;722;10;10
1386258761692;329;10;10
1386258761692;538;10;10
1386258761692;336;10;10
1386258761692;437;10;10
1386258761692;400;10;10
1386258761692;601;10;10
1386258761692;168;10;10
1386258761692;94;10;10
1386258761692;898;10;10
1386258761692;1118;10;10
1386258761692;339;10;10
1386258761692;1203;10;10
1386258761692;1210;10;10
1386258761692;1071;10;10
1386258761692;895;10;10
1386258761692;1164;10;10
1386258761692;247;10;10
1386258761692;1062;10;10
1386258761692;430;10;10
1386258761692;707;10;10
1386258761692;249;10;10
1386258761692;1236;10;10
1386258761692;119;10;10
1386258761692;1156;10;10
1386258761692;555;10;10
1386258761692;181;10;10
1386258761692;58;10;10
1386258761692;705;10;10
1386258761692;791;10;10
1386258761692;970;10;10
1386258761692;958;10;10
1386258761692;1132;10;10
1386258761692;84;10;10
1386258761692;461;10;10
1386258761692;1128;10;10
1386258761692;912;10;10
1386258761692;899;10;10
1386258761692;418;10;10
1386258761692;1034;10;10
1386258761692;648;10;10
1386258761692;962;10;10
1386258761692;664;10;10
1386258761692;466;10;10
1386258761692;914;10;10
1386258761692;952;10;10
1386258761692;584;10;10
1386258761692;924;10;10
1386258761692;352;10;10
1386258761692;482;10;10
1386258761692;959;10;10
1386258761692;1188;10;10
1386258761692;917;10;10
1386258761692;1211;10;10
1386258761692;783;10;10
1386258761692;195;10;10
1386258761692;712;10;10
1386258761692;704;10;10
1386258761692;878;10;10
1386258761692;639;10;10
1386258761692;763;10;10
1386258761692;729;10;10
1386258761692;142;10;10
1386258761692;636;10;10
1386258761692;820;10;10
1386258761692;1218;10;10
1386258761692;223;10;10
1386258761692;407;10;10
1386258761692;350;10;10
1386258761692;356;10;10
1386258761692;1100;10;10
1386258761692;692;10;10
1386258761692;277;10;10
1386258761692;1246;10;10
1386258761692;1176;10;10
1386258761692;666;10;10
1386258761692;1276;10;10
1386258761692;10;10;10
1386258761692;1209;10;10
1386258761692;981;10;10
1386258761692;155;10;10
1386258761692;130;10;10
1386258761692;681;10;10
1386258761692;450;10;10
1386258761692;655;10;10
1386258761692;771;10;10
1386258761692;850;10;10
1386258761692;815;10;10
1386258761692;44;10;10
1386258761692;984;10;10
1386258761692;335;10;10
1386258761692;647;10;10
1386258761692;749;10;10
1386258761692;295;10;10
1386258761692;300;10;10
1386258761692;508;10;10
1386258761692;1217;10;10
1386258761692;745;10;10
1386258761692;370;10;10
1386258761692;154;10;10
1386258761692;23;10;10
1386258761692;29;10;10
1386258761692;233;10;10
1386258761692;606;10;0
1386258761692;617;10;10
1386258761692;1189;10;10
1386258761692;1249;10;10
1386258761692;588;10;10
1386258761692;1055;10;10
1386258761692;551;10;10
1386258761692;652;10;10
1386258761692;108;10;10
1386258761692;1085;10;10
1386258761692;911;10;10
1386258761692;13;10;10
1386258761692;603;10;10
1386258761692;836;10;10
1386258761692;765;10;10
1386258761692;1048;10;10
1386258761692;943;10;10
1386258761692;1133;10;10
1386258761692;1090;10;10
1386258761692;868;10;10
1386258761692;1002;10;10
1386258761692;481;10;10
1386258761692;687;10;10
1386258761692;135;10;10
1386258761692;200;10;10
1386258761692;623;10;10
1386258761692;474;10;10
1386258761692;1148;10;10
1386258761692;1181;10;10
1386258761692;360;10;10
1386258761692;616;10;10
1386258761692;9;10;10
1386258761692;25;10;10
1386258761692;723;10;10
1386258761692;1166;10;10
1386258761692;514;10;10
1386258761692;885;10;10
1386258761692;1266;10;10
1386258761692;523;10;10
1386258761692;774;10;10
1386258761692;544;10;10
1386258761692;363;10;10
1386258761692;921;10;10
1386258761692;941;10;10
1386258761692;605;10;10
1386258761692;890;10;10
1386258761692;1123;10;10
1386258761692;231;10;10
1386258761692;1094;10;10
1386258761692;775;10;10
1386258761692;90;10;10
1386258761692;365;10;10
1386258761692;738;10;10
1386258761692;867;10;10
1386258761692;620;10;10
1386258761692;497;10;10
1386258761692;1229;10;10
1386258761692;402;10;10
1386258761692;120;10;10
1386258761692;270;10;10
1386258761692;760;10;10
1386258761692;627;10;10
1386258761692;1232;10;10
1386258761692;1178;10;10
1386258761692;203;10;10
1386258761692;54;10;10
1386258761692;70;10;10
1386258761692;17;10;10
1386258761692;409;10;10
1386258761692;485;10;10
1386258761692;406;10;10
1386258761692;909;10;10
1386258761692;701;10;10
1386258761692;1000;10;10
1386258761692;1061;10;10
1386258761692;1272;10;10
1386258761692;1138;10;10
1386258761692;564;10;10
1386258761692;1040;10;10
1386258761692;1045;10;10
1386258761692;73;10;10
1386258761692;15;10;10
1386258761692;809;10;10
1386258761692;955;10;10
1386258761692;115;10;10
1386258761692;45;10;10
1386258761692;1198;10;10
1386258761692;11;10;10
1386258761692;308;10;10
1386258761692;116;10;10
1386258761692;828;10;10
1386258761692;438;10;10
1386258761692;654;10;10
1386258761692;801;10;10
1386258761692;697;10;10
1386258761692;250;10;10
1386258761692;699;10;10
1386258761692;65;10;10
1386258761692;39;10;10
1386258761692;668;10;10
1386258761692;193;10;10
1386258761692;446;10;10
1386258761692;236;10;10
1386258761692;1141;10;10
1386258761692;703;10;10
1386258761692;554;10;10
1386258761692;891;10;10
1386258761692;415;10;10
1386258761692;98;10;10
1386258761692;663;10;10
1386258761692;1018;10;10
1386258761692;24;10;10
1386258761692;731;10;10
1386258761692;187;10;10
1386258761692;933;10;10
1386258761692;987;10;10
1386258761692;1;10;10
1386258761692;1046;10;10
1386258761692;1168;10;10
1386258761692;287;10;10
1386258761692;26;10;10
1386258761692;839;10;10
1386258761692;332;10;10
1386258761692;1191;10;10
1386258761692;79;10;10
1386258761692;608;10;10
1386258761692;1238;10;10
1386258761692;545;10;10
1386258761692;343;10;10
1386258761692;121;10;10
1386258761692;147;10;10
1386258761692;887;10;10
1386258761692;521;10;10
1386258761692;882;10;10
1386258761692;525;10;10
1386258761692;189;10;10
1386258761692;1195;10;10
1386258761692;1220;10;10
1386258761692;470;10;10
1386258761692;954;10;10
1386258761692;1087;10;10
1386258761692;506;10;10
1386258761692;72;10;10
1386258761692;581;10;10
1386258761692;210;10;10
1386258761692;416;10;10
1386258761692;1153;10;10
1386258761692;103;10;10
1386258761692;327;10;10
1386258761692;779;10;10
1386258761692;1014;10;10
1386258761692;169;10;10
1386258761692;63;10;10
1386258761692;471;10;10
1386258761692;854;10;10
1386258761692;634;10;10
1386258761692;61;10;10
1386258761692;1237;10;10
1386258761692;263;10;10
1386258761692;782;10;10
1386258761692;806;10;10
1386258761692;1234;10;10
1386258761692;589;10;10
1386258761692;1069;10;10
1386258761692;170;10;10
1386258761692;86;10;10
1386258761692;942;10;10
1386258761692;1199;10;10
1386258761692;254;10;10
1386258761692;1151;10;10
1386258761692;683;10;10
1386258761692;397;10;0
1386258761692;919;10;10
1386258761692;410;10;10
1386258761692;12;10;10
1386258761692;209;10;10
1386258761692;140;10;10
1386258761692;742;10;10
1386258761692;1184;10;10
1386258761692;537;10;10
1386258761692;1270;10;10
1386258761692;228;10;0
1386258761692;153;10;10
1386258761692;1264;10;10
1386258761692;57;10;10
1386258761692;49;10;10
1386258761692;123;10;10
1386258761692;1025;10;10
1386258761692;106;10;10
1386258761692;389;10;10
1386258761692;490;10;10
1386258761692;659;10;10
1386258761692;602;10;10
1386258761692;1084;10;10
1386258761692;463;10;10
1386258761692;1175;10;10
1386258761692;64;10;10
1386258761692;976;10;10
1386258761692;857;10;10
1386258761692;1120;10;10
1386258761692;371;10;10
1386258761692;425;10;10
1386258761692;384;10;10
1386258761692;960;10;10
1386258761692;578;10;10
1386258761692;355;10;10
1386258761692;1139;10;10
1386258761692;475;10;10
1386258761692;369;10;10
1386258761692;218;10;10
1386258761692;781;10;10
1386258761692;322;10;10
1386258761692;750;10;10
1386258761692;626;10;10
1386258761692;2;10;10
1386258761692;528;10;10
1386258761692;847;10;10
1386258761692;1052;10;10
1386258761692;1278;10;10
1386258761692;580;10;10
1386258761692;357;10;10
1386258761692;660;10;10
1386258761692;972;10;10
1386258761692;695;10;10
1386258761692;575;10;10
1386258761692;543;10;10
1386258761692;284;10;10
1386258761692;456;10;10
1386258761692;459;10;10
1386258761692;920;10;10
1386258761692;583;10;10
1386258761692;428;10;10
1386258761692;489;10;10
1386258761692;113;10;10
1386258761692;442;10;10
1386258761692;693;10;10
1386258761692;309;10;10
1386258761692;826;10;10
1386258761692;261;10;10
1386258761692;1004;10;10
1386258761692;989;10;10
1386258761692;297;10;10
1386258761692;259;10;10
1386258761692;390;10;10
1386258761692;328;10;10
1386258761692;344;10;10
1386258761692;206;10;10
1386258761692;420;10;10
1386258761692;1009;10;0
1386258761692;83;10;10
1386258761692;893;10;10
1386258761692;776;10;10
1386258761692;93;10;10
1386258761692;473;10;10
1386258761692;574;10;10
1386258761692;804;10;10
1386258761692;615;10;10
1386258761692;1029;10;10
1386258761692;570;10;10
1386258761692;114;10;10
1386258761692;709;10;10
1386258761692;226;10;10
1386258761692;727;10;10
1386258761692;89;10;10
1386258761692;761;10;10
1386258761692;682;10;10
1386258761692;59;10;10
1386258761692;1216;10;10
1386258761692;1275;10;10
1386258761692;818;10;10
1386258761692;447;10;10
1386258761692;768;10;10
1386258761692;512;10;10
1386258761692;670;10;10
1386258761692;219;10;10
1386258761692;553;10;10
1386258761692;457;10;10
1386258761692;558;10;10
1386258761692;444;10;10
1386258761692;963;10;10
1386258761692;53;10;10
1386258761692;1280;10;10
1386258761692;1092;10;10
1386258761692;60;10;10
