pathSize;angle_to_destination;route_ID;number_of_edges
0,02259736664137324;6.0;1206;120
0,4203033099337752;6.0;977;17
0,42486435353223784;6.0;977;17
0,5935122132105621;6.0;977;17
0,385000345742442;6.0;977;17
0,11124597188058583;6.0;194;93
0,14283343008569882;6.0;194;93
0,05708337248263806;6.0;1121;103
0,023497541939536903;6.0;1121;103
0,39001376252586617;6.0;962;12
0,153394984917689;6.0;27;45
0,25069935134092725;6.0;316;62
0,22012136237969182;6.0;316;62
0,3634041432635291;6.0;113;18
0,3908496921387048;6.0;992;12
0,09100567478676758;6.0;498;29
0,05139995291220023;6.0;498;29
0,13241792620227533;6.0;498;29
0,12174436414353162;6.0;498;29
0,4638868429438523;6.0;252;35
0,5037070823963781;6.0;252;35
0,40729205579250083;6.0;638;48
0,24024029923798862;6.0;561;32
0,20497919024926525;6.0;561;32
0,07566257183777658;6.0;561;32
0,11081992051385359;6.0;909;52
0,19843140533050718;6.0;909;52
0,25487389253679305;6.0;1083;29
0,1388309240438219;6.0;1101;24
0,28147530070680293;6.0;218;82
0,23703250117008645;6.0;1219;107
0,09506862789866877;6.0;950;19
0,16796334302867622;6.0;15;91
0,042156260978164495;6.0;352;75
0,09651502433713555;6.0;352;75
0,020075042497106566;6.0;352;75
0,03050263728659619;6.0;352;75
0,03292958187281214;6.0;352;75
0,13370237199257207;6.0;352;75
0,06580474535842185;6.0;352;75
0,05298582810437269;6.0;352;75
0,046334947666047066;6.0;352;75
0,11338684366450269;6.0;352;75
0,12443756779736481;6.0;1160;153
0,07413284014224808;6.0;1160;153
0,023502255276766748;6.0;1160;153
0,15731515297657683;6.0;1160;153
0,02424459455528294;6.0;1160;153
0,053730118335415966;6.0;1160;153
0,08446979861381632;6.0;871;162
0,05416387160935843;6.0;871;162
0,11092025002243355;6.0;871;162
0,14485945306588888;6.0;871;162
0,10593767366663065;6.0;871;162
0,055175087323706684;6.0;871;162
0,16163701628476002;6.0;537;41
0,3122648999999553;6.0;537;41
0,33987342043186275;6.0;120;15
0,08479715023404033;6.0;120;15
0,19681865598223403;6.0;120;15
0,1101352176627437;6.0;715;56
0,2671643409673312;6.0;1150;112
0,9748352961338214;6.0;19;13
0,823182938752631;6.0;19;13
0,17678294179834597;6.0;214;80
0,2183434707427352;6.0;294;139
0,5684964896076481;6.0;834;38
0,5918518279702696;6.0;834;38
0,7176706564768001;6.0;587;26
0,4406637878555748;6.0;587;26
0,7819841626322823;6.0;1266;10
0,28904548500002303;6.0;1266;10
0,1605319967104044;6.0;472;55
0,08390271666996463;6.0;299;18
0,17160771118457574;6.0;299;18
0,16225004138137655;6.0;281;149
0,019805699430567758;6.0;281;149
0,05871755673879986;6.0;1072;24
0,12693021068909038;6.0;1072;24
0,2243700271879796;6.0;1072;24
0,3841254996456125;6.0;1072;24
0,11184482587199684;6.0;1263;93
0,9816982248694406;6.0;462;14
0,1484583619988169;6.0;772;32
0,6632614578690161;6.0;857;15
0,49194892201067164;6.0;857;15
0,47993473909853335;6.0;857;15
0,42073506987527565;6.0;857;15
0,30329898228839736;6.0;223;62
0,13904042218156532;6.0;270;20
0,21313700012193748;6.0;270;20
0,23255287759754917;6.0;270;20
0,21614500268290304;6.0;270;20
0,13027281629474108;6.0;270;20
0,12924755730338489;6.0;431;104
0,3818184340151889;6.0;922;34
0,46066897078303515;6.0;572;23
0,5057326459086808;6.0;572;23
0,08841310161147575;6.0;320;25
0,18793710649614126;6.0;320;25
0,6483041021512577;6.0;205;24
0,18180041027646898;6.0;1091;18
0,07112962023559533;6.0;1044;126
0,251903541681741;6.0;1044;126
0,771354120806532;6.0;1054;11
0,771354120806532;6.0;1054;11
0,24612503527647078;6.0;1054;11
1,0;6.0;1054;11
0,771354120806532;6.0;1054;11
1,0;6.0;1054;11
0,27890101753895835;6.0;1054;11
0,28466480951348827;6.0;39;82
0,30795357972258586;6.0;1073;14
0,1428579711242366;6.0;1073;14
0,7670246382727792;6.0;941;53
0,14757149288322857;6.0;273;92
0,3829503982975502;6.0;435;31
0,5671448069890075;6.0;435;31
0,1457677174653118;6.0;178;56
0,09491567138328416;6.0;178;56
0,4291796727035677;6.0;178;56
0,0322456686262409;6.0;380;87
0,2030983204879553;6.0;1120;13
0,5371186248372215;6.0;1120;13
0,22051425059240293;6.0;1120;13
0,3261032657783034;6.0;1120;13
0,5765260366305234;6.0;179;22
0,06827291926605938;6.0;621;45
0,08001044901725729;6.0;202;56
0,5010889621989874;6.0;1085;85
0,05974832586127832;6.0;734;42
0,11637929470182407;6.0;734;42
0,047513803507734265;6.0;943;118
0,1316643555582795;6.0;44;26
0,18762673017264375;6.0;44;26
0,17839011380401049;6.0;44;26
0,5405190370107806;6.0;837;40
0,4894271210834473;6.0;837;40
0,26939536345362347;6.0;1037;15
0,3883323556361482;6.0;1037;15
0,32176321509825034;6.0;185;40
0,5833484684471937;6.0;1056;28
0,3233686341793831;6.0;592;4
0,7040822733115759;6.0;592;4
0,33446217048289095;6.0;248;43
0,4409487318193652;6.0;667;40
0,052172139883916335;6.0;1132;62
0,32971228780398376;6.0;965;20
0,36874331045508124;6.0;229;14
0,11171842074084437;6.0;163;66
0,7515613726597115;6.0;575;11
0,7010250100567232;6.0;575;11
0,23165843397392294;6.0;866;34
0,12289553211413184;6.0;866;34
0,03898987893452843;6.0;182;97
0,22829816607689168;6.0;635;76
0,15146089117712314;6.0;180;49
0,19921534228744076;6.0;512;104
0,2607083048279648;6.0;596;23
0,23679926386879768;6.0;596;23
0,3695092819322776;6.0;596;23
0,33460898122880556;6.0;596;23
0,4388695141009271;6.0;73;12
0,16627374626909597;6.0;291;58
0,02631434298565427;6.0;419;94
0,032345570093083476;6.0;419;94
0,04937474829652877;6.0;419;94
0,035000532936300566;6.0;487;71
0,22873636125213093;6.0;487;71
0,07933346891304827;6.0;487;71
0,3288287971227435;6.0;845;30
0,6928453885471137;6.0;845;30
0,24554382804478703;6.0;845;30
0,2946328495850101;6.0;845;30
0,15893500378433179;6.0;1012;46
0,01473820472852072;6.0;1012;46
0,11679507289282354;6.0;799;63
0,1527663923672793;6.0;947;83
0,06491118511305571;6.0;213;33
0,3069964457564469;6.0;416;63
0,2245843026463239;6.0;1188;49
0,41995712678144015;6.0;1188;49
0,24735188445466139;6.0;1188;49
0,30632769310308383;6.0;1188;49
0,3231563593392588;6.0;823;45
0,11773615635216683;6.0;534;41
0,057830009973922625;6.0;952;62
0,062282491750910385;6.0;952;62
0,06020290176060916;6.0;55;34
0,0033792797942520103;6.0;55;34
0,23737046074052603;6.0;55;34
0,5262458155116294;6.0;108;3
0,7697366192225321;6.0;108;3
0,5262458155116294;6.0;108;3
0,6191352501017162;6.0;108;3
0,1602364233462037;6.0;614;87
0,1158085451324724;6.0;1202;93
0,39799034625755003;6.0;559;15
0,4327688107415373;6.0;559;15
0,5595439434364371;6.0;559;15
0,26686512855978317;6.0;559;15
0,13160751449359842;6.0;637;68
0,24897719406535046;6.0;1278;49
0,08899947597611635;6.0;1199;71
0,1496825557768604;6.0;1199;71
0,155070617549248;6.0;861;83
0,3577014757009107;6.0;961;31
0,0371164094017189;6.0;255;59
0,036283233864096154;6.0;255;59
0,15549071773054535;6.0;325;38
0,23565760438564953;6.0;325;38
0,1418614663537794;6.0;814;84
0,5412735756796754;6.0;89;13
0,44526167079418566;6.0;1220;24
0,17245753910137096;6.0;212;62
0,5111730393860838;6.0;689;11
0,42572101183518707;6.0;225;12
0,42572101183518707;6.0;225;12
0,2006704522399343;6.0;225;12
0,08371558170011784;6.0;265;81
0,24836088804685574;6.0;265;81
0,13198503833938768;6.0;1250;82
0,18325232570442274;6.0;1250;82
0,170993140917457;6.0;1250;82
0,10909120096724223;6.0;1250;82
0,148386099697148;6.0;1250;82
0,14805080319732844;6.0;888;63
0,06190418257796426;6.0;1024;96
0,36953666205722957;6.0;369;32
0,1837383895760889;6.0;369;32
0,14578887389000617;6.0;369;32
0,6590446534974346;6.0;1113;19
0,42341841052366513;6.0;1113;19
0,11987914957287749;6.0;1022;161
0,22430260005876113;6.0;18;63
0,08085340456922707;6.0;514;33
0,14853189965352742;6.0;514;33
0,21071813514506;6.0;494;32
0,3722990948373812;6.0;494;32
0,10562113861876132;6.0;115;59
0,027294894203541364;6.0;115;59
0,13006804449744802;6.0;115;59
0,12074130114601966;6.0;115;59
0,12900308414335981;6.0;115;59
0,1839075258556524;6.0;115;59
0,1461476673451303;6.0;209;49
0,30839378835821907;6.0;176;39
0,22815479920877513;6.0;821;50
0,010628911792795126;6.0;583;81
0,012201145949689796;6.0;583;81
0,18323437572381818;6.0;1057;68
0,14404410849903782;6.0;690;19
0,20373624352081054;6.0;690;19
0,47433140166887466;6.0;1099;20
0,15387808345505127;6.0;1099;20
0,08869575785208239;6.0;1099;20
0,09775447163954243;6.0;1099;20
0,35498798719484137;6.0;1099;20
0,3827211772462742;6.0;1099;20
0,797126991161287;6.0;408;3
0,797126991161287;6.0;408;3
0,797126991161287;6.0;408;3
0,797126991161287;6.0;408;3
0,20354178780709997;6.0;283;114
0,04881607125483489;6.0;283;114
0,21714821980165255;6.0;235;36
0,1772915481363726;6.0;311;36
0,19896671561056567;6.0;311;36
0,2272270049423819;6.0;311;36
0,31095389334782086;6.0;311;36
0,2867828695071355;6.0;311;36
0,32445800980948536;6.0;311;36
0,5222157555871301;6.0;311;36
0,1738421783932491;6.0;311;36
0,12914851243519765;6.0;437;121
0,16558100444260626;6.0;946;26
0,13593984557579009;6.0;912;95
0,013234501145920285;6.0;912;95
0,18241488914420967;6.0;912;95
0,4683426332934666;6.0;685;22
0,08786442317231868;6.0;1205;110
0,631724406149659;6.0;1130;15
0,8565199990841006;6.0;1130;15
0,4731507820353307;6.0;292;46
0,050319042178017304;6.0;410;13
0,0623588676581599;6.0;410;13
0,09956112483838009;6.0;791;32
0,24755743397604668;6.0;566;42
0,12867620602648966;6.0;948;48
0,22326077374938613;6.0;276;96
0,1978737091509608;6.0;607;17
0,12329296041718729;6.0;607;17
0,2661822401183904;6.0;640;46
0,25787505353797924;6.0;236;14
0,6765128704542354;6.0;1106;18
0,45328822160800164;6.0;841;31
0,18528856495088708;6.0;858;46
0,20046966023560397;6.0;858;46
0,03444227686172452;6.0;829;49
0,03904572473074008;6.0;1192;29
0,14410267888549644;6.0;1192;29
0,26860391508603465;6.0;920;34
0,5390899222121237;6.0;755;34
0,3383281520778203;6.0;755;34
0,022139685133941267;6.0;816;155
0,13209072215859918;6.0;999;46
0,020980672857519478;6.0;1240;42
0,12091916353164289;6.0;530;22
0,15032833463531237;6.0;530;22
0,28871906600118513;6.0;330;64
0,4030161312658964;6.0;1253;23
0,10973903638027105;6.0;164;27
0,4652652287384522;6.0;216;25
0,26487645263163295;6.0;819;20
0,6130138555548403;6.0;819;20
0,1981480348146838;6.0;375;22
0,4156730499558443;6.0;121;38
0,22903084585353728;6.0;521;25
0,21068471501770114;6.0;460;29
0,3716055448074882;6.0;460;29
0,13865200560521385;6.0;127;44
0,1162761833121373;6.0;127;44
0,08935647623132725;6.0;1241;113
0,027348886933224126;6.0;1032;43
0,025313969485440513;6.0;1032;43
0,04867563729900204;6.0;349;114
0,47708946384975515;6.0;137;19
0,5390859007981317;6.0;137;19
0,088154385612077;6.0;1000;72
0,14223233649805578;6.0;1000;72
0,20239844425005593;6.0;231;112
0,12114557627432743;6.0;231;112
0,13569599369429475;6.0;231;112
0,19956276115958227;6.0;639;53
0,05963969272597902;6.0;639;53
0,11154495242424911;6.0;341;28
0,2535891562711321;6.0;341;28
0,23110971265749325;6.0;461;6
0,7918483273349797;6.0;461;6
0,23110971265749325;6.0;461;6
1,0;6.0;461;6
0,23110971265749325;6.0;461;6
1,0;6.0;461;6
0,07744411577233845;6.0;1016;67
1,0;6.0;1074;15
0,3615965843422351;6.0;45;58
0,1127921752938219;6.0;45;58
0,12682068362519217;6.0;580;92
0,05739716912145032;6.0;580;92
0,1381953194440484;6.0;580;92
0,08621534982936918;6.0;1265;57
0,06983039194853013;6.0;1265;57
0,11782648028878029;6.0;1265;57
0,10766442845500102;6.0;1265;57
0,016523623403018384;6.0;1107;228
0,014699006397711933;6.0;1107;228
0,021644855423394116;6.0;1107;228
0,01312431744907383;6.0;1107;228
0,007915750150865097;6.0;1107;228
0,02163066947363812;6.0;1107;228
0,025992085120454034;6.0;1107;228
0,023174652245465444;6.0;1107;228
0,019083296030778296;6.0;1107;228
0,0273997588879904;6.0;1107;228
0,15594074335467756;6.0;582;89
0,034535060355404434;6.0;582;89
0,026535429051991022;6.0;582;89
1,0;6.0;150;22
1,0;6.0;150;22
1,0;6.0;150;22
1,0;6.0;150;22
1,0;6.0;150;22
1,0;6.0;150;22
1,0;6.0;150;22
1,0;6.0;150;22
1,0;6.0;150;22
1,0;6.0;150;22
0,18859220520873077;6.0;259;75
0,28843476595922324;6.0;143;70
0,398583979013718;6.0;1280;33
0,22447125457260309;6.0;887;105
0,09437964434257373;6.0;433;108
0,16666633466387593;6.0;433;108
0,11985704769185568;6.0;433;108
0,2467604439900788;6.0;655;37
0,17267146812259848;6.0;424;66
0,09004172423342993;6.0;366;40
0,0909842985534024;6.0;366;40
0,07545646612622448;6.0;366;40
0,0552398428922003;6.0;660;79
0,06577973179283836;6.0;660;79
0,11695977872380614;6.0;660;79
0,028869756332959184;6.0;24;81
0,12140203157484741;6.0;426;29
0,10758201970018266;6.0;426;29
0,11041365979546192;6.0;889;22
0,4741641136217569;6.0;889;22
0,04339688016575027;6.0;1005;96
0,1333044741135041;6.0;1005;96
0,04554180043773015;6.0;1005;96
0,06858110975194776;6.0;591;99
0,174456918654464;6.0;591;99
0,23304373125749867;6.0;983;39
0,18869701705526887;6.0;983;39
0,09787751868834338;6.0;1076;41
0,320770202280549;6.0;118;37
0,06532689647731904;6.0;118;37
0,20353002020248478;6.0;725;82
0,45319326516535385;6.0;526;23
0,42427454754445715;6.0;451;22
0,11941752208841172;6.0;420;80
0,08809835886208939;6.0;404;81
0,08251933583890114;6.0;427;76
0,16437963539010458;6.0;427;76
0,25043907522982267;6.0;832;35
0,3671110707823877;6.0;832;35
0,17404695567768358;6.0;77;27
0,1862003142641242;6.0;457;93
0,026200237930059656;6.0;457;93
0,21089470276414102;6.0;756;36
0,28006633200539377;6.0;532;40
0,07340620658117714;6.0;532;40
0,14209786354353748;6.0;532;40
0,08833208341132015;6.0;1171;149
0,21984251395835153;6.0;434;104
0,016826665325784473;6.0;743;290
0,021367597966835072;6.0;743;290
0,08308094015756207;6.0;743;290
0,03293732465122856;6.0;743;290
0,030078797587606232;6.0;743;290
0,09245912859343086;6.0;743;290
0,14919976142669933;6.0;1197;52
0,19483497013833007;6.0;830;52
AVG:0,2606073188796289