pathSize;angle_to_destination;route_ID;number_of_edges
0,07400579239471927;40.0;315;17
0,16070698826849283;40.0;315;17
0,07400579239471927;40.0;315;17
0,07400579239471927;40.0;315;17
0,07400579239471927;40.0;315;17
0,07400579239471927;40.0;315;17
0,16070698826849283;40.0;315;17
0,16070698826849283;40.0;315;17
0,6944091192254949;40.0;465;22
0,2716264946211122;40.0;506;51
0,4017298741149735;40.0;506;51
0,28723534801675776;40.0;506;51
0,6488516664485902;40.0;506;51
0,5126297808079343;40.0;506;51
0,6816470420050877;40.0;506;51
0,3212354672681903;40.0;506;51
0,532139243762612;40.0;506;51
0,3268977048967472;40.0;240;58
0,21066649908793567;40.0;240;58
0,27123987037613917;40.0;240;58
0,3569048656436322;40.0;240;58
0,36036359464818646;40.0;608;83
0,22559918921843103;40.0;608;83
0,23455234134645964;40.0;801;97
0,0576871216557191;40.0;420;80
0,13645991005922076;40.0;420;80
0,056656949712643234;40.0;420;80
0,04498188681065862;40.0;420;80
0,14856833887362697;40.0;307;187
0,18016321837808347;40.0;307;187
0,40872452939665904;40.0;1089;47
0,28523291537574025;40.0;1089;47
0,48372044955967053;40.0;1089;47
0,44821604674177884;40.0;1089;47
0,44447539108132617;40.0;1089;47
0,47300636930434803;40.0;1089;47
0,5129968429730216;40.0;1089;47
0,032119731574106414;40.0;743;290
0,017741630280533993;40.0;743;290
0,028294995339554152;40.0;743;290
0,01699070550163806;40.0;743;290
0,018603039358646045;40.0;743;290
0,017396942219588762;40.0;743;290
0,0209099327971094;40.0;743;290
0,03414361460288662;40.0;743;290
0,017069937878416486;40.0;743;290
0,16632171826718456;40.0;530;22
0,1621498333080562;40.0;530;22
0,12534131563693696;40.0;530;22
0,1427382290753345;40.0;530;22
0,16398005902277202;40.0;530;22
0,14674990876487493;40.0;530;22
0,2317528437538725;40.0;1202;93
0,20116262071253987;40.0;1202;93
0,2821972234855381;40.0;1202;93
0,2897553757812985;40.0;1202;93
0,23869548416300046;40.0;1202;93
0,23147357375714095;40.0;1202;93
0,18993020636184177;40.0;1202;93
0,21003135628420044;40.0;1202;93
0,09800431912611951;40.0;659;88
0,08774748614359096;40.0;659;88
0,06254840859789534;40.0;659;88
0,056216754400606916;40.0;659;88
0,07729306559101934;40.0;659;88
0,04679527615267243;40.0;659;88
0,8713473663543587;40.0;521;25
0,8713473663543587;40.0;521;25
0,5531996866139313;40.0;521;25
1,0;40.0;521;25
1,0;40.0;521;25
0,8817876538361085;40.0;521;25
0,8203960357507027;40.0;521;25
0,8723629668475985;40.0;521;25
0,02601716263764997;40.0;142;120
0,11360415060307183;40.0;556;60
0,24261815962777566;40.0;1018;95
0,22273613548990423;40.0;1018;95
0,04301592403806853;40.0;582;89
0,05935715851001411;40.0;582;89
0,0352699960465388;40.0;582;89
0,0588160356760592;40.0;582;89
0,04711873239070696;40.0;582;89
0,036749148358033334;40.0;582;89
0,05560240383947268;40.0;582;89
0,043786727901667044;40.0;582;89
0,04935063792063121;40.0;582;89
0,25182015414199954;40.0;14;53
0,2981404298848167;40.0;14;53
0,11588815316148082;40.0;14;53
0,3552558654185176;40.0;14;53
0,487127262645481;40.0;14;53
0,08769741147209364;40.0;14;53
0,18585269687193806;40.0;14;53
0,10477957854805386;40.0;14;53
0,12733189817485546;40.0;1160;153
0,11210362771795612;40.0;1160;153
0,24920754362608277;40.0;1160;153
0,06710351870356202;40.0;1160;153
0,11145181984908148;40.0;1160;153
0,10095712107362798;40.0;1160;153
0,133312869376234;40.0;1160;153
0,1919180812103971;40.0;545;30
0,2240711156975237;40.0;545;30
0,23900934950860808;40.0;545;30
0,1919180812103971;40.0;545;30
0,1856698981201057;40.0;545;30
0,2517080237072895;40.0;120;15
0,2517080237072895;40.0;120;15
0,2517080237072895;40.0;120;15
0,2517080237072895;40.0;120;15
0,2517080237072895;40.0;120;15
0,2517080237072895;40.0;120;15
0,2517080237072895;40.0;120;15
0,2517080237072895;40.0;120;15
0,2517080237072895;40.0;120;15
0,47310941324505706;40.0;590;76
0,27123903187549114;40.0;590;76
0,3286224781412508;40.0;590;76
0,20117774695319812;40.0;590;76
0,5897604980437303;40.0;1260;80
0,37770842011679195;40.0;1260;80
0,4501553761064987;40.0;1260;80
0,4973374615202377;40.0;1260;80
0,45921657341935385;40.0;1260;80
0,5243912256369136;40.0;1260;80
0,3558334330177435;40.0;1137;48
0,16154099113122244;40.0;639;53
0,19528277625485257;40.0;639;53
0,20884654777851397;40.0;639;53
0,0934792161789948;40.0;639;53
0,22004026948488664;40.0;639;53
0,04132996142979617;40.0;639;53
0,07830469890484837;40.0;639;53
1,0;40.0;1054;11
1,0;40.0;1054;11
1,0;40.0;1054;11
0,771354120806532;40.0;1054;11
1,0;40.0;1054;11
1,0;40.0;1054;11
1,0;40.0;1054;11
1,0;40.0;1054;11
0,771354120806532;40.0;1054;11
1,0;40.0;1054;11
0,06593734304205134;40.0;318;50
0,08388266601040395;40.0;318;50
0,15071307892605423;40.0;1265;57
0,19945708451432997;40.0;1265;57
0,13131244582292312;40.0;1265;57
0,1148027284608737;40.0;1265;57
0,1829838055853641;40.0;1265;57
0,0931618199819173;40.0;1265;57
0,27290223355595566;40.0;1265;57
0,1360025081169527;40.0;1265;57
0,20718960906162076;40.0;1265;57
0,10658685846943228;40.0;1265;57
0,3204770369800616;40.0;827;42
0,24650105323545057;40.0;827;42
0,32607769084622795;40.0;602;72
0,21692535412705483;40.0;334;22
0,3791026352156679;40.0;1225;58
0,3476622195578343;40.0;1225;58
0,31998542875496505;40.0;1225;58
0,6101907717784976;40.0;1225;58
0,0710372953637326;40.0;774;91
0,06963323519776465;40.0;774;91
0,06139882562459675;40.0;774;91
0,07836751304610146;40.0;774;91
0,22812918797932746;40.0;1232;48
0,31885709901277437;40.0;1232;48
0,5303582948974228;40.0;1232;48
0,44650158381439575;40.0;1232;48
0,37585217915743185;40.0;1232;48
0,364715764287765;40.0;1232;48
0,26073618378032304;40.0;1232;48
0,1957080461175642;40.0;1232;48
0,5303582948974228;40.0;1232;48
0,2704512460197548;40.0;1232;48
0,32393339962385315;40.0;1091;18
0,3812124632629541;40.0;1091;18
0,3320723931580778;40.0;1091;18
0,31538222173749153;40.0;1091;18
0,47337727441410915;40.0;1091;18
0,3148249168500994;40.0;1091;18
0,35371108805136675;40.0;1091;18
0,31538222173749153;40.0;1091;18
0,32309206779646527;40.0;1091;18
0,5947828532870492;40.0;1091;18
0,40954983565506997;40.0;682;42
0,4978162241612911;40.0;682;42
0,6532893478655928;40.0;682;42
0,6179216537228549;40.0;682;42
0,14596879198499035;40.0;682;42
0,6730276704668976;40.0;682;42
0,030721010125321024;40.0;918;149
0,028174500732945473;40.0;918;149
0,03356801671998122;40.0;918;149
0,0935007776694583;40.0;366;40
0,028809805657252774;40.0;366;40
0,10024088685086618;40.0;366;40
0,1053767199971809;40.0;366;40
0,0827942942759059;40.0;366;40
0,09807857502636996;40.0;366;40
0,09936284181205379;40.0;366;40
0,10187900598511535;40.0;366;40
0,09976731719587262;40.0;366;40
0,15043776647970675;40.0;316;62
0,113482769407107;40.0;316;62
0,08869187410272805;40.0;316;62
0,05633249245396743;40.0;316;62
0,0676353405064416;40.0;316;62
0,152549738359385;40.0;316;62
0,0959869630611232;40.0;342;75
0,27287097805822014;40.0;342;75
0,2084740418911264;40.0;363;76
0,0655293227526792;40.0;363;76
0,26641595803479867;40.0;363;76
0,18254683128442184;40.0;363;76
0,13906827358570473;40.0;363;76
0,19999711918756313;40.0;363;76
0,35403663494279725;40.0;363;76
0,1654654209396671;40.0;363;76
0,15411452652156998;40.0;363;76
0,24486416299686442;40.0;363;76
0,30681209945960175;40.0;1026;68
0,29507018782314853;40.0;1026;68
0,2923883047253504;40.0;1026;68
0,30716962473920817;40.0;1026;68
0,2040825365730281;40.0;1026;68
0,09828953827348985;40.0;585;62
0,2428378013550878;40.0;585;62
0,08744122328655934;40.0;176;39
0,03563027305588107;40.0;176;39
0,024781055004206465;40.0;176;39
0,18922953577613577;40.0;119;55
0,06830314147974392;40.0;119;55
0,06881870866740436;40.0;119;55
0,1279781989444242;40.0;119;55
0,18899396554640346;40.0;119;55
0,07613120269456553;40.0;119;55
0,35716636559832593;40.0;119;55
0,2541174805692643;40.0;753;95
0,2732180733760785;40.0;753;95
0,22006488852233708;40.0;753;95
0,2277107699929779;40.0;753;95
0,32714537391792065;40.0;753;95
0,2276237561703005;40.0;753;95
0,22121045824831387;40.0;753;95
0,23649377553616624;40.0;753;95
0,03234366758936802;40.0;1146;113
0,04183591800077169;40.0;1146;113
0,05528141729067659;40.0;1146;113
0,045364242843819014;40.0;1146;113
0,043687538187585195;40.0;1146;113
0,0432724818817416;40.0;1146;113
0,039101990944397924;40.0;1146;113
0,035137048529646275;40.0;1146;113
0,03963965511038747;40.0;1146;113
0,06489527342651935;40.0;1032;43
0,02719895467357114;40.0;1032;43
0,026647113542707324;40.0;1032;43
0,027077620025244054;40.0;1032;43
0,026930981293236345;40.0;1032;43
0,026855369178832467;40.0;1032;43
0,18886208587257913;40.0;1032;43
0,039974142146291136;40.0;1032;43
0,02734624259889773;40.0;1032;43
0,09580133492982501;40.0;799;63
0,1147824323609119;40.0;799;63
0,10956100497501242;40.0;799;63
0,08990263388928121;40.0;799;63
0,12469052044411977;40.0;799;63
0,08943487765155811;40.0;799;63
0,14676339564850616;40.0;799;63
0,1292280174648559;40.0;799;63
0,25722322164933975;40.0;1240;42
0,45177648648093727;40.0;1240;42
0,3130196429841796;40.0;1240;42
0,25796481618001343;40.0;1240;42
0,3130196429841796;40.0;1240;42
0,21245500295271302;40.0;1240;42
0,19333994882611094;40.0;1263;93
0,1899825633291934;40.0;1263;93
0,14792930190945253;40.0;1263;93
0,09276085163789394;40.0;1263;93
0,08518773790511958;40.0;1263;93
0,07499421222971159;40.0;1263;93
0,15719611434486502;40.0;1263;93
0,10721648012632867;40.0;1263;93
0,07013479184662641;40.0;1263;93
0,11561923640656935;40.0;1263;93
0,0771602429902245;40.0;271;86
0,32127064456959764;40.0;271;86
0,07471513125420715;40.0;271;86
0,4458974875300816;40.0;271;86
0,09725291587170992;40.0;271;86
0,5500962813853867;40.0;271;86
0,29178133840092735;40.0;271;86
0,38368553066792965;40.0;271;86
0,2157776517778185;40.0;395;164
0,24730474978181105;40.0;395;164
0,18641374689862933;40.0;395;164
0,4484640106227602;40.0;395;164
0,5791618384070749;40.0;395;164
0,060509785498057855;40.0;395;164
0,38159849436792337;40.0;395;164
0,10942166033901057;40.0;543;26
0,2844726642941666;40.0;543;26
0,30122571982844026;40.0;543;26
0,2270128544417711;40.0;739;39
0,14882867991033533;40.0;739;39
0,07826958520833327;40.0;739;39
0,11692115458209362;40.0;739;39
0,16636261500192595;40.0;739;39
0,4366973218771657;40.0;739;39
0,24058019139171494;40.0;739;39
0,25488926307123005;40.0;739;39
0,23370771490798603;40.0;739;39
0,19581792075038185;40.0;739;39
0,5290210975858833;40.0;1193;122
0,3637975482501161;40.0;1193;122
0,4056945108926375;40.0;1193;122
0,4643174832675476;40.0;1193;122
0,6039520561019962;40.0;1193;122
0,2185560536537694;40.0;81;91
0,22162265320976315;40.0;81;91
0,2412253227367882;40.0;81;91
0,18019065976940274;40.0;81;91
0,2568096965293829;40.0;81;91
0,2331537656544811;40.0;81;91
0,19740679767458702;40.0;81;91
0,06789694199807772;40.0;224;20
0,08370336338660445;40.0;224;20
0,8300379107549156;40.0;179;22
0,8750345495115357;40.0;179;22
0,35557000048962695;40.0;179;22
0,8681866311187858;40.0;179;22
0,8852564918562764;40.0;179;22
0,2611036940352647;40.0;179;22
0,0677549185252968;40.0;697;170
0,05747741435896536;40.0;697;170
0,04252134989618561;40.0;697;170
0,08971058408427401;40.0;697;170
0,06301879609608685;40.0;697;170
0,07238649354167825;40.0;697;170
0,04842610803988112;40.0;697;170
0,046646775597751544;40.0;697;170
0,06031422883215587;40.0;697;170
0,034183803011781144;40.0;697;170
0,17995755870864483;40.0;460;29
0,17995755870864483;40.0;460;29
0,2392331056837782;40.0;460;29
0,08257361949363307;40.0;896;135
0,12358823045236522;40.0;896;135
0,07696333564829527;40.0;896;135
0,2611323756497479;40.0;303;33
0,33063582439320727;40.0;303;33
0,30406565446784617;40.0;303;33
0,24843901460184736;40.0;303;33
0,3186201516355429;40.0;303;33
0,32378722824069106;40.0;303;33
0,2788662397724744;40.0;303;33
0,24329688270956829;40.0;303;33
0,15443075155398467;40.0;375;22
0,09105190487496428;40.0;375;22
0,15764006644266937;40.0;375;22
0,09105190487496428;40.0;375;22
0,14784755832670204;40.0;375;22
0,12460539385067593;40.0;375;22
0,15764006644266937;40.0;375;22
0,12036487089457526;40.0;375;22
0,221889526653807;40.0;607;17
0,16732360476803;40.0;607;17
0,19695301746616312;40.0;607;17
0,22264416757325933;40.0;607;17
0,20351692711428182;40.0;607;17
0,23459383797070887;40.0;607;17
0,17451820053318423;40.0;1044;126
0,2426436068077371;40.0;1044;126
0,1727984396800588;40.0;1044;126
0,16011867864379647;40.0;1044;126
0,15591073480831774;40.0;1044;126
0,26641673256934006;40.0;1044;126
0,1638616724493689;40.0;1044;126
0,20314567223831492;40.0;1044;126
0,13294401111646703;40.0;1044;126
0,1832944074191738;40.0;1044;126
0,04175823340372564;40.0;601;69
0,04977832485533096;40.0;601;69
0,024823376499240046;40.0;601;69
0,06659215156788711;40.0;601;69
0,023257765658522667;40.0;353;181
0,023517208881294493;40.0;353;181
0,022721108386361877;40.0;353;181
0,02323211857580798;40.0;353;181
0,021837607013503568;40.0;353;181
0,02347391974976354;40.0;353;181
0,022356704148422724;40.0;353;181
0,0237602221979758;40.0;353;181
0,39090326956316557;40.0;1090;103
0,7809927889977015;40.0;1090;103
0,3393547375105126;40.0;1090;103
0,4885244084829843;40.0;1090;103
0,16037153209351684;40.0;223;62
0,08482081736818059;40.0;426;29
0,08469117461536801;40.0;426;29
0,1512269956629344;40.0;426;29
0,1512269956629344;40.0;426;29
0,1512269956629344;40.0;426;29
0,1512269956629344;40.0;426;29
0,1512269956629344;40.0;426;29
0,1512269956629344;40.0;426;29
0,1512269956629344;40.0;426;29
0,1512269956629344;40.0;426;29
0,13684775384296954;40.0;165;77
0,18437296424107652;40.0;165;77
0,08799079228247897;40.0;971;104
0,04200208818917783;40.0;971;104
0,04860927609500898;40.0;971;104
0,08132740169076036;40.0;971;104
0,14137112913654915;40.0;971;104
0,04591461941794983;40.0;971;104
0,057235920501411686;40.0;971;104
0,06543321734243501;40.0;971;104
0,09876481360158129;40.0;971;104
0,1375063430472212;40.0;971;104
0,20730417234093967;40.0;791;32
0,20730417234093967;40.0;791;32
0,2268449115530653;40.0;791;32
0,08074286180412638;40.0;791;32
0,09844533400218203;40.0;70;129
0,11141563188725634;40.0;70;129
0,11777617835161758;40.0;70;129
0,06865057330124746;40.0;70;129
0,07749622603175355;40.0;70;129
0,07594573066902299;40.0;70;129
0,32783199101390825;40.0;212;62
0,22258628695670057;40.0;212;62
0,18198431011001315;40.0;212;62
0,31584764693779355;40.0;212;62
0,2724942609380343;40.0;212;62
0,30699612550439714;40.0;212;62
0,3167054533457505;40.0;212;62
0,22883834004188452;40.0;212;62
0,22291032841510328;40.0;212;62
0,3256491612797421;40.0;212;62
0,44580946789835174;40.0;194;93
0,11519972620772334;40.0;194;93
0,12294755019071535;40.0;194;93
0,1640666776567754;40.0;194;93
0,4063745605264766;40.0;194;93
0,17712796229743843;40.0;194;93
0,11199992019887972;40.0;194;93
0,35728156648085063;40.0;194;93
0,11203954368317781;40.0;194;93
0,4186887498063634;40.0;194;93
0,10591954443184326;40.0;126;89
0,17796972151565127;40.0;126;89
0,1804746862823461;40.0;1244;115
0,3477278131156618;40.0;1244;115
0,3539943962050567;40.0;1244;115
0,5094486438866657;40.0;1244;115
0,20201629733152626;40.0;1244;115
0,34370767581075956;40.0;103;35
0,22447777080937437;40.0;103;35
0,15823074762328226;40.0;73;12
0,06683470060767593;40.0;53;70
0,042888741508212425;40.0;53;70
0,19074697192765022;40.0;215;123
0,20518051950190297;40.0;215;123
0,8064748357639586;40.0;837;40
0,8064748357639586;40.0;837;40
0,7720694659605651;40.0;837;40
0,7803841029533993;40.0;837;40
0,7604174829910764;40.0;837;40
0,670227169353814;40.0;837;40
0,5657705535581625;40.0;946;26
0,5190875104529231;40.0;946;26
0,7150932589830905;40.0;946;26
0,8146388572767747;40.0;946;26
0,1252845443934496;40.0;978;72
0,05894893667598877;40.0;978;72
0,025880745359849522;40.0;978;72
0,12269359197588203;40.0;978;72
0,08472507109686234;40.0;978;72
0,05658269027582574;40.0;978;72
0,1241842179425523;40.0;978;72
0,09427898085565722;40.0;978;72
0,18047159258423728;40.0;1207;125
0,0576902252995124;40.0;1207;125
0,11808802617874958;40.0;1207;125
0,19978298812272266;40.0;1207;125
0,09700771129412789;40.0;534;41
0,07564792525332531;40.0;534;41
0,14580166819288176;40.0;534;41
0,0739686070107517;40.0;534;41
0,043896558960491605;40.0;957;67
0,14038419871053365;40.0;957;67
0,14374080233611441;40.0;1145;36
0,14374080233611441;40.0;1145;36
0,14809413000597194;40.0;1145;36
0,14505876878298252;40.0;1145;36
0,19565809564057512;40.0;1145;36
0,14405182900635527;40.0;1145;36
0,2619846943447388;40.0;1145;36
0,11064192394236838;40.0;1145;36
0,14374080233611441;40.0;1145;36
0,04451808565056048;40.0;1242;86
0,03550543836032927;40.0;1242;86
0,05329763004333077;40.0;1242;86
0,21218222921237428;40.0;1242;86
0,032342370384588426;40.0;1242;86
0,14938776626988037;40.0;1242;86
0,07774708665406882;40.0;1242;86
0,04925295242257355;40.0;1242;86
0,20454020606799328;40.0;1242;86
0,2496418400913738;40.0;168;68
0,28347523770775696;40.0;168;68
0,08257728350137317;40.0;168;68
0,259888001364615;40.0;231;112
0,19172393695949475;40.0;231;112
0,19614240795353477;40.0;231;112
0,21684154399152544;40.0;231;112
0,21358109687542393;40.0;231;112
0,1915179638515545;40.0;231;112
0,25456633462422507;40.0;231;112
0,20204654340770856;40.0;231;112
0,4323904973942787;40.0;200;32
0,318015300874251;40.0;200;32
0,33732722412368177;40.0;88;13
0,3458555919459392;40.0;88;13
0,33732722412368177;40.0;88;13
0,663112706970364;40.0;88;13
0,15016951630722697;40.0;434;104
0,1724595881391524;40.0;434;104
0,17379977686204362;40.0;434;104
0,15440292854510562;40.0;434;104
0,18017443319317827;40.0;434;104
0,10784804116213453;40.0;434;104
0,26264018470146233;40.0;325;38
0,5641297223608448;40.0;325;38
0,47871322207698985;40.0;325;38
0,3973078933689089;40.0;325;38
0,596596161098478;40.0;325;38
0,42385323029155253;40.0;325;38
0,5641297223608448;40.0;325;38
0,24311439162128345;40.0;74;76
0,174600159160059;40.0;74;76
0,2821664972590401;40.0;166;78
0,18160297526644809;40.0;166;78
0,4124306219163616;40.0;166;78
0,27098892961258625;40.0;166;78
0,1907121887666514;40.0;166;78
0,1959221692234363;40.0;166;78
0,19382557307829007;40.0;166;78
0,04972198406439432;40.0;942;165
0,04571671177453096;40.0;942;165
0,050196340557342456;40.0;942;165
0,04181895133077096;40.0;942;165
0,05090256669623061;40.0;942;165
0,08422349964902454;40.0;842;80
0,0393234990363065;40.0;842;80
0,443861158913214;40.0;133;126
0,12509138576106094;40.0;133;126
0,10242061462688623;40.0;133;126
0,1361668781831924;40.0;133;126
0,02753021581222792;40.0;789;125
0,09943523208996763;40.0;821;50
0,37005355790353467;40.0;821;50
0,28668869648645057;40.0;821;50
0,3730111316064286;40.0;821;50
0,13712522354941403;40.0;655;37
0,5110548080145059;40.0;655;37
0,22577032264703245;40.0;655;37
0,19936615860028528;40.0;655;37
0,22662598479078322;40.0;655;37
0,21750901214741547;40.0;655;37
0,23318710288826106;40.0;279;111
0,25553581670958003;40.0;279;111
0,2239910855335756;40.0;279;111
0,299923622976386;40.0;279;111
0,23410576392295646;40.0;279;111
0,2133635536739602;40.0;279;111
0,3982845348577053;40.0;1116;56
0,4831476176297842;40.0;1116;56
0,4167140652697541;40.0;1116;56
0,33056554478037037;40.0;1116;56
0,30512465717281234;40.0;1116;56
0,4187949346093487;40.0;1116;56
0,30987178895869083;40.0;1116;56
0,4325255213459409;40.0;1116;56
0,3936353393119154;40.0;1078;43
0,3195359850860835;40.0;48;65
0,2788361001063011;40.0;48;65
0,4270742841971997;40.0;48;65
0,5394330177708915;40.0;48;65
0,40313343127423606;40.0;48;65
0,29334198843719705;40.0;630;175
0,3636594940551412;40.0;630;175
0,3012474828108318;40.0;630;175
0,375405421819786;40.0;1200;171
0,19474646107781046;40.0;1200;171
0,3808303386174692;40.0;1200;171
0,2288879936704018;40.0;1200;171
0,30761053430670193;40.0;297;76
0,45452957538199823;40.0;297;76
0,3965431816320444;40.0;297;76
0,1387865509863695;40.0;297;76
0,39043577807080143;40.0;297;76
0,12915410084879242;40.0;297;76
0,3471011452025836;40.0;297;76
0,226281056960709;40.0;1250;82
0,04242793594925609;40.0;1250;82
0,06729983699231368;40.0;1250;82
0,22201672107203518;40.0;1250;82
0,10108498692638657;40.0;1250;82
0,15809634360613578;40.0;1250;82
0,08122121019739081;40.0;322;56
0,37878857681179534;40.0;322;56
0,16043909175021387;40.0;322;56
0,34998432000645874;40.0;322;56
0,2538543388260115;40.0;322;56
0,4843128729077659;40.0;322;56
0,10054029120754082;40.0;322;56
0,15973726855212744;40.0;322;56
0,09605988097594631;40.0;322;56
0,48715342728668465;40.0;1106;18
0,6620912647761676;40.0;1106;18
0,9369987871905563;40.0;1106;18
0,4480195565063405;40.0;1106;18
0,48715342728668465;40.0;1106;18
0,48715342728668465;40.0;1106;18
0,48715342728668465;40.0;1106;18
0,9369987871905563;40.0;1106;18
0,8181357741853759;40.0;1106;18
0,0303483713251671;40.0;816;155
0,04513221023562197;40.0;816;155
0,14443219924564077;40.0;816;155
0,03311696342421455;40.0;816;155
0,10051004686513143;40.0;816;155
0,02479070760376123;40.0;816;155
0,11075775623107331;40.0;1016;67
0,0921588828019273;40.0;1016;67
0,10287993228238945;40.0;1016;67
0,10428575398389328;40.0;1016;67
0,13425365696408798;40.0;1016;67
0,1028109882926278;40.0;1016;67
0,10343159254970624;40.0;1016;67
0,19859660407335267;40.0;410;13
0,19859660407335267;40.0;410;13
0,19859660407335267;40.0;410;13
0,19859660407335267;40.0;410;13
0,19859660407335267;40.0;410;13
0,0566785237853491;40.0;410;13
0,19859660407335267;40.0;410;13
0,19859660407335267;40.0;410;13
0,19859660407335267;40.0;410;13
0,020556190101378213;40.0;410;13
0,254160084475366;40.0;424;66
0,22305131853377236;40.0;424;66
0,20194715923452056;40.0;424;66
0,21337871755100313;40.0;424;66
0,24554049717408244;40.0;424;66
0,21891947338031148;40.0;424;66
0,25113030320134966;40.0;424;66
0,2190679664199342;40.0;424;66
0,24242538109127332;40.0;424;66
0,23519572743794148;40.0;424;66
0,22169489877474113;40.0;1201;102
0,1025935151075521;40.0;1201;102
0,08072631827761168;40.0;1201;102
0,11748134658119325;40.0;1201;102
0,09463283296413083;40.0;1201;102
0,08826761475076683;40.0;1201;102
0,1204119813809823;40.0;1201;102
0,08783533153467382;40.0;1201;102
0,07684547060942992;40.0;1201;102
0,11720836083502006;40.0;1201;102
0,09404196722507341;40.0;527;60
0,14118564367384878;40.0;527;60
0,13556020416287073;40.0;527;60
0,0949144974743732;40.0;527;60
0,15277735580689566;40.0;527;60
0,24132884325885606;40.0;1073;14
0,24132884325885606;40.0;1073;14
0,24132884325885606;40.0;1073;14
0,24132884325885606;40.0;1073;14
0,24132884325885606;40.0;1073;14
0,24132884325885606;40.0;1073;14
0,30795357972258586;40.0;1073;14
0,24132884325885606;40.0;1073;14
0,24132884325885606;40.0;1073;14
0,30795357972258586;40.0;1073;14
0,2770635117530065;40.0;1012;46
0,38130356477763483;40.0;1012;46
0,29176658950974144;40.0;1012;46
0,19486732361294123;40.0;1012;46
0,07503337866001702;40.0;1012;46
0,04505208513038417;40.0;1012;46
0,3189874080136248;40.0;1012;46
0,3366539461485727;40.0;1012;46
0,07223221089498089;40.0;1012;46
0,2715768979868167;40.0;1012;46
0,1607987726924931;40.0;185;40
0,27882091590912084;40.0;185;40
0,011548512648789533;40.0;643;141
0,02187358502196357;40.0;643;141
0,023729185740937853;40.0;643;141
0,03300727507500856;40.0;643;141
0,01234088314832249;40.0;643;141
0,01298090527621687;40.0;643;141
0,17969997525156423;40.0;883;21
0,48836064582181127;40.0;883;21
0,3568514593830858;40.0;883;21
0,5394945578149883;40.0;883;21
0,45317204767788555;40.0;883;21
0,6021554703176222;40.0;883;21
0,08613136268002397;40.0;765;61
0,34511190513842616;40.0;620;37
0,3095506906791814;40.0;620;37
0,19636807181344063;40.0;620;37
0,21967856623313575;40.0;620;37
0,1416284670596235;40.0;340;96
0,08483027494597262;40.0;340;96
0,12681253852566376;40.0;340;96
0,12143042046654506;40.0;340;96
0,0629330807902122;40.0;340;96
0,24081947107901813;40.0;823;45
0,11898268149577795;40.0;823;45
0,20889583661016786;40.0;823;45
0,38345488597772137;40.0;823;45
0,1625511759271112;40.0;823;45
0,20604717276904272;40.0;23;73
0,02060791146038765;40.0;444;65
0,24826949436424273;40.0;771;89
0,10629209193330169;40.0;771;89
0,24078958368966608;40.0;771;89
0,3643335020585876;40.0;771;89
0,09451669052218037;40.0;771;89
0,0979222477348003;40.0;1086;60
0,19606935376311085;40.0;1086;60
0,1055751035147594;40.0;1086;60
0,06821248245111744;40.0;1086;60
0,17761888168456363;40.0;349;114
0,03307701105330074;40.0;349;114
0,026917128995084916;40.0;349;114
0,030738825178806994;40.0;349;114
0,04592025267163158;40.0;349;114
0,04401820936686485;40.0;349;114
0,02317587438443769;40.0;1085;85
0,027886144224539944;40.0;1085;85
0,024804067146818598;40.0;1085;85
0,0296373785477424;40.0;1085;85
0,029604177067183546;40.0;1085;85
0,02988222777958538;40.0;1085;85
0,02897525885161678;40.0;1085;85
0,025694774326884717;40.0;1085;85
0,019147375694209545;40.0;1085;85
0,30759844741164355;40.0;866;34
0,2281333817939053;40.0;866;34
0,20543575475008846;40.0;866;34
0,12660435408513626;40.0;866;34
0,03270961548495266;40.0;535;66
0,10699334988121989;40.0;535;66
0,027736181514296243;40.0;535;66
0,29008437509169815;40.0;1108;97
0,08038405458413456;40.0;1108;97
0,299892044471318;40.0;1108;97
0,34018414705541944;40.0;1108;97
0,0994200401812615;40.0;1108;97
0,16586045671760075;40.0;1108;97
0,21421197146614035;40.0;1108;97
0,20958425748915666;40.0;1108;97
0,6179179328311557;40.0;1113;19
0,5458378127907084;40.0;1113;19
0,47906860584142574;40.0;1113;19
0,6179179328311557;40.0;1113;19
0,6179179328311557;40.0;1113;19
0,5458378127907084;40.0;1113;19
0,5458378127907084;40.0;1113;19
0,42375377917905;40.0;1113;19
0,6179179328311557;40.0;1113;19
0,0720435473513874;40.0;1000;72
0,08413756400966421;40.0;1000;72
0,2865393336122837;40.0;1000;72
0,429444126083645;40.0;1000;72
0,19421886918601405;40.0;1000;72
0,18036778873887238;40.0;1000;72
0,10430386438980421;40.0;1000;72
0,15859199509200916;40.0;1000;72
0,21329919025118826;40.0;1000;72
0,37190448629217254;40.0;1000;72
0,1846438287310106;40.0;657;85
0,10601089267726183;40.0;427;76
0,08547543790417733;40.0;427;76
0,10109037614587257;40.0;427;76
0,12132248174067883;40.0;427;76
0,11888025341369479;40.0;427;76
0,17091821612361735;40.0;902;57
0,38272938775641685;40.0;902;57
0,21741977587503603;40.0;902;57
0,44846577712293945;40.0;902;57
0,26981772250304403;40.0;832;35
0,1789410625767065;40.0;832;35
0,23277158933717734;40.0;832;35
0,23061113615510287;40.0;832;35
0,16849043453316526;40.0;744;49
0,21820045675304534;40.0;744;49
0,22115316388550843;40.0;744;49
0,23361688335911812;40.0;744;49
0,25018281374803686;40.0;407;55
0,29564404190205407;40.0;407;55
0,19922816184807046;40.0;407;55
0,2507669663477803;40.0;407;55
0,2507669663477803;40.0;407;55
0,2921863837084162;40.0;407;55
0,23068844780125763;40.0;407;55
0,15061503612669513;40.0;660;79
0,07895984672772194;40.0;660;79
0,14673358305995676;40.0;660;79
0,05395091708337563;40.0;660;79
0,09293989530894153;40.0;660;79
0,06124495424594745;40.0;660;79
0,14480598360470132;40.0;660;79
0,3836355966616809;40.0;1093;36
0,3927385447339764;40.0;1093;36
0,3341417055835818;40.0;1093;36
0,3341417055835818;40.0;1093;36
0,34987481671612986;40.0;1093;36
0,457241394674172;40.0;872;27
0,23301250396344408;40.0;44;26
0,26968695618586547;40.0;44;26
0,23301250396344408;40.0;44;26
0,3350375673659578;40.0;44;26
0,3765381635074092;40.0;44;26
0,24326457496088483;40.0;44;26
0,24498293129146775;40.0;44;26
0,26316196441284423;40.0;404;81
0,2247017378590277;40.0;404;81
0,15611903604414668;40.0;404;81
0,3644864093114497;40.0;404;81
0,22383944037862213;40.0;404;81
0,30562586156725446;40.0;404;81
0,22630178153758518;40.0;404;81
0,1615378965671339;40.0;635;76
0,1870412851996326;40.0;635;76
0,15559966714369078;40.0;635;76
0,15867903676694528;40.0;635;76
0,12184314846854027;40.0;635;76
0,15572423125309487;40.0;635;76
0,1768651767223577;40.0;635;76
0,16199781219885123;40.0;635;76
0,15139896563797128;40.0;635;76
0,15102658216618225;40.0;635;76
0,0761285731511443;40.0;213;33
0,07662006258933007;40.0;213;33
0,0761285731511443;40.0;213;33
0,2486565524997808;40.0;642;29
0,16439818744776225;40.0;642;29
0,1364636133865118;40.0;734;42
0,15438361502106646;40.0;734;42
0,1589839581302448;40.0;734;42
0,14326925671647484;40.0;734;42
0,14326925671647484;40.0;734;42
0,11462212364940583;40.0;734;42
0,12413895309070178;40.0;734;42
0,22572452308593483;40.0;734;42
0,14326925671647484;40.0;734;42
0,14326925671647484;40.0;734;42
0,2873916672287682;40.0;21;25
0,0890379432128523;40.0;21;25
0,09828934830085556;40.0;21;25
0,15259009839274995;40.0;21;25
0,09097982449726483;40.0;516;176
0,014877727191297208;40.0;741;45
0,45822398155614263;40.0;209;49
0,6896110581455206;40.0;209;49
0,18800943808021486;40.0;209;49
0,196674142144609;40.0;209;49
0,1906784918569724;40.0;209;49
0,2296520660840795;40.0;209;49
0,17642590720497275;40.0;209;49
0,20148407739482388;40.0;209;49
0,5042665545910909;40.0;1114;21
0,5042665545910909;40.0;1114;21
0,07747703525586092;40.0;922;34
0,14750782097728932;40.0;922;34
0,10664500570777058;40.0;922;34
0,10664500570777058;40.0;922;34
0,0828351488434651;40.0;922;34
0,061830347988612866;40.0;922;34
0,10664500570777058;40.0;922;34
0,10780470488502303;40.0;922;34
0,5278081411370434;40.0;1034;134
0,558901917386563;40.0;1034;134
0,4157259566644427;40.0;1034;134
0,4254101633583496;40.0;1034;134
0,5408561823294196;40.0;1034;134
0,5704581891441769;40.0;1034;134
0,24965061955750656;40.0;1034;134
0,6245822085684252;40.0;1034;134
0,5267144570502844;40.0;558;58
0,5908294466289099;40.0;558;58
0,4965199581393265;40.0;558;58
0,43137701688237207;40.0;558;58
0,5389087459895741;40.0;558;58
0,4665732796246107;40.0;558;58
0,4811362706984381;40.0;558;58
0,5352320835222519;40.0;558;58
0,09588251063976316;40.0;614;87
0,13716621152695962;40.0;614;87
0,08501141724172823;40.0;614;87
0,0901995333957093;40.0;614;87
0,06075348344836318;40.0;614;87
0,23731897597086138;40.0;824;33
0,26932814813584405;40.0;824;33
0,6132713174762359;40.0;824;33
0,577505806951564;40.0;824;33
0,2592845288101149;40.0;824;33
0,15545709424856824;40.0;1053;97
0,1397775343617822;40.0;1053;97
0,1364768163459198;40.0;1053;97
0,1329667897136977;40.0;1053;97
0,16965138980200334;40.0;1053;97
0,1360055906773019;40.0;1053;97
0,1479871620890889;40.0;1053;97
0,13799119405261662;40.0;1053;97
0,1548291670828852;40.0;1053;97
0,11319380539114277;40.0;302;120
0,09788868004617912;40.0;950;19
0,131179654338327;40.0;950;19
0,12283817537176844;40.0;950;19
0,09788868004617912;40.0;950;19
0,28572900067855844;40.0;273;92
0,19599082807616353;40.0;60;80
0,1571236302748713;40.0;871;162
0,16565036533776767;40.0;871;162
0,2929358916442293;40.0;871;162
0,16416384582937593;40.0;871;162
0,13910833804049205;40.0;871;162
0,27496221832234835;40.0;871;162
0,22689002620530374;40.0;871;162
0,10260631467843706;40.0;871;162
0,4578111996574976;40.0;857;15
0,4578111996574976;40.0;857;15
0,4578111996574976;40.0;857;15
0,4578111996574976;40.0;857;15
0,4578111996574976;40.0;857;15
0,4578111996574976;40.0;857;15
0,4578111996574976;40.0;857;15
0,35656982168974927;40.0;963;43
0,3412828378655426;40.0;647;64
0,3479170734373218;40.0;647;64
0,2120517706493632;40.0;647;64
0,24389649142508762;40.0;647;64
0,3678064000142951;40.0;647;64
0,4563810573978564;40.0;647;64
0,22320719801230515;40.0;647;64
0,42218217965334337;40.0;79;50
0,31327402883109445;40.0;79;50
0,08762577745207678;40.0;1236;102
0,13486082183220294;40.0;1236;102
0,09148891910499324;40.0;1236;102
0,10657200810405221;40.0;1236;102
0,0664211941728654;40.0;1236;102
0,4883839268155614;40.0;1167;32
0,2524899565180476;40.0;1167;32
0,22191678585719088;40.0;1167;32
0,45532835332736976;40.0;1167;32
0,37516305492289526;40.0;1167;32
0,4218219602420248;40.0;1167;32
0,4883839268155614;40.0;1167;32
0,26600248262941184;40.0;1167;32
0,34206929056334845;40.0;1167;32
0,3001979446189269;40.0;1167;32
0,3241403580256137;40.0;1100;64
0,34532898892905184;40.0;1100;64
0,33530533044705635;40.0;1100;64
0,3367211591629189;40.0;1100;64
0,33843579017779146;40.0;1100;64
0,30504471312694736;40.0;1100;64
0,35688397894878854;40.0;1100;64
0,13340902563582757;40.0;214;80
0,044171205274633696;40.0;214;80
0,06735903661840581;40.0;214;80
0,04037889277904716;40.0;214;80
0,04042107318416299;40.0;214;80
0,15474583703659617;40.0;214;80
0,33190437523669636;40.0;214;80
0,5405559420514623;40.0;951;89
0,18969149545544517;40.0;951;89
0,3017198103045837;40.0;951;89
0,15766933497945512;40.0;951;89
0,2619212765839407;40.0;951;89
0,3046067258976224;40.0;951;89
0,15983466170493021;40.0;291;58
0,23783696289256584;40.0;291;58
0,18940057262148247;40.0;291;58
0,1504937809322473;40.0;291;58
0,20023363963852026;40.0;291;58
0,2574062657752727;40.0;291;58
0,1845034757616324;40.0;291;58
0,124096474679247;40.0;291;58
0,19811885823920106;40.0;291;58
0,3423226163286197;40.0;537;41
0,20629509886270547;40.0;537;41
0,2677174439025103;40.0;537;41
0,21513221730031562;40.0;537;41
0,30653868934373407;40.0;537;41
0,22337170352789149;40.0;537;41
0,22515137047365053;40.0;537;41
0,22337170352789149;40.0;537;41
0,21998734644398144;40.0;537;41
0,29468245670491244;40.0;249;101
0,3055641313011803;40.0;249;101
0,35143480927531723;40.0;249;101
0,2452400546448643;40.0;249;101
0,277841937879725;40.0;249;101
0,2637195563996617;40.0;249;101
0,22502340067053406;40.0;249;101
0,2852634238320204;40.0;249;101
0,16698297179128607;40.0;981;33
0,14410998641840678;40.0;981;33
0,17947003185803134;40.0;981;33
0,17726298542024654;40.0;981;33
0,09428846733714846;40.0;178;56
0,4690493014336081;40.0;178;56
0,3290299112788533;40.0;178;56
0,09176108628533797;40.0;178;56
0,11838386233409293;40.0;1031;61
0,6191352501017162;40.0;108;3
0,6892951737190947;40.0;274;21
0,33469493472371203;40.0;274;21
0,3568207311289937;40.0;274;21
0,6892951737190947;40.0;274;21
0,684351263672466;40.0;274;21
0,5389945295955938;40.0;274;21
0,5262717407638997;40.0;274;21
0,4919740555703258;40.0;274;21
0,612774759391334;40.0;274;21
0,588252414880357;40.0;274;21
0,25917219897399213;40.0;191;96
0,34014313076409497;40.0;191;96
0,35577456148581055;40.0;191;96
0,19121999597152461;40.0;191;96
0,009335254466457554;40.0;583;81
0,010649502380784881;40.0;583;81
0,011527716204542626;40.0;583;81
0,00877672251184669;40.0;583;81
0,008114814486855026;40.0;583;81
0,0090867220137123;40.0;583;81
0,008649974431032215;40.0;583;81
0,008734077175394317;40.0;583;81
0,01126495479089007;40.0;583;81
0,008920053840764774;40.0;583;81
0,03679145836810038;40.0;144;114
0,075605619118436;40.0;144;114
0,07129181884594082;40.0;144;114
0,03491906767727526;40.0;144;114
0,0837180412521481;40.0;144;114
0,09034887777591205;40.0;352;75
0,19284583247910203;40.0;352;75
0,05484887909143965;40.0;352;75
0,07723965302000857;40.0;352;75
0,05829120529755083;40.0;352;75
0,08229616672742401;40.0;352;75
0,1531510085550183;40.0;352;75
0,06372337919263371;40.0;352;75
0,16563779939445844;40.0;352;75
0,15737819850148682;40.0;352;75
0,3052031695933701;40.0;283;114
0,12973088388756016;40.0;283;114
0,04402770683062163;40.0;283;114
0,09417847974459748;40.0;283;114
0,29609236400333905;40.0;283;114
0,5301539293422679;40.0;756;36
0,37984832022757176;40.0;756;36
0,15392730148306422;40.0;756;36
0,07415562357175731;40.0;756;36
0,1759728985103186;40.0;756;36
0,8041533826111755;40.0;756;36
0,06062579847014149;40.0;502;230
0,15609551520285048;40.0;1278;49
0,26578510124455823;40.0;1278;49
0,32531836568317773;40.0;1278;49
0,4019452229863678;40.0;610;58
0,3387207853970131;40.0;610;58
0,07782740678812328;40.0;610;58
0,1549048371873203;40.0;610;58
0,39066286958656593;40.0;610;58
0,10176166573400636;40.0;610;58
0,15693274962733383;40.0;1194;175
0,16630458561623485;40.0;1194;175
0,1259976766497326;40.0;1194;175
0,1639168562268154;40.0;1194;175
0,12218831752765213;40.0;1194;175
0,12395619569346317;40.0;1194;175
0,18959124095249846;40.0;1194;175
0,1399704714038792;40.0;1194;175
0,19478221777963256;40.0;1194;175
0,08218246133017626;40.0;1022;161
0,09867760497247224;40.0;1022;161
0,025606168471778545;40.0;913;157
0,12129846969010494;40.0;913;157
0,12385201141031232;40.0;811;112
0,3361215162798026;40.0;889;22
0,0810261248751305;40.0;1224;61
0,18495067969664092;40.0;369;32
0,18823345913907064;40.0;369;32
0,17772303220933128;40.0;369;32
0,22904711169985714;40.0;369;32
0,16942477042502535;40.0;369;32
0,3133231742035265;40.0;369;32
0,14614953717413592;40.0;369;32
0,1993390271339175;40.0;369;32
0,16606671443254895;40.0;369;32
0,17682837665109985;40.0;369;32
0,29120932929378807;40.0;839;39
0,1677836321722035;40.0;839;39
0,2494378201918448;40.0;839;39
0,7920076698526737;40.0;1130;15
0,6081791590927301;40.0;1130;15
0,7920076698526737;40.0;1130;15
0,4711740909599387;40.0;1130;15
0,7920076698526737;40.0;1130;15
0,7920076698526737;40.0;1130;15
0,7920076698526737;40.0;1130;15
0,7920076698526737;40.0;1130;15
0,7920076698526737;40.0;1130;15
0,7920076698526737;40.0;1130;15
0,10453502864365216;40.0;1115;115
0,23196886789935167;40.0;1115;115
0,08558627328724966;40.0;266;101
0,1514360953363103;40.0;266;101
0,16691064573161452;40.0;266;101
0,15580562230629935;40.0;266;101
0,08726941534565702;40.0;266;101
0,16316622640427658;40.0;266;101
0,10914620110034834;40.0;266;101
0,6446772836908916;40.0;514;33
0,3832783820481813;40.0;514;33
0,41826059205746535;40.0;61;68
0,2708569999800208;40.0;61;68
0,25360757641515996;40.0;61;68
0,2017765592883607;40.0;351;84
0,19624926771124418;40.0;351;84
0,12283639674588209;40.0;351;84
0,20554813037704056;40.0;351;84
0,14284675019180226;40.0;351;84
0,7158354447736792;40.0;977;17
0,4879123664988181;40.0;977;17
0,43471942215107795;40.0;977;17
0,654225395623339;40.0;977;17
0,5092552393763479;40.0;977;17
0,42486435353223784;40.0;977;17
0,43471942215107795;40.0;977;17
0,4586666043694927;40.0;977;17
0,5703806055392275;40.0;977;17
0,43471942215107795;40.0;977;17
0,7223194352495295;40.0;254;23
0,6698049435988549;40.0;254;23
0,5121116372791898;40.0;254;23
0,7832844886547552;40.0;992;12
0,3908496921387048;40.0;992;12
0,22572902584967602;40.0;992;12
0,3908496921387048;40.0;992;12
0,3908496921387048;40.0;992;12
0,20538780505373833;40.0;409;57
0,8224548689559537;40.0;409;57
0,08094329735516292;40.0;118;37
0,1571373613951259;40.0;118;37
0,08851220344865762;40.0;118;37
0,1968119592191997;40.0;118;37
0,031542915182454;40.0;118;37
0,051624443399904685;40.0;118;37
0,15251497175788864;40.0;118;37
0,19683950145014828;40.0;118;37
0,11051411428062452;40.0;118;37
0,0736404333435754;40.0;118;37
0,2024243856250887;40.0;1247;64
0,4811779760793029;40.0;117;20
0,13449499642563145;40.0;117;20
0,3916924581619168;40.0;117;20
0,47482089382485615;40.0;117;20
0,396784009080257;40.0;117;20
0,284085306469404;40.0;599;26
0,289731743326888;40.0;599;26
0,37277461755701147;40.0;599;26
0,21952121486476317;40.0;599;26
0,2820376325183944;40.0;143;70
0,27452995639493216;40.0;143;70
0,3071276737646289;40.0;222;132
0,12912110575910152;40.0;222;132
0,13527051477639107;40.0;222;132
0,13142732540539415;40.0;222;132
0,1600886891622959;40.0;222;132
0,1228254049487374;40.0;222;132
0,36341056755927714;40.0;31;25
0,5987914370861751;40.0;31;25
0,052337998968551736;40.0;476;99
0,09813155599179191;40.0;24;81
0,09844702298155039;40.0;24;81
0,10302161765965256;40.0;24;81
0,46893120665711896;40.0;594;43
0,3667620924598314;40.0;594;43
0,3875890444641612;40.0;594;43
0,3809208262157373;40.0;594;43
0,32125825622969284;40.0;72;43
0,2900883409960493;40.0;72;43
0,33165981093684693;40.0;72;43
0,33511291997122905;40.0;72;43
0,15931720646731695;40.0;72;43
0,36133284783106023;40.0;940;146
0,1525584978617196;40.0;940;146
0,17837529991214618;40.0;940;146
0,5286931838109499;40.0;940;146
0,31951187417535687;40.0;940;146
0,3224665622396208;40.0;940;146
0,2536601330781516;40.0;1122;53
0,054280781923431665;40.0;1122;53
0,3437954036662272;40.0;685;22
0,3437954036662272;40.0;685;22
0,2590520790728865;40.0;685;22
0,48459293168918305;40.0;685;22
0,3437954036662272;40.0;685;22
0,2590520790728865;40.0;685;22
0,10752746715124806;40.0;71;83
0,12124403744874024;40.0;71;83
0,1106000695876519;40.0;71;83
0,10185682950355046;40.0;71;83
0,12468099663359267;40.0;71;83
0,10968769869036299;40.0;71;83
0,11966371918337981;40.0;71;83
0,1014919465702997;40.0;71;83
0,09978024678692465;40.0;71;83
0,344334621108646;40.0;961;31
0,6880781933322915;40.0;961;31
0,11966481121529693;40.0;961;31
0,3182158982923389;40.0;1092;100
0,3849117602546679;40.0;1092;100
0,2290743840467997;40.0;1092;100
0,2602624744598363;40.0;1092;100
0,2685145756416045;40.0;12;84
0,3208409701511592;40.0;12;84
0,37000954793533025;40.0;12;84
0,0864662610695992;40.0;437;121
0,15822646824201092;40.0;437;121
0,09372038257193194;40.0;437;121
0,18794971845293218;40.0;437;121
0,09910023500781517;40.0;437;121
0,13651155449390906;40.0;437;121
0,2994333850534643;40.0;236;14
0,9422895034687968;40.0;236;14
0,20273080738659477;40.0;1179;90
0,33129552421602093;40.0;1179;90
0,2173168127066898;40.0;1179;90
0,19413968583897634;40.0;1179;90
0,2779420835660422;40.0;1179;90
0,26810330606641064;40.0;1179;90
0,25841525315574043;40.0;1179;90
0,5645374700614463;40.0;1179;90
0,13834612183682227;40.0;1179;90
0,023268805256807745;40.0;875;144
0,0789940046788844;40.0;875;144
0,09210975673625676;40.0;838;41
0,093851486380369;40.0;838;41
0,45538508348875295;40.0;943;118
0,32775219789800314;40.0;943;118
0,5591951410764258;40.0;943;118
0,44800811535973617;40.0;943;118
0,4535355014055886;40.0;943;118
0,4947397922851353;40.0;943;118
0,3005494997072766;40.0;943;118
0,47038021443353895;40.0;943;118
0,5294220970795125;40.0;943;118
0,2817546834986173;40.0;943;118
0,3508813594118878;40.0;948;48
0,4845040877260236;40.0;948;48
0,29476272199575604;40.0;948;48
0,20920634957017192;40.0;948;48
0,3179291509290032;40.0;948;48
0,2985690172582167;40.0;948;48
0,24345225786349145;40.0;948;48
0,0726096415071329;40.0;1005;96
0,14181159716142;40.0;1005;96
0,25256438052901076;40.0;433;108
0,22016416429394714;40.0;433;108
0,48247766795209324;40.0;433;108
0,13754968072611784;40.0;433;108
0,1309221888338883;40.0;433;108
0,2128033391138382;40.0;439;60
0,22972308335304392;40.0;439;60
0,19773497116914696;40.0;439;60
0,1748875287967897;40.0;169;50
0,21859627340521093;40.0;169;50
0,13806080891780104;40.0;169;50
0,4568989173305482;40.0;169;50
0,2725606480473448;40.0;330;64
0,25688975921967616;40.0;330;64
0,4793107856779677;40.0;330;64
0,20429865984027984;40.0;330;64
0,4793107856779677;40.0;330;64
0,2065799149670473;40.0;330;64
0,3198294719849579;40.0;330;64
0,35634921579047885;40.0;330;64
0,2857060573092105;40.0;330;64
0,3793266964544866;40.0;330;64
0,21500339340713182;40.0;181;31
0,19926189525360116;40.0;181;31
0,16240115908549813;40.0;107;110
0,3513660107418106;40.0;532;40
0,26514626440776934;40.0;532;40
0,2758451145052514;40.0;532;40
0,2615250357522243;40.0;532;40
0,2621498283952919;40.0;532;40
0,1876866821466623;40.0;532;40
0,2634762227023022;40.0;532;40
0,1097217881546988;40.0;532;40
0,42289678500850436;40.0;532;40
0,2104049683836524;40.0;532;40
0,22103226384182517;40.0;230;75
0,12941571766784876;40.0;230;75
0,22205580116726975;40.0;230;75
0,2518197947695715;40.0;77;27
0,16117757341917383;40.0;77;27
0,117654391525013;40.0;77;27
0,12314760140890457;40.0;77;27
0,11268713144727527;40.0;77;27
0,11443155530775906;40.0;77;27
0,12129715499041804;40.0;77;27
0,16117757341917383;40.0;77;27
0,1213263425001363;40.0;77;27
0,16115391778024146;40.0;77;27
0,06715862357477809;40.0;1171;149
0,08602845229614298;40.0;1171;149
0,09841234368317764;40.0;1169;57
0,07291888022980908;40.0;1169;57
0,022815028427230377;40.0;1169;57
0,12988593029646145;40.0;1169;57
0,04120808998726866;40.0;1169;57
0,041252308886969624;40.0;1046;156
0,12836838981031296;40.0;1046;156
0,11567768274644252;40.0;1046;156
0,1413076835198963;40.0;1046;156
0,06578412882177065;40.0;1046;156
0,1667023997393955;40.0;1046;156
0,030266577592625188;40.0;1046;156
0,09485604845275608;40.0;1195;97
0,11542208867459136;40.0;1195;97
0,2836139555180941;40.0;1195;97
0,20036889663680668;40.0;411;69
0,18257291687184107;40.0;411;69
0,2780342191363121;40.0;411;69
0,22411927434312195;40.0;411;69
0,16529135268562412;40.0;411;69
0,2486622255470592;40.0;411;69
0,14025914446763976;40.0;411;69
0,14333620302254158;40.0;411;69
0,08047316410892424;40.0;411;69
0,2818156362260211;40.0;1192;29
0,2894696823084817;40.0;1192;29
0,2698347959062988;40.0;1192;29
0,2894696823084817;40.0;1192;29
0,2894696823084817;40.0;1192;29
0,2924239812097571;40.0;1192;29
0,2894696823084817;40.0;1192;29
0,2818156362260211;40.0;1192;29
0,2894696823084817;40.0;1192;29
0,2884757724194944;40.0;1192;29
0,24355133282929842;40.0;418;124
0,10222276874729852;40.0;418;124
0,1320275566710425;40.0;418;124
0,3352965772665988;40.0;418;124
0,14564766260668982;40.0;418;124
0,19561002559771956;40.0;1172;150
0,34356219594168436;40.0;1172;150
0,2041545549411159;40.0;1172;150
0,13552403516783174;40.0;1150;112
0,2117859424820736;40.0;1150;112
0,5893786736188782;40.0;1150;112
0,19969562049168355;40.0;1150;112
0,1331606864259709;40.0;1150;112
0,11658411397410395;40.0;1150;112
0,15329969032312252;40.0;1150;112
0,14375126586418507;40.0;830;52
0,1504878825277971;40.0;830;52
0,1681209262066521;40.0;830;52
0,4846200790805726;40.0;1152;21
0,4873654059115382;40.0;1152;21
0,6110538796601077;40.0;1152;21
0,5703597271322027;40.0;1152;21
0,618384031054827;40.0;1152;21
0,5143654385229646;40.0;1152;21
0,8822587509229829;40.0;435;31
0,8822587509229829;40.0;435;31
0,8822587509229829;40.0;435;31
0,9031397152610336;40.0;435;31
0,9041759194019352;40.0;435;31
0,7861218476415548;40.0;435;31
0,8822587509229829;40.0;435;31
0,7861218476415548;40.0;435;31
0,2875040902189321;40.0;260;41
0,18108005401302774;40.0;260;41
0,4517923716531591;40.0;260;41
0,4599370230519755;40.0;260;41
0,2875040902189321;40.0;260;41
0,3459390711532777;40.0;260;41
0,6235859725592807;40.0;260;41
0,11762328238216657;40.0;569;218
0,06720309577455352;40.0;569;218
0,06389190676519774;40.0;569;218
0,027337393279526223;40.0;569;218
0,0660868820827758;40.0;569;218
0,5604280858347734;40.0;494;32
0,4103541312674497;40.0;494;32
0,37677098917265095;40.0;494;32
0,37677098917265095;40.0;494;32
0,55299457274559;40.0;494;32
0,6194244325047678;40.0;494;32
0,4802091611987003;40.0;494;32
0,4508332914551849;40.0;494;32
0,16751486994054865;40.0;588;66
0,1637069361322312;40.0;588;66
0,1746597800500922;40.0;588;66
0,1381873930037243;40.0;588;66
0,3460578108477226;40.0;596;23
0,2904896336274543;40.0;596;23
0,2562444175088783;40.0;596;23
0,31362218996538016;40.0;596;23
0,2904896336274543;40.0;596;23
0,2562444175088783;40.0;596;23
0,02131482024017539;40.0;1121;103
0,0139374052494734;40.0;1121;103
0,016754234360784492;40.0;1121;103
0,015562314740926064;40.0;1121;103
0,02061496546718322;40.0;1121;103
0,02117573878104384;40.0;1121;103
0,013971855883754936;40.0;1121;103
0,3990413649097646;40.0;177;66
0,135402894502761;40.0;177;66
0,41843486950835396;40.0;177;66
0,3619598869289784;40.0;177;66
0,3429051119436459;40.0;177;66
0,32904822955087454;40.0;177;66
0,33453564585620565;40.0;177;66
0,5270427581902382;40.0;177;66
0,06391631347272475;40.0;1219;107
0,14543653882469276;40.0;1219;107
0,39737061274480134;40.0;1219;107
0,14689139577582466;40.0;1219;107
0,15327414242662196;40.0;1219;107
0,3689926216559971;40.0;445;102
0,14174370351196952;40.0;445;102
0,08346843026889283;40.0;445;102
0,3009276096630371;40.0;445;102
0,17375079341872057;40.0;445;102
0,35379928558139806;40.0;445;102
0,39857779277269034;40.0;445;102
0,09687914570114442;40.0;1241;113
0,2085115309827612;40.0;1241;113
0,11952445183348082;40.0;1241;113
0,17233561600473646;40.0;1241;113
0,2567817596969586;40.0;1241;113
0,13717851199130204;40.0;1241;113
0,5080912661221448;40.0;422;35
0,38053415275773794;40.0;422;35
0,4624263080213773;40.0;422;35
0,2869880959546385;40.0;422;35
0,3516649167457233;40.0;422;35
0,34328401144747067;40.0;422;35
0,6902510855235455;40.0;422;35
0,43516748923099113;40.0;422;35
0,7595774412758989;40.0;422;35
0,6583067774986984;40.0;422;35
0,07279493218116073;40.0;386;51
0,7252980168764691;40.0;751;59
0,1346331659091522;40.0;751;59
0,5906219375618667;40.0;751;59
0,15529883912441078;40.0;751;59
0,33786396357457593;40.0;751;59
0,6760438797477;40.0;751;59
0,10853696071976282;40.0;27;45
0,09840358433812346;40.0;27;45
0,15306620290112272;40.0;27;45
0,10176679656529841;40.0;27;45
0,14224906551512473;40.0;84;114
0,1555770583952345;40.0;684;103
0,10623042675542371;40.0;684;103
0,042388346891920614;40.0;684;103
0,03914289894020051;40.0;684;103
0,09896985857602814;40.0;684;103
0,12520386615545775;40.0;684;103
0,10136252396204037;40.0;163;66
0,09504684757079018;40.0;163;66
0,23110971265749325;40.0;461;6
0,3304096601587305;40.0;259;75
0,1485904389083843;40.0;259;75
0,3131852670062878;40.0;259;75
0,14519733440645322;40.0;259;75
0,3350033034404969;40.0;259;75
0,08900881962367091;40.0;55;34
0,08913605023344551;40.0;55;34
0,08857931040455713;40.0;55;34
0,08857931040455713;40.0;55;34
0,19948889829630834;40.0;55;34
0,3808148479784397;40.0;55;34
0,17129667146262895;40.0;55;34
0,08647178612644346;40.0;55;34
0,10973136176087195;40.0;76;145
0,10968056177553964;40.0;76;145
0,10286127035802806;40.0;76;145
0,13851657537766449;40.0;76;145
0,0923678606740892;40.0;76;145
0,12642152073740576;40.0;76;145
0,14755334413163101;40.0;76;145
0,16954660513492614;40.0;76;145
0,40882100291844625;40.0;345;79
0,41704846404050433;40.0;345;79
0,02365484340414281;40.0;847;121
0,053985000473969036;40.0;847;121
0,008232662988574724;40.0;847;121
0,18070037624851065;40.0;39;82
0,18298459673391543;40.0;39;82
0,025460105351926332;40.0;39;82
0,18480999587651792;40.0;39;82
0,28721740530638185;40.0;1215;103
0,15535015170257216;40.0;1215;103
1,0;40.0;150;22
1,0;40.0;150;22
1,0;40.0;150;22
1,0;40.0;150;22
1,0;40.0;150;22
1,0;40.0;150;22
1,0;40.0;150;22
1,0;40.0;150;22
1,0;40.0;150;22
1,0;40.0;150;22
0,7373356110730744;40.0;1143;18
0,8222320846067603;40.0;1143;18
0,22267321005543006;40.0;549;177
0,013113324021274186;40.0;522;86
0,33640470010031076;40.0;522;86
0,020650032731300172;40.0;522;86
0,21297390640369418;40.0;522;86
0,048850752782466866;40.0;522;86
0,5585448912660214;40.0;522;86
0,22165227890813743;40.0;522;86
0,3845775212105904;40.0;522;86
0,3802905690035161;40.0;207;77
0,5028710769903191;40.0;207;77
0,3348652490956674;40.0;207;77
0,2535920944940466;40.0;207;77
0,050823566089722716;40.0;162;90
0,04840582639930702;40.0;162;90
0,24981545458432852;40.0;162;90
0,03057932929145246;40.0;162;90
0,21767957110584968;40.0;162;90
0,04919911812608735;40.0;162;90
0,07097629675977313;40.0;162;90
0,17983982160063805;40.0;162;90
0,6360245650617837;40.0;587;26
0,8624329148753838;40.0;587;26
0,8220970635515881;40.0;587;26
0,5040661261390067;40.0;587;26
0,6107102808003038;40.0;587;26
0,6740552799911255;40.0;587;26
0,6403302973506975;40.0;587;26
0,8020436783973972;40.0;587;26
0,5746455696506965;40.0;587;26
0,2758448666282778;40.0;994;69
0,27575463722681004;40.0;994;69
0,19881046853839734;40.0;994;69
0,5183730558687705;40.0;994;69
0,4082980850929543;40.0;994;69
0,3913661753493489;40.0;994;69
0,159120945775304;40.0;916;84
0,4374476281102937;40.0;916;84
0,22538963439703497;40.0;916;84
0,19766455236209923;40.0;916;84
0,3405053199487684;40.0;916;84
0,1573192005983053;40.0;106;65
0,1330538882205725;40.0;106;65
0,37114363502780146;40.0;45;58
0,4976483627169239;40.0;45;58
0,39120694755211516;40.0;45;58
0,4916885849014374;40.0;45;58
0,4238891185596394;40.0;45;58
0,45682609007394825;40.0;45;58
0,4920560834083736;40.0;45;58
0,46068472587100806;40.0;45;58
0,1646186904496858;40.0;7;113
0,2820812582927239;40.0;7;113
0,28575564576711665;40.0;7;113
0,2894564779137685;40.0;650;15
0,06342186628523439;40.0;804;80
0,4522545323227951;40.0;804;80
0,17046128961497686;40.0;1028;168
0,05015287219657072;40.0;1028;168
0,05045360600337934;40.0;1028;168
0,2686239075243213;40.0;491;17
0,2686239075243213;40.0;491;17
0,8737844840763462;40.0;491;17
0,2984723940864771;40.0;491;17
0,2686239075243213;40.0;491;17
0,2686239075243213;40.0;491;17
0,2984723940864771;40.0;491;17
0,2686239075243213;40.0;491;17
0,2686239075243213;40.0;491;17
0,2984723940864771;40.0;491;17
0,05842965743365469;40.0;869;120
0,09572956693139734;40.0;869;120
0,2686379091406168;40.0;781;43
0,3521471392404032;40.0;781;43
0,4327688107415375;40.0;559;15
0,4578111996574976;40.0;559;15
0,4578111996574976;40.0;559;15
0,5248307194854271;40.0;559;15
0,6632614578690159;40.0;559;15
0,6632614578690159;40.0;559;15
0,6632614578690159;40.0;559;15
0,7301895966289189;40.0;559;15
0,6632614578690159;40.0;559;15
0,6632614578690159;40.0;559;15
0,05093428679485057;40.0;656;92
0,19237202973948597;40.0;656;92
0,042646487075603146;40.0;656;92
0,06313707387463019;40.0;656;92
0,19106043770874304;40.0;656;92
0,19046923381157477;40.0;656;92
0,12101758661730222;40.0;999;46
0,05776024203666852;40.0;276;96
0,033806720336248874;40.0;276;96
0,060095021354163336;40.0;276;96
0,05988287018411098;40.0;276;96
0,07004772985320451;40.0;276;96
0,25624081196971704;40.0;835;74
0,45112503378291224;40.0;835;74
0,2689690825440185;40.0;835;74
0,4481298114146124;40.0;835;74
0,2328139434073777;40.0;835;74
0,27973308993070956;40.0;835;74
0,3458562942421721;40.0;835;74
0,24928599893685122;40.0;835;74
0,22965346302672351;40.0;835;74
0,22768804230835205;40.0;1029;104
0,26750976451924435;40.0;1029;104
0,26841466951770654;40.0;1029;104
0,1614048238395991;40.0;1029;104
0,3076936210104846;40.0;1029;104
0,0281358043223896;40.0;996;88
0,016381088878771655;40.0;996;88
0,026706935083959493;40.0;996;88
0,024569947805001213;40.0;996;88
0,02879440027681235;40.0;996;88
0,03094754697886204;40.0;996;88
0,05192644863947682;40.0;996;88
0,025485833759377297;40.0;996;88
0,03191226515003076;40.0;996;88
0,30492349625762394;40.0;720;56
0,33112601690057053;40.0;720;56
0,07882820548760949;40.0;687;116
0,02507312944997242;40.0;687;116
0,027710426333953375;40.0;687;116
0,13371091668860924;40.0;687;116
0,025340961050456468;40.0;687;116
0,04771272300949869;40.0;1158;73
0,0199737429426452;40.0;1158;73
0,01919459352931363;40.0;1158;73
0,01967368460240948;40.0;1158;73
0,12592287737360652;40.0;1033;65
0,0614831027183278;40.0;1033;65
0,14930567131994343;40.0;1033;65
0,10058012225256019;40.0;1033;65
0,14032732104579093;40.0;1033;65
0,1822135337039723;40.0;1120;13
0,25920233720166697;40.0;1120;13
0,1822135337039723;40.0;1120;13
0,1822135337039723;40.0;1120;13
0,1822135337039723;40.0;1120;13
0,1822135337039723;40.0;1120;13
0,17647044305906512;40.0;1120;13
0,1822135337039723;40.0;1120;13
0,47627205491823266;40.0;1120;13
0,1822135337039723;40.0;1120;13
0,16146544417921938;40.0;1042;168
0,09458707517611553;40.0;1042;168
0,024719480643805136;40.0;914;161
0,0213581051144327;40.0;914;161
0,03703202742857603;40.0;129;63
0,3879807300643703;40.0;572;23
0,3036287481914892;40.0;572;23
0,3274809598441464;40.0;572;23
0,3036287481914892;40.0;572;23
0,3094591357255576;40.0;572;23
0,3036287481914892;40.0;572;23
0,23796910183078568;40.0;572;23
0,3036287481914892;40.0;572;23
0,2225403732206277;40.0;1184;128
0,2334142779335695;40.0;1184;128
0,15557898435484585;40.0;1184;128
0,194617325183146;40.0;1184;128
0,3888389638030645;40.0;1184;128
0,18494115651273324;40.0;1184;128
0,2452796324330102;40.0;1184;128
0,21808814002832477;40.0;1184;128
0,3002610509007526;40.0;1184;128
0,10564952295720142;40.0;1184;128
0,4915344077016346;40.0;432;81
0,4146762170418954;40.0;432;81
0,5887312048878486;40.0;432;81
0,546025733425598;40.0;432;81
0,583518150626873;40.0;432;81
0,3506064088839298;40.0;432;81
0,5159213502747002;40.0;432;81
0,1621248380938436;40.0;432;81
0,24191802220193304;40.0;367;17
0,24191802220193304;40.0;367;17
0,24191802220193304;40.0;367;17
0,24191802220193304;40.0;367;17
0,24191802220193304;40.0;367;17
0,24191802220193304;40.0;367;17
0,24191802220193304;40.0;367;17
0,24191802220193304;40.0;367;17
0,24191802220193304;40.0;367;17
0,3189006557859899;40.0;367;17
0,2253884320105981;40.0;229;14
0,36874331045508124;40.0;229;14
0,36874331045508124;40.0;229;14
0,36874331045508124;40.0;229;14
0,2736984915821248;40.0;229;14
0,36874331045508124;40.0;229;14
0,2253884320105981;40.0;229;14
0,36874331045508124;40.0;229;14
0,2253884320105981;40.0;229;14
0,2253884320105981;40.0;229;14
0,09955300757237184;40.0;1110;121
0,30971855580489915;40.0;1110;121
0,25456383593586396;40.0;1110;121
0,2729806320988828;40.0;1110;121
0,4922110130266959;40.0;566;42
0,5538189757688627;40.0;566;42
0,11177143396606204;40.0;792;104
0,1835739543134336;40.0;792;104
0,14806008673073112;40.0;792;104
0,16138039790447056;40.0;792;104
0,6688393942485789;40.0;1253;23
0,5460528245672531;40.0;1253;23
0,48989689059316954;40.0;1253;23
0,4237158309339808;40.0;1253;23
0,49779964052438785;40.0;1253;23
0,36543151356438974;40.0;1253;23
0,36543151356438974;40.0;1253;23
0,5377514965279764;40.0;1253;23
0,35381968410153397;40.0;1111;41
0,3394991665240181;40.0;1111;41
0,3924997936741603;40.0;1111;41
0,1066523022333905;40.0;381;75
0,2003979815207546;40.0;381;75
0,20883724070498322;40.0;381;75
0,10964190244852823;40.0;381;75
0,09448516330727608;40.0;381;75
0,20939883764167466;40.0;1147;106
0,12262206748676951;40.0;1147;106
0,6225261356569189;40.0;834;38
0,5836262512648278;40.0;834;38
0,6933027556954803;40.0;834;38
0,6989786469105583;40.0;834;38
0,6995133942277911;40.0;834;38
0,8204214938876995;40.0;834;38
0,7168339595483801;40.0;834;38
0,8725375909519868;40.0;834;38
0,34903727191980494;40.0;472;55
0,3202556160296708;40.0;472;55
0,24837008229343405;40.0;472;55
0,23771583368541482;40.0;472;55
0,1186787838207346;40.0;472;55
0,08794571214956681;40.0;472;55
0,30276257511497606;40.0;898;139
0,15077053877916824;40.0;898;139
0,1602339747615198;40.0;736;44
0,22118560764299877;40.0;736;44
0,2429029469400179;40.0;736;44
0,16957862598521567;40.0;736;44
0,19864999775454173;40.0;736;44
0,26249835377486264;40.0;736;44
0,18843482128251066;40.0;736;44
0,1843440852840681;40.0;736;44
0,5239697008810056;40.0;365;85
0,43879198906247585;40.0;365;85
0,29557492333938473;40.0;365;85
0,23353650913912838;40.0;365;85
0,28320530651566367;40.0;365;85
0,3183504227707632;40.0;105;62
0,019471293607657092;40.0;500;256
0,018493156344929318;40.0;500;256
0,1301508450655806;40.0;500;256
0,030884757794436002;40.0;500;256
0,06221303311978588;40.0;500;256
0,36783957049798155;40.0;18;63
0,3176564151279566;40.0;18;63
0,2947002502766225;40.0;18;63
0,3143605013314783;40.0;18;63
0,3733649093177618;40.0;18;63
0,25602347783858037;40.0;18;63
0,31106117378420883;40.0;18;63
0,38912397564253154;40.0;18;63
0,27706879323930655;40.0;822;27
0,08283322590434383;40.0;822;27
0,07046819442760177;40.0;822;27
0,1691226723699073;40.0;822;27
0,5567757616815692;40.0;1177;84
0,4632084040665452;40.0;1177;84
0,12571530435310918;40.0;1177;84
0,1889499321626007;40.0;1177;84
0,5363319293768309;40.0;1177;84
0,12532373188175194;40.0;1024;96
0,10051814552345695;40.0;1024;96
0,07395797113203306;40.0;1024;96
0,1010397788018551;40.0;1024;96
0,2272069583631895;40.0;218;82
0,46250761185942024;40.0;218;82
0,34404310466149624;40.0;218;82
0,4629722645186942;40.0;218;82
0,1493447018875842;40.0;13;34
0,1812885928780843;40.0;13;34
0,24060231740375482;40.0;661;26
0,4684919383220849;40.0;661;26
0,24819171674270768;40.0;661;26
0,38839730787597415;40.0;661;26
0,21726068424586287;40.0;661;26
0,23267803795797026;40.0;661;26
0,21726068424586287;40.0;661;26
0,18217800673888385;40.0;661;26
0,3346308953716246;40.0;1266;10
0,3346308953716246;40.0;1266;10
0,3346308953716246;40.0;1266;10
0,3346308953716246;40.0;1266;10
0,07105474408472245;40.0;67;24
0,11777843923638343;40.0;1019;159
0,03904370768386212;40.0;1107;228
0,032265876873782906;40.0;1107;228
0,04307098007967647;40.0;1107;228
0,02866638944410682;40.0;1107;228
0,0354619233442004;40.0;1107;228
0,027997380818731266;40.0;1107;228
0,02426310200638815;40.0;1107;228
0,04460740349042025;40.0;1107;228
0,02988209204934722;40.0;1107;228
0,03273181742636022;40.0;1107;228
0,2950054680001668;40.0;1081;14
0,2950054680001668;40.0;1081;14
0,2950054680001668;40.0;1081;14
0,2950054680001668;40.0;1081;14
0,2950054680001668;40.0;1081;14
0,2950054680001668;40.0;1081;14
0,2950054680001668;40.0;1081;14
0,948527553556417;40.0;1081;14
0,2950054680001668;40.0;1081;14
0,2950054680001668;40.0;1081;14
0,09718449877129798;40.0;681;63
0,1670144551794399;40.0;681;63
0,11532733923911298;40.0;681;63
0,11559159855016388;40.0;681;63
0,20418822505409806;40.0;681;63
0,053963255818606726;40.0;681;63
0,12619962882584912;40.0;681;63
0,1190717801979373;40.0;681;63
0,9816982248694406;40.0;462;14
0,7767311537488604;40.0;462;14
0,9816982248694406;40.0;462;14
0,9816982248694406;40.0;462;14
0,9816982248694406;40.0;462;14
0,9816982248694406;40.0;462;14
0,9816982248694406;40.0;462;14
0,9816982248694406;40.0;462;14
0,9816982248694406;40.0;462;14
0,9816982248694406;40.0;462;14
0,6808522153212835;40.0;195;70
0,44899022397962196;40.0;195;70
0,2852515090747303;40.0;195;70
0,35923425946729437;40.0;195;70
0,33287555461247553;40.0;195;70
0,5123576974775499;40.0;195;70
0,07353570971393131;40.0;343;95
0,12848681910866877;40.0;343;95
0,09438074823743525;40.0;343;95
0,09329457989271428;40.0;343;95
0,24876530521457063;40.0;2;25
0,44641004982801813;40.0;294;139
0,48642571589636674;40.0;294;139
0,3989790339010255;40.0;294;139
0,22084685496550938;40.0;294;139
0,32902589563439344;40.0;294;139
0,46139872355093803;40.0;294;139
0,7227127043078527;40.0;1259;14
0,23741725057709595;40.0;819;20
0,45142758262117355;40.0;819;20
0,22866376073053152;40.0;819;20
0,45442032852822467;40.0;819;20
0,40050145141467186;40.0;819;20
0,5197656732539673;40.0;819;20
0,25873415308853764;40.0;819;20
0,45555479602763493;40.0;819;20
0,07389600512302152;40.0;1251;102
0,014259677317270292;40.0;1251;102
0,015179448336960277;40.0;1251;102
0,015374638427534393;40.0;1251;102
0,015526920931848043;40.0;1251;102
0,01451884657299507;40.0;1251;102
0,015418692962635205;40.0;1251;102
0,026557699912012955;40.0;1251;102
0,842686387720621;40.0;190;19
0,14581401583734888;40.0;190;19
0,058866975921126;40.0;190;19
0,21496900674868713;40.0;190;19
0,842686387720621;40.0;190;19
0,0847685893436041;40.0;663;181
0,10283481489414914;40.0;663;181
0,09243041189964529;40.0;663;181
0,08409120672226522;40.0;663;181
0,09955855591742524;40.0;663;181
0,12320439857630783;40.0;663;181
0,042280785509762664;40.0;487;71
0,17176050936933773;40.0;487;71
0,03615973065394118;40.0;487;71
0,07173227331167586;40.0;487;71
0,0773013683544268;40.0;487;71
0,04085742175549867;40.0;487;71
0,0966589114576808;40.0;196;91
0,44600933678330756;40.0;196;91
0,5210159625879769;40.0;196;91
0,2746883034289398;40.0;116;57
0,059144693532508175;40.0;43;91
0,0823827242330264;40.0;43;91
0,06907732104159758;40.0;43;91
0,05374919498953834;40.0;43;91
0,05285294525088058;40.0;43;91
0,06464942845101507;40.0;43;91
0,14628969836182648;40.0;1178;83
0,04770796792310694;40.0;1178;83
0,16083527122870334;40.0;1178;83
0,10436491607269827;40.0;525;69
0,3587673211204079;40.0;525;69
0,021352675937909904;40.0;525;69
0,012610881463046564;40.0;525;69
0,2478918589154666;40.0;525;69
0,014256478848812204;40.0;525;69
0,006831577014674961;40.0;525;69
0,04195369622926903;40.0;525;69
0,03663045686989941;40.0;358;164
0,055118587223286;40.0;358;164
0,036886282636229284;40.0;358;164
0,03684183739868829;40.0;358;164
0,26901557521933306;40.0;51;65
0,12677328081562367;40.0;51;65
0,15960787478105276;40.0;51;65
0,4969117537028831;40.0;252;35
0,018603178679603927;40.0;282;87
0,5542364807468654;40.0;282;87
0,019162741365060798;40.0;282;87
0,2947831710306128;40.0;282;87
0,022014820978862204;40.0;282;87
0,07470599269037659;40.0;282;87
0,11031656202294715;40.0;243;40
0,13603352413706604;40.0;243;40
0,16427383216641744;40.0;243;40
0,16342318098870634;40.0;243;40
0,49470379858079205;40.0;289;83
0,4304363227791199;40.0;289;83
0,5094435002249758;40.0;289;83
0,38996602764611255;40.0;289;83
0,5957659923555001;40.0;289;83
0,34414584540279547;40.0;289;83
0,3042057825299944;40.0;289;83
0,3506693458865051;40.0;289;83
0,2290486636265352;40.0;289;83
0,37685303285420635;40.0;264;100
0,1621584184319893;40.0;264;100
0,6168605437893009;40.0;264;100
0,06642272452062148;40.0;658;117
0,07308364689276226;40.0;658;117
0,14944831974979889;40.0;658;117
0,0539636554237235;40.0;658;117
0,0893980711779161;40.0;658;117
0,19320379033953805;40.0;658;117
0,12441892694954393;40.0;658;117
0,0971544754661613;40.0;658;117
0,060078474125116355;40.0;658;117
0,8723689030854729;40.0;137;19
1,0;40.0;137;19
1,0;40.0;137;19
1,0;40.0;137;19
0,5862576342622221;40.0;137;19
0,8574913893743685;40.0;137;19
0,4200081409107501;40.0;930;59
0,3237095876388725;40.0;930;59
0,12522879720993996;40.0;930;59
0,25156876134148587;40.0;930;59
0,13849187795962226;40.0;938;129
0,48571922778633936;40.0;938;129
0,5370098160725814;40.0;938;129
0,48994154581753957;40.0;938;129
0,3640553587641471;40.0;938;129
0,5313508185133589;40.0;938;129
0,43942285296615013;40.0;938;129
0,41219706340109075;40.0;625;24
0,5673128251894084;40.0;625;24
0,44225085073956816;40.0;625;24
0,529457898023554;40.0;625;24
0,42692157761653093;40.0;625;24
0,45791063760932804;40.0;625;24
0,5167518259388475;40.0;625;24
0,529457898023554;40.0;625;24
0,5231321810487393;40.0;625;24
0,4243460732795379;40.0;625;24
0,02646411740521315;40.0;457;93
0,029566373604052565;40.0;457;93
0,025140037857306563;40.0;457;93
0,029136998904289557;40.0;457;93
0,008708117857072706;40.0;457;93
0,02543656333953237;40.0;457;93
0,023450727393854454;40.0;457;93
0,02724956753088481;40.0;457;93
0,02456849163321828;40.0;457;93
0,3058356049539881;40.0;1175;18
0,12072416920701667;40.0;1175;18
0,25582092572582305;40.0;1175;18
0,12072416920701667;40.0;1175;18
0,12072416920701667;40.0;1175;18
0,3142135530039494;40.0;1175;18
0,13499940003059807;40.0;709;53
0,24228273179452176;40.0;667;40
0,21878984075942465;40.0;667;40
0,4375457543028165;40.0;1271;92
0,46339684641755285;40.0;1271;92
0,25724006473189;40.0;1271;92
0,42995150274952953;40.0;1271;92
0,3572510494346768;40.0;1271;92
0,3148598540984622;40.0;341;28
0,3591434981258612;40.0;341;28
0,3591434981258612;40.0;341;28
0,3443194679489294;40.0;341;28
0,3148598540984622;40.0;341;28
0,3148598540984622;40.0;341;28
0,26744577801476277;40.0;909;52
0,13291583511267446;40.0;909;52
0,12098693840140529;40.0;909;52
0,18720285010140048;40.0;909;52
0,2335752820657142;40.0;561;32
0,07219544237051667;40.0;561;32
0,2113672149830168;40.0;561;32
0,20431581736791116;40.0;561;32
0,0661674918728059;40.0;561;32
0,1725841041261995;40.0;561;32
0,07302591892310639;40.0;561;32
0,04193466150418623;40.0;255;59
0,642011353612608;40.0;255;59
0,05885321167916979;40.0;255;59
0,07730502649343562;40.0;122;46
0,11557067695191359;40.0;122;46
0,06800037774820167;40.0;122;46
0,3368722185783124;40.0;1268;88
0,4450719262866223;40.0;1268;88
0,37034005552013927;40.0;1268;88
0,26581810983652354;40.0;172;87
0,23324994751877637;40.0;172;87
0,25742332864118067;40.0;172;87
0,2828392678687892;40.0;414;64
0,250866433235547;40.0;414;64
0,29037346534146646;40.0;414;64
0,27780646534869136;40.0;414;64
0,6882567493261214;40.0;248;43
0,4614333597301956;40.0;248;43
0,7229534361531813;40.0;248;43
0,3924917059971287;40.0;242;104
0,3588021717724308;40.0;242;104
0,5048470265212861;40.0;242;104
0,42035882624582666;40.0;242;104
0,4274043943446435;40.0;242;104
0,39181287548089516;40.0;242;104
0,3047943883880271;40.0;242;104
0,44535331716838744;40.0;242;104
0,4191066549458118;40.0;242;104
0,4778222971329309;40.0;242;104
0,17070506671836094;40.0;148;73
0,3227822005714278;40.0;148;73
0,4091240910910692;40.0;148;73
0,2711204566384544;40.0;148;73
0,3817110847411007;40.0;148;73
0,19098298616894338;40.0;148;73
0,25814475087809896;40.0;148;73
0,413914674009606;40.0;148;73
0,40577473456045565;40.0;148;73
0,06204373845720146;40.0;262;47
0,06351691260683934;40.0;262;47
0,059364283777952;40.0;262;47
0,3589179829891178;40.0;295;103
0,11461802451750103;40.0;295;103
0,21755595856903653;40.0;295;103
0,22871664971010452;40.0;295;103
0,19407712366277097;40.0;295;103
0,35027597817437206;40.0;295;103
0,047359597319481805;40.0;295;103
0,24613564742209082;40.0;295;103
0,9517550564142905;40.0;958;42
0,9517550564142905;40.0;958;42
0,892839567601631;40.0;958;42
0,5811510720253348;40.0;958;42
0,5811510720253348;40.0;958;42
0,9517550564142905;40.0;958;42
0,9517550564142905;40.0;958;42
0,892839567601631;40.0;958;42
0,6751010762889347;40.0;958;42
0,023344821559660334;40.0;519;199
0,16274282422750175;40.0;519;199
0,16867874494372925;40.0;519;199
0,058161977276987686;40.0;519;199
0,28879795931145535;40.0;519;199
0,20981314798030137;40.0;338;51
0,32740713522953;40.0;338;51
0,3063820400948969;40.0;338;51
0,43596996132402754;40.0;416;63
0,3803193248363197;40.0;416;63
0,3620211112158793;40.0;416;63
0,11292224711532839;40.0;416;63
0,29015529216656466;40.0;416;63
0,30993587386689514;40.0;416;63
0,32030996752746543;40.0;416;63
0,38324234749329555;40.0;416;63
0,2733773715191328;40.0;1198;110
0,28077108725342304;40.0;1198;110
0,2914763413862951;40.0;1198;110
0,25996034936565215;40.0;1198;110
0,4101411446421259;40.0;1198;110
0,4527596886245524;40.0;1198;110
0,38874074352672316;40.0;1198;110
0,26330685896912676;40.0;1198;110
0,042653397730049836;40.0;829;49
0,21524526379886355;40.0;829;49
0,3301316166376238;40.0;829;49
0,1585509033246557;40.0;829;49
0,1981270847662937;40.0;829;49
0,12195853665999024;40.0;829;49
0,8502718731899352;40.0;718;30
0,8502718731899352;40.0;718;30
0,8502718731899352;40.0;718;30
0,16458259465996417;40.0;197;20
0,5125814601197298;40.0;953;22
0,431749784982693;40.0;953;22
0,5125814601197298;40.0;953;22
0,5125814601197298;40.0;953;22
0,5125814601197298;40.0;953;22
0,5125814601197298;40.0;953;22
0,18718109291798957;40.0;1058;30
0,17870956127211413;40.0;1058;30
0,18305711314223116;40.0;1058;30
0,17870956127211413;40.0;1058;30
0,17870956127211413;40.0;1058;30
0,17517047278720388;40.0;1058;30
0,17870956127211413;40.0;1058;30
0,17517047278720388;40.0;1058;30
0,17870956127211413;40.0;1058;30
0,16388957713503283;40.0;1058;30
0,036097633494736936;40.0;504;298
0,10056844652494479;40.0;504;298
0,06028597501557109;40.0;504;298
0,02757177814088374;40.0;504;298
0,026303465747522514;40.0;504;298
0,09867688117608275;40.0;912;95
0,012934332471026488;40.0;912;95
0,01589373188280807;40.0;912;95
0,011564171281305935;40.0;912;95
0,01960086590997423;40.0;912;95
0,010820696534217245;40.0;912;95
0,015866767596470766;40.0;912;95
0,20615899062016463;40.0;1076;41
0,7361400738627668;40.0;1076;41
0,8269772214114237;40.0;1076;41
0,16331207242636503;40.0;1076;41
0,20615899062016463;40.0;1076;41
0,20615899062016463;40.0;1076;41
0,6056826173111329;40.0;1076;41
0,6185277372033442;40.0;1076;41
0,1744268575408663;40.0;512;104
0,291706052899829;40.0;512;104
0,11935051442721867;40.0;512;104
0,1690179940703016;40.0;512;104
0,3187278729112699;40.0;512;104
0,19577349086990092;40.0;512;104
0,08442238037675653;40.0;512;104
1,0;40.0;1074;15
1,0;40.0;1074;15
1,0;40.0;1074;15
1,0;40.0;1074;15
1,0;40.0;1074;15
1,0;40.0;1074;15
1,0;40.0;1074;15
1,0;40.0;1074;15
1,0;40.0;1074;15
1,0;40.0;1074;15
0,09694427924068938;40.0;335;63
0,27114546565363806;40.0;335;63
0,05513678304210634;40.0;335;63
0,055542146743895904;40.0;335;63
0,13132191549852568;40.0;335;63
0,05277255513128454;40.0;335;63
0,12037271870988753;40.0;335;63
0,33495759845142015;40.0;715;56
0,27783325395705627;40.0;715;56
0,3881503734606826;40.0;1188;49
0,16499727901249983;40.0;1188;49
0,16499727901249983;40.0;1188;49
0,7010389358634554;40.0;1188;49
0,08966709172997356;40.0;1188;49
0,30050595898577104;40.0;1188;49
0,8673360998072785;40.0;1188;49
0,0999642652170254;40.0;1188;49
0,15255309995115973;40.0;1188;49
0,502929195593586;40.0;1188;49
0,6154338508756694;40.0;480;21
0,06464097964896398;40.0;888;63
0,14948589307067905;40.0;888;63
0,04854605147094615;40.0;888;63
0,040848186241659645;40.0;888;63
0,05663890174146324;40.0;888;63
0,2388004345553294;40.0;398;81
0,2515629512822142;40.0;398;81
0,041748423027923254;40.0;398;81
0,053223724195871513;40.0;398;81
0,05203986205166555;40.0;398;81
0,04248983338524326;40.0;398;81
0,4578111996574976;40.0;1037;15
0,4578111996574976;40.0;1037;15
0,4578111996574976;40.0;1037;15
0,4578111996574976;40.0;1037;15
0,4578111996574976;40.0;1037;15
0,4578111996574976;40.0;1037;15
0,03764588567479632;40.0;63;67
0,038244295257483296;40.0;63;67
0,03764588567479632;40.0;63;67
0,03721628791237608;40.0;63;67
0,0379846780234534;40.0;63;67
0,05485539593223865;40.0;63;67
0,15622956641378316;40.0;698;167
0,1412621820580482;40.0;698;167
0,1230923372260897;40.0;698;167
0,2269222685878749;40.0;698;167
0,26911015815798;40.0;698;167
0,38098542887955267;40.0;123;25
0,3807219623303708;40.0;123;25
0,5926151626551202;40.0;123;25
0,02464579799704203;40.0;281;149
0,08426340721246373;40.0;281;149
0,06745025232532731;40.0;281;149
0,050943882241928584;40.0;281;149
0,02885183836477867;40.0;281;149
0,0952381376576803;40.0;281;149
0,01875372723954638;40.0;281;149
0,10466270134362099;40.0;717;40
0,20721002058735105;40.0;717;40
0,1261805577938344;40.0;717;40
0,13714009717787734;40.0;717;40
0,22757845735420879;40.0;717;40
0,14137828544563735;40.0;717;40
0,12698036102564925;40.0;717;40
0,24216673284981027;40.0;717;40
0,08465269968876155;40.0;895;149
0,06297381102195176;40.0;895;149
0,0812700010372005;40.0;895;149
0,06323326412166619;40.0;895;149
0,11171860957927038;40.0;895;149
0,12734407906598522;40.0;895;149
0,1531740805984081;40.0;895;149
0,5698624867206326;40.0;471;22
0,05667854527464877;40.0;1118;119
0,14386452764691615;40.0;1118;119
0,16866741813689545;40.0;1118;119
0,09974117568724639;40.0;1118;119
0,28642904274226355;40.0;425;79
0,25756358214750086;40.0;425;79
0,3212241919199357;40.0;425;79
0,2321919848487346;40.0;425;79
0,14040924314703318;40.0;425;79
0,17264907823201203;40.0;425;79
0,030543101716040244;40.0;1246;95
0,3330350907193558;40.0;676;31
0,2039630445880376;40.0;676;31
0,3330350907193558;40.0;676;31
0,3330350907193558;40.0;676;31
0,2836305646825179;40.0;676;31
0,3330350907193558;40.0;676;31
0,3385069199582249;40.0;676;31
0,2836305646825179;40.0;676;31
0,3330350907193558;40.0;676;31
0,12666060313964844;40.0;564;86
0,2847158668087859;40.0;564;86
0,3059914688006635;40.0;564;86
0,04659479483687812;40.0;564;86
0,1823331195197564;40.0;564;86
0,19735497268528124;40.0;564;86
0,1194465128379063;40.0;564;86
0,04743562975566307;40.0;564;86
0,40158405192586044;40.0;10;104
0,4079219426705365;40.0;235;36
0,07195172114931436;40.0;1203;103
0,12031524585733466;40.0;1101;24
0,31061779841255444;40.0;1101;24
0,05437030567338286;40.0;1101;24
0,07503124465806832;40.0;1101;24
0,15459108830713308;40.0;1101;24
0,15205975952863238;40.0;1101;24
0,14213328315146478;40.0;1101;24
0,10041443172250442;40.0;1101;24
0,03911808257734939;40.0;924;60
0,03844220762913819;40.0;924;60
0,04154304764704442;40.0;924;60
0,30873894711157157;40.0;15;91
0,10658292454876395;40.0;15;91
0,2794787972399051;40.0;15;91
0,04176912982883141;40.0;15;91
0,08560261471586372;40.0;15;91
0,2185167608569265;40.0;814;84
0,15661547815588817;40.0;814;84
0,1934629509959156;40.0;814;84
0,0727514421190798;40.0;814;84
0,04011151946927449;40.0;814;84
0,09743816511712589;40.0;814;84
0,12852675621040066;40.0;417;32
0,13960699130820298;40.0;417;32
0,3684294587558965;40.0;417;32
0,16093989008495124;40.0;417;32
0,5244763267895407;40.0;965;20
0,500569656864915;40.0;965;20
0,07041907471899478;40.0;1206;120
0,05755517707022628;40.0;1206;120
0,07319530902551907;40.0;1206;120
0,05734826653691116;40.0;1206;120
0,13094396027833088;40.0;1206;120
0,03327277583154031;40.0;1206;120
0,054930930870974226;40.0;1206;120
0,117124763686548;40.0;1206;120
0,03323194089694703;40.0;1206;120
0,06087724952194695;40.0;1206;120
4,440892098500626E-16;40.0;523;56
0,0;40.0;523;56
2,220446049250313E-16;40.0;523;56
0,0;40.0;523;56
-4,440892098500626E-16;40.0;523;56
0,0;40.0;523;56
8,881784197001252E-16;40.0;523;56
4,440892098500626E-16;40.0;523;56
2,220446049250313E-16;40.0;523;56
2,220446049250313E-16;40.0;523;56
0,4346911328618226;40.0;217;105
0,44290765270127186;40.0;217;105
0,24982698794274016;40.0;217;105
0,34713898206161864;40.0;217;105
0,31738287935326936;40.0;217;105
0,26429629420040635;40.0;301;72
0,07940546120398162;40.0;947;83
0,16807886099966662;40.0;947;83
0,12541457969709113;40.0;947;83
0,0988523661575893;40.0;947;83
0,07484486166313675;40.0;947;83
0,08919724756511416;40.0;947;83
0,40300730037477006;40.0;947;83
0,12580361748538693;40.0;947;83
0,20181435609976428;40.0;947;83
0,22494139821570758;40.0;947;83
0,2363398095864393;40.0;202;56
0,10622299463928186;40.0;202;56
0,06318634004322132;40.0;202;56
0,12632052133733151;40.0;202;56
0,09997723611418752;40.0;202;56
0,111946751644598;40.0;127;44
0,2587349702952859;40.0;127;44
0,18880906150043852;40.0;127;44
0,10660806797196254;40.0;127;44
0,18822843361139574;40.0;127;44
0,16937775159632373;40.0;127;44
0,11759540828697368;40.0;127;44
0,6863178904307852;40.0;575;11
0,34764866040256104;40.0;575;11
0,48594064758350775;40.0;575;11
0,6863178904307852;40.0;575;11
0,34764866040256104;40.0;575;11
0,34764866040256104;40.0;575;11
0,34764866040256104;40.0;575;11
0,34764866040256104;40.0;575;11
0,14909523859137863;40.0;772;32
0,13792388303943537;40.0;772;32
0,19385412170225824;40.0;772;32
0,13815009624379893;40.0;772;32
0,1481233275889926;40.0;772;32
0,11269319585171189;40.0;772;32
0,4209346034328165;40.0;772;32
0,1583650501696705;40.0;180;49
0,1583650501696705;40.0;180;49
0,1864095091790967;40.0;180;49
0,10052987393524404;40.0;180;49
0,11842250566435064;40.0;180;49
0,15443065011764778;40.0;180;49
0,15874813612908723;40.0;180;49
0,1583650501696705;40.0;180;49
0,148425145252278;40.0;1040;81
0,12060294439267127;40.0;1040;81
0,10314157337860941;40.0;1040;81
0,13968843985790924;40.0;1040;81
0,11910225829790444;40.0;1040;81
0,1462074145252692;40.0;1040;81
0,06409655871378939;40.0;182;97
0,37032079332443546;40.0;182;97
0,04922000736748178;40.0;182;97
0,3098684693053082;40.0;182;97
0,6224118219182546;40.0;182;97
0,3695193541878685;40.0;182;97
0,2993309549818579;40.0;182;97
0,28269586630482024;40.0;182;97
0,49621352061731283;40.0;1164;26
0,08650635536180973;40.0;985;119
0,07786195587322475;40.0;985;119
0,20767539943327673;40.0;970;39
0,2436460896833723;40.0;970;39
0,27450348564714644;40.0;326;47
0,12991891924318066;40.0;326;47
0,13339835708085612;40.0;326;47
0,12484463929413936;40.0;326;47
0,20323437531566935;40.0;326;47
0,1272372580162886;40.0;326;47
0,34348830394009555;40.0;326;47
0,13900480704791418;40.0;326;47
0,13115472792249339;40.0;326;47
0,13227585843847312;40.0;326;47
0,5131578253530276;40.0;448;22
0,44309039388762916;40.0;448;22
0,5131578253530276;40.0;448;22
0,5131578253530276;40.0;448;22
0,44309039388762916;40.0;448;22
0,5131578253530276;40.0;448;22
0,09007261154621116;40.0;468;169
0,09103977122401807;40.0;468;169
0,0873006064950812;40.0;468;169
0,329334066777627;40.0;468;169
0,07626273144160933;40.0;468;169
0,07409301928466072;40.0;468;169
0,1077546625977206;40.0;1157;80
0,4836856634120448;40.0;1157;80
0,11890706176988908;40.0;1157;80
0,06902430754466327;40.0;626;166
0,20738747747313901;40.0;626;166
0,33087137847594406;40.0;56;33
0,3481063780687481;40.0;56;33
0,33355804563937363;40.0;56;33
0,3950546444165133;40.0;56;33
0,38652647780826754;40.0;56;33
0,39859480265042335;40.0;56;33
0,435598469561737;40.0;270;20
0,22928516990115977;40.0;270;20
0,3274974939618551;40.0;270;20
0,44389359967083575;40.0;270;20
0,223982341984321;40.0;270;20
0,44389359967083575;40.0;270;20
0,21726938865426337;40.0;270;20
0,04021219183784597;40.0;662;176
0,01326865711643932;40.0;662;176
0,2505040923528534;40.0;662;176
0,10697048554452526;40.0;662;176
0,024035987493525868;40.0;662;176
0,555052821858893;40.0;1220;24
0,39286413568960143;40.0;1220;24
0,5180864740235074;40.0;1220;24
0,6387309400028212;40.0;1220;24
0,6387309400028212;40.0;1220;24
0,6387309400028212;40.0;1220;24
0,06828208341789654;40.0;887;105
0,38732451692000147;40.0;887;105
0,07274965878855233;40.0;887;105
0,23000752541765213;40.0;887;105
0,1285988896668564;40.0;887;105
0,3080411131711931;40.0;887;105
0,3705366603978859;40.0;738;95
0,3336619741854052;40.0;738;95
0,353251098478103;40.0;738;95
0,3776510121956951;40.0;738;95
0,4633286388876501;40.0;738;95
0,4331795464410322;40.0;738;95
0,26928016775044683;40.0;738;95
0,20960680493298622;40.0;1230;72
0,6785081123655623;40.0;1230;72
0,5545053472476578;40.0;1230;72
0,09124067473464414;40.0;511;82
0,04437514793256403;40.0;511;82
0,4629479496095885;40.0;511;82
0,06080565399960158;40.0;511;82
0,177999621210982;40.0;159;79
0,4331192180958394;40.0;159;79
0,21169243485038391;40.0;159;79
0,16854306748467796;40.0;159;79
0,23368635097268475;40.0;159;79
0,20817523740408794;40.0;159;79
0,30446820963081067;40.0;159;79
0,17603689633853525;40.0;966;104
0,2698084860894465;40.0;966;104
0,22196360716855112;40.0;966;104
0,33993609592170904;40.0;966;104
0,2608523660669846;40.0;966;104
0,20617609111007784;40.0;966;104
0,14338568224802395;40.0;966;104
0,19072451706868598;40.0;167;76
0,17644883001141287;40.0;167;76
0,09186530944333304;40.0;167;76
0,07784297669674389;40.0;167;76
0,2574437052224987;40.0;125;59
0,5305200707683375;40.0;1087;82
0,5414521036881677;40.0;1087;82
0,45408872214063534;40.0;1087;82
0,4949693305327003;40.0;725;82
0,7340625276410531;40.0;725;82
0,35475457141336286;40.0;725;82
0,47867163493110265;40.0;725;82
0,2690446358050924;40.0;725;82
0,021385452519993464;40.0;725;82
0,30875165664515647;40.0;725;82
0,36900135146790314;40.0;725;82
0,10989046422096638;40.0;725;82
0,2043150223208905;40.0;1050;24
0,16976953066525424;40.0;1050;24
0,2104279508571747;40.0;1050;24
0,21093247315457586;40.0;1050;24
0,21963047479949038;40.0;1050;24
0,21849464519747164;40.0;766;37
0,3320206288968237;40.0;766;37
0,22745051822130824;40.0;766;37
0,07966502945255627;40.0;28;32
0,17496473221292863;40.0;28;32
0,1896419961433744;40.0;28;32
0,179845062979461;40.0;28;32
0,07963445167724448;40.0;28;32
0,5985623600259908;40.0;28;32
0,17496473221292863;40.0;28;32
0,1740731083841791;40.0;28;32
0,17660081896162572;40.0;28;32
0,16866449856630772;40.0;28;32
0,12908789476607585;40.0;690;19
0,12908789476607585;40.0;690;19
0,12908789476607585;40.0;690;19
0,12908789476607585;40.0;690;19
0,12114398004238414;40.0;690;19
0,12908789476607585;40.0;690;19
0,12908789476607585;40.0;690;19
0,12114398004238414;40.0;690;19
0,12908789476607585;40.0;690;19
0,12908789476607585;40.0;690;19
0,06501323080942867;40.0;968;111
0,06634232248893213;40.0;968;111
0,12102912546445133;40.0;968;111
0,07404257580571194;40.0;968;111
0,13887184672727781;40.0;752;67
0,14775087648646656;40.0;752;67
0,11095174887635029;40.0;752;67
0,16459209733777258;40.0;752;67
0,14418961307502776;40.0;752;67
0,11855465525583009;40.0;752;67
0,24259955025085533;40.0;1096;66
0,17527260124741084;40.0;1096;66
0,2629553984025894;40.0;1096;66
0,2724076411851588;40.0;1096;66
0,3529959038569537;40.0;1096;66
0,2390410918002237;40.0;1096;66
0,3964246230301858;40.0;1096;66
0,13660194077530696;40.0;121;38
0,24335328315157123;40.0;121;38
0,2245943590887256;40.0;121;38
0,20773213959877723;40.0;121;38
0,23660382942103997;40.0;121;38
0,29093140668908024;40.0;121;38
0,11255293542256717;40.0;121;38
0,19452355955023637;40.0;121;38
0,21228408492303585;40.0;121;38
0,1853830606075617;40.0;121;38
0,8187897368751285;40.0;689;11
0,09402863499285896;40.0;1127;92
0,03906068859259593;40.0;1127;92
0,07759006302486227;40.0;1127;92
0,035470494468685665;40.0;1127;92
0,0655523274138583;40.0;1127;92
0,10648022849986738;40.0;115;59
0,11095718522481102;40.0;115;59
0,246226740466839;40.0;115;59
0,11565723971099984;40.0;115;59
0,19121231205649747;40.0;115;59
0,10615283972047806;40.0;115;59
0,22763047279966653;40.0;115;59
0,11945259106929629;40.0;115;59
0,021744257867227113;40.0;1154;124
0,01924849583025301;40.0;1154;124
0,0197519028210289;40.0;1154;124
0,05414710105480691;40.0;1154;124
0,020166389713766275;40.0;1154;124
0,02195656805776136;40.0;1154;124
0,6121342609579068;40.0;429;66
0,5516325265965842;40.0;429;66
0,5746276367710064;40.0;429;66
0,9055023671694298;40.0;429;66
0,6121342609579068;40.0;429;66
0,6363062154019623;40.0;429;66
0,07336181286821963;40.0;1190;104
0,06303743184708543;40.0;1190;104
0,0599023537209864;40.0;1190;104
0,07299870333388414;40.0;1190;104
0,07251260453955055;40.0;1190;104
0,27441215041662237;40.0;691;81
0,055254504930543735;40.0;380;87
0,28024383956377896;40.0;380;87
0,17633653565688912;40.0;380;87
0,05548453574634715;40.0;380;87
0,05767002432820312;40.0;380;87
0,045645904323243114;40.0;380;87
0,1423785056604392;40.0;380;87
0,3272146424211506;40.0;380;87
0,13350489342901173;40.0;206;33
0,11468277690533069;40.0;206;33
0,09622578813416083;40.0;206;33
0,08920504660759443;40.0;206;33
0,4480832377600492;40.0;66;47
0,4943674334677344;40.0;66;47
0,48568625060058346;40.0;66;47
0,49470169849532275;40.0;66;47
0,5397561507639617;40.0;66;47
0,2737204159581239;40.0;762;17
0,8814811827317119;40.0;762;17
0,18212771518125392;40.0;1139;239
0,28134754430630693;40.0;1191;69
0,1535802238227988;40.0;1191;69
0,13199080669916152;40.0;1191;69
0,4110919754742861;40.0;1191;69
0,3869786258525163;40.0;1191;69
0,15242458175454843;40.0;1191;69
0,3640630783667136;40.0;1191;69
0,03196403207534204;40.0;686;96
0,028371087691176022;40.0;686;96
0,19333811678994128;40.0;989;169
0,14271591018032503;40.0;989;169
0,18314214077857005;40.0;989;169
0,35076737803980906;40.0;238;89
0,30464593118547434;40.0;238;89
0,15548520659703002;40.0;238;89
0,3147744801088954;40.0;238;89
0,34312919800306174;40.0;238;89
0,18551828070205256;40.0;238;89
0,24191610900902494;40.0;979;16
0,2420833387014263;40.0;979;16
0,2420833387014263;40.0;979;16
0,24311831485588886;40.0;979;16
0,33139573348297335;40.0;979;16
0,24191610900902494;40.0;979;16
0,358771556514929;40.0;979;16
0,2416083177756314;40.0;979;16
0,2420833387014263;40.0;979;16
0,4576420933693346;40.0;979;16
0,4613128872425716;40.0;1197;52
0,5962195120527107;40.0;1197;52
0,5952208091445037;40.0;1197;52
0,5962195120527107;40.0;1197;52
0,5962195120527107;40.0;1197;52
0,64078227916022;40.0;1197;52
0,25482675714876146;40.0;845;30
0,29938839556111874;40.0;845;30
0,4200187786184395;40.0;845;30
0,3022293779214018;40.0;845;30
0,24173525032846865;40.0;845;30
0,25870618228438746;40.0;845;30
0,4348908177967483;40.0;1083;29
0,25459203281164955;40.0;1083;29
0,3303730223467536;40.0;1083;29
0,1333640705118866;40.0;1083;29
0,6630842744935883;40.0;1083;29
0,237324143997089;40.0;1083;29
0,30600256349668276;40.0;1083;29
0,14169661982510173;40.0;1083;29
0,4770744842401877;40.0;265;81
0,16754882644216873;40.0;265;81
0,3284045326972418;40.0;265;81
0,18491428590641235;40.0;265;81
0,7409160348179344;40.0;265;81
0,4343715612895809;40.0;265;81
0,3094273744067444;40.0;265;81
0,2583644102561089;40.0;265;81
0,5202634464102671;40.0;265;81
0,31356136542437674;40.0;265;81
0,6444753414701323;40.0;1125;45
0,8963930891080567;40.0;1125;45
0,8621331405899713;40.0;321;13
0,7801213909679316;40.0;321;13
0,05566367156494434;40.0;621;45
0,06936625722909584;40.0;621;45
0,06535760801824253;40.0;621;45
0,06534483869333951;40.0;621;45
0,06857458106655412;40.0;621;45
0,07101834499410753;40.0;621;45
0,06167468794626285;40.0;621;45
0,06762873681867698;40.0;621;45
0,23785828280865928;40.0;64;27
0,12827303989574523;40.0;64;27
0,09354807062269699;40.0;64;27
0,12827303989574523;40.0;64;27
0,10026171354319002;40.0;64;27
0,12827303989574523;40.0;64;27
0,12827303989574523;40.0;64;27
0,12746060098027234;40.0;64;27
0,08990551005491998;40.0;584;59
0,19394866174592273;40.0;210;51
0,2899897291145954;40.0;210;51
0,1766771550389672;40.0;210;51
0,18910969978115433;40.0;210;51
0,29284099485988335;40.0;210;51
0,34061363665315936;40.0;210;51
0,10697763996715426;40.0;490;100
0,09388036120552012;40.0;490;100
0,11255783300749833;40.0;490;100
0,11008770183706229;40.0;490;100
0,2293418961735152;40.0;490;100
0,24126032348864856;40.0;490;100
0,15923404518804296;40.0;490;100
0,13794878586541226;40.0;755;34
0,14110766465035685;40.0;755;34
0,13729496826383936;40.0;755;34
0,13980836677841113;40.0;755;34
0,09662009757458434;40.0;755;34
0,14104346773088783;40.0;755;34
0,1466021084671314;40.0;755;34
0,13980836677841113;40.0;755;34
0,14104346773088783;40.0;755;34
0,06619413009078068;40.0;693;167
0,10230742753706257;40.0;693;167
0,09038832362166094;40.0;693;167
0,10510426588827038;40.0;693;167
0,04302139362359436;40.0;32;126
0,04292672453401192;40.0;32;126
0,10793705622033656;40.0;32;126
0,09538473905071254;40.0;32;126
0,030409586396722865;40.0;32;126
0,05376368095137263;40.0;32;126
0,08613924968943665;40.0;32;126
0,04665820748137839;40.0;32;126
0,04788791042935747;40.0;32;126
0,09416794533561679;40.0;580;92
0,10109985816900702;40.0;580;92
0,12999817274836678;40.0;580;92
0,05635697649384097;40.0;580;92
0,07148434213857269;40.0;580;92
0,10066460339410899;40.0;580;92
0,10621599097624124;40.0;580;92
0,20487849791406854;40.0;731;66
0,7414314937777327;40.0;1156;33
0,6524485494490484;40.0;1156;33
0,7629594017179147;40.0;1156;33
0,7629594017179147;40.0;1156;33
0,7414314937777327;40.0;1156;33
0,7629594017179147;40.0;1156;33
0,7629594017179147;40.0;1156;33
0,1256043443460324;40.0;442;43
0,12572564080562376;40.0;442;43
0,1322773736723868;40.0;442;43
0,09358516346640089;40.0;442;43
0,12884067207243088;40.0;442;43
0,13372424379880754;40.0;442;43
0,07492339156997097;40.0;442;43
0,5013426324227561;40.0;113;18
0,16901900282086735;40.0;113;18
0,2982909751053484;40.0;113;18
0,4072021303136937;40.0;113;18
0,3060087912715008;40.0;864;45
0,412726462761724;40.0;864;45
0,14369055946450704;40.0;864;45
0,19064874385743558;40.0;864;45
0,29052582545132855;40.0;864;45
0,31213448712928415;40.0;864;45
0,11908621110873563;40.0;139;75
0,08028042310855121;40.0;139;75
0,01685809846553976;40.0;139;75
0,11832376790757171;40.0;139;75
0,10439329700431133;40.0;139;75
0,19439978466662033;40.0;589;59
0,17639563488810173;40.0;589;59
0,470189333758815;40.0;972;32
0,470189333758815;40.0;972;32
0,470189333758815;40.0;972;32
0,28457655239404;40.0;972;32
0,470189333758815;40.0;972;32
0,470189333758815;40.0;972;32
0,470189333758815;40.0;972;32
0,470189333758815;40.0;972;32
0,470189333758815;40.0;972;32
0,470189333758815;40.0;972;32
0,14059374125001445;40.0;1226;136
0,19077426568945732;40.0;1226;136
0,17783676714261598;40.0;1226;136
0,0682476394020115;40.0;1226;136
0,15653690372140372;40.0;858;46
0,24998906789525788;40.0;858;46
0,23838441395343346;40.0;858;46
0,1649634218864513;40.0;858;46
0,1314452678535163;40.0;858;46
0,11637695189529862;40.0;858;46
0,18214637257757493;40.0;858;46
0,06762370080803315;40.0;1067;118
0,045152187472427885;40.0;1067;118
0,0647033382714588;40.0;1067;118
0,06124592007376073;40.0;1067;118
0,0688736083081034;40.0;1067;118
0,11631300092271823;40.0;1067;118
0,07147370458131963;40.0;1067;118
0,03929131120218665;40.0;1067;118
0,043132419030432745;40.0;392;67
0,026825167551610463;40.0;392;67
0,038650416457960635;40.0;392;67
0,03031133221517579;40.0;392;67
0,12657569476036712;40.0;392;67
0,037325916519047375;40.0;392;67
0,04684088761971461;40.0;392;67
0,026815337593369737;40.0;392;67
0,09772321725348188;40.0;187;39
0,10997364018176592;40.0;187;39
0,11376056208414487;40.0;187;39
0,138806940518025;40.0;187;39
0,10890200346932555;40.0;187;39
0,03263422513020142;40.0;1267;71
0,013167459860304431;40.0;1267;71
0,01767025252663834;40.0;1267;71
0,1753282713351354;40.0;983;39
0,21010107994354743;40.0;983;39
0,16025875605634465;40.0;983;39
0,16025875605634465;40.0;983;39
0,1975132960262933;40.0;983;39
0,1975132960262933;40.0;983;39
0,16349181369543153;40.0;983;39
0,20502033965689637;40.0;983;39
0,18058999635720174;40.0;983;39
0,21010107994354743;40.0;983;39
0,06834612954544816;40.0;509;152
0,13835490834919995;40.0;153;69
0,19950486102850862;40.0;153;69
0,21427665853894928;40.0;153;69
0,09316150125602429;40.0;591;99
0,18443627691639408;40.0;591;99
0,026141128283771797;40.0;567;150
0,4440765339232793;40.0;451;22
0,3779120876304103;40.0;451;22
0,27636614802426984;40.0;451;22
0,39881193753562694;40.0;451;22
0,47772822343185317;40.0;451;22
0,27636614802426984;40.0;451;22
0,2567261726901793;40.0;451;22
0,3646795943883476;40.0;451;22
0,3807330712987198;40.0;638;48
0,5596898490560858;40.0;638;48
0,5298833632309758;40.0;638;48
0,4922132152081864;40.0;638;48
0,20168860063487415;40.0;638;48
0,5412577223997743;40.0;638;48
0,6657102237720216;40.0;638;48
0,2885311507798667;40.0;1180;133
0,5148930300160663;40.0;1180;133
0,10215386737910559;40.0;1180;133
0,12474215517098886;40.0;1180;133
0,20689585548448353;40.0;1180;133
0,5347794359495197;40.0;1180;133
0,32923840615744737;40.0;1180;133
0,14108071973600222;40.0;1180;133
0,16524535352256953;40.0;1180;133
0,5870251973490892;40.0;1099;20
0,3926356752267155;40.0;1099;20
0,5870251973490892;40.0;1099;20
0,4473213974239352;40.0;1099;20
0,5870251973490892;40.0;1099;20
0,3926356752267155;40.0;1099;20
0,3926356752267155;40.0;1099;20
0,5870251973490892;40.0;1099;20
0,5870251973490892;40.0;1099;20
0,03189228822369872;40.0;419;94
0,03247216628132321;40.0;419;94
0,03198824014855117;40.0;419;94
0,02888088068521677;40.0;419;94
0,030461841177138238;40.0;419;94
0,02962938538167159;40.0;419;94
0,0329515629810333;40.0;419;94
0,03263938888865492;40.0;419;94
0,030296156716689948;40.0;419;94
0,03027332058157861;40.0;419;94
0,7859336805820916;40.0;941;53
0,8001963098895097;40.0;941;53
0,7859336805820916;40.0;941;53
0,7859336805820916;40.0;941;53
0,7859336805820916;40.0;941;53
0,7859336805820916;40.0;941;53
0,7859336805820916;40.0;941;53
0,6571398861132665;40.0;941;53
0,7859336805820916;40.0;941;53
0,8001963098895097;40.0;941;53
0,3103448727203959;40.0;920;34
0,13452015697166697;40.0;920;34
0,06638082341140694;40.0;920;34
0,4732786815721082;40.0;920;34
0,11158584793420578;40.0;920;34
0,30655880764680377;40.0;920;34
0,37414272344655286;40.0;920;34
0,47115810008880255;40.0;920;34
0,2566239331387057;40.0;114;78
0,19694221055928995;40.0;893;19
0,5636375438242354;40.0;893;19
0,5411065661395598;40.0;893;19
0,0715649794733495;40.0;463;55
0,10264596721583441;40.0;463;55
0,22941816599038467;40.0;299;18
0,08344101176195107;40.0;299;18
0,2730277775270771;40.0;311;36
0,3686475346654112;40.0;311;36
0,33137157181060806;40.0;311;36
0,4162539662311353;40.0;311;36
0,11893941887065096;40.0;292;46
0,3762924348675425;40.0;292;46
0,06717237107277052;40.0;292;46
0,17474520950298777;40.0;729;47
0,17790656777004;40.0;729;47
0,11009150190074113;40.0;729;47
0,4449147331407668;40.0;250;37
0,17358296796839157;40.0;250;37
0,1317507485883742;40.0;250;37
0,31493808286580083;40.0;250;37
0,2038669722705717;40.0;250;37
0,1765783067671549;40.0;250;37
0,17028825664133151;40.0;250;37
0,3656527479219702;40.0;250;37
0,1506274611456504;40.0;250;37
0,14435374678063972;40.0;586;40
0,3278242184170115;40.0;586;40
0,3146563398868578;40.0;586;40
0,22866025837853066;40.0;586;40
0,05831598352530465;40.0;40;62
0,10935528797034655;40.0;40;62
0,06002782981383037;40.0;40;62
0,08104119933471532;40.0;40;62
0,05954997642409787;40.0;40;62
0,06993550146769367;40.0;40;62
0,05954997642409787;40.0;40;62
0,05717238285149917;40.0;40;62
0,28623461323428523;40.0;431;104
0,025379667115773108;40.0;431;104
0,033537180181251625;40.0;431;104
0,02802880948896802;40.0;431;104
0,03404276359907499;40.0;431;104
0,033664850416371905;40.0;431;104
0,28912491039444643;40.0;431;104
0,24569654128895646;40.0;431;104
0,3286332546261068;40.0;640;46
0,3799969180427196;40.0;640;46
0,2962716572039126;40.0;640;46
0,266108665766158;40.0;640;46
0,25526558609336325;40.0;640;46
0,30415320146491087;40.0;640;46
0,09039258800282224;40.0;609;69
0,09136368994344801;40.0;609;69
0,08933249541204469;40.0;609;69
0,1441287120976844;40.0;609;69
0,14040611587035845;40.0;1199;71
0,5241387506931112;40.0;1199;71
0,20349484160072207;40.0;1199;71
0,17877213791479396;40.0;1199;71
0,170535391611353;40.0;1199;71
0,1960775654262792;40.0;1199;71
0,12207438552712424;40.0;1199;71
0,16910701851652998;40.0;1199;71
0,07902981728027947;40.0;637;68
0,08496850191585037;40.0;637;68
0,26739332938996974;40.0;637;68
0,09611330755544634;40.0;637;68
0,0439104385507636;40.0;637;68
0,47983074996061115;40.0;637;68
0,568282923110643;40.0;637;68
0,4110849102663048;40.0;600;37
0,6895974914764957;40.0;600;37
0,2336240085361776;40.0;600;37
0,23210744718069765;40.0;600;37
0,5156339806435544;40.0;600;37
0,2887601739578187;40.0;498;29
0,22939942215691622;40.0;498;29
0,2609827991848881;40.0;498;29
0,13770807205876867;40.0;498;29
0,21682759667673013;40.0;498;29
0,6875489513858575;40.0;205;24
0,961188057061743;40.0;205;24
0,364902433239533;40.0;807;27
0,43996571537679685;40.0;807;27
0,2008111940176136;40.0;954;57
0,13395177723992968;40.0;954;57
0,27021233200347217;40.0;954;57
0,14129705125171887;40.0;1057;68
0,14848803644754205;40.0;1057;68
0,1735107446435573;40.0;1057;68
0,2435458940077917;40.0;1057;68
0,12728286721885707;40.0;1057;68
0,2593128181165205;40.0;1057;68
0,17914235583496407;40.0;1057;68
0,13835640025657914;40.0;1057;68
0,6840309878254569;40.0;1159;48
0,5427577503992882;40.0;1159;48
0,7591812526853154;40.0;1159;48
0,02990969938957644;40.0;154;78
0,36192187182441726;40.0;758;76
0,2358458158858705;40.0;758;76
0,2827487276563192;40.0;758;76
0,4633964915658524;40.0;758;76
0,2945454443864919;40.0;758;76
0,21268691887416669;40.0;758;76
0,265291981970764;40.0;758;76
0,23823951811808852;40.0;758;76
0,25554241631482655;40.0;758;76
0,3943264172117922;40.0;267;62
0,7088830697023825;40.0;267;62
0,5624164218306043;40.0;267;62
0,8411255021928858;40.0;267;62
0,5165505645381869;40.0;267;62
0,7888084812201213;40.0;267;62
0,4049898530989162;40.0;267;62
0,42399752832108706;40.0;141;132
0,18047132895714668;40.0;141;132
0,10798247226705215;40.0;141;132
0,12419257764607927;40.0;141;132
0,22932447411185963;40.0;141;132
0,166929605322375;40.0;141;132
0,23331979726635788;40.0;1056;28
0,760489408526857;40.0;1056;28
0,23331979726635788;40.0;1056;28
0,23331979726635788;40.0;1056;28
0,23331979726635788;40.0;1056;28
0,760489408526857;40.0;1056;28
0,23331979726635788;40.0;1056;28
0,31156474998088535;40.0;1056;28
0,760489408526857;40.0;1056;28
0,760489408526857;40.0;1056;28
0,030612727500671566;40.0;95;61
0,12754116258024117;40.0;95;61
0,03862357619985479;40.0;95;61
0,22921875259190871;40.0;305;123
0,06350940950973216;40.0;305;123
0,10468618520910189;40.0;305;123
0,14587650508870964;40.0;305;123
0,10428498692744403;40.0;305;123
0,1366893125392188;40.0;6;106
0,19894166689793646;40.0;6;106
0,10061482663171217;40.0;6;106
0,13816044360139101;40.0;6;106
0,0985727666982057;40.0;6;106
0,08519293980137443;40.0;6;106
0,07421257376465262;40.0;952;62
0,16357596036567545;40.0;952;62
0,09348284297963971;40.0;952;62
0,04480285355976443;40.0;952;62
0,04032372856831379;40.0;952;62
0,13874658773601878;40.0;952;62
0,05074560570725439;40.0;952;62
0,014795523699955515;40.0;952;62
0,12143735794956978;40.0;952;62
0,199316215650148;40.0;952;62
0,38266166333599494;40.0;320;25
0,008606611341771542;40.0;320;25
0,00964786259478534;40.0;320;25
0,35902287779771713;40.0;320;25
0,009581470868196273;40.0;320;25
0,05115827878751289;40.0;320;25
0,49045211645526576;40.0;216;25
0,2368649455845535;40.0;347;91
0,33912956553886975;40.0;347;91
0,2776373646864292;40.0;347;91
0,4400447904057876;40.0;347;91
0,47174661081307256;40.0;347;91
0,797126991161287;40.0;408;3
0,797126991161287;40.0;408;3
0,797126991161287;40.0;408;3
0,797126991161287;40.0;408;3
0,797126991161287;40.0;408;3
0,797126991161287;40.0;408;3
0,797126991161287;40.0;408;3
0,797126991161287;40.0;408;3
0,797126991161287;40.0;408;3
0,797126991161287;40.0;408;3
0,07579953271574347;40.0;83;103
0,045858672233406006;40.0;83;103
0,04171329860298001;40.0;83;103
0,35687471355949474;40.0;707;82
0,21960924623661704;40.0;707;82
0,36335509069325456;40.0;707;82
0,05969328400820584;40.0;1196;119
0,06389421277156893;40.0;1196;119
0,1542208927487374;40.0;664;104
0,11840023658353149;40.0;664;104
0,12098991777867263;40.0;664;104
0,22772417479644647;40.0;664;104
0,10823321596331148;40.0;11;93
0,366686563402457;40.0;11;93
0,1054989084620126;40.0;11;93
0,09404991035062005;40.0;11;93
0,08996836711636558;40.0;11;93
0,24388568426566115;40.0;11;93
0,13232855244713382;40.0;11;93
0,050102228872044074;40.0;389;69
0,08605017361678136;40.0;389;69
0,057162547558052834;40.0;389;69
0,0883403383347543;40.0;389;69
0,10155358580368201;40.0;389;69
0,0869139130073866;40.0;389;69
0,029535323836524574;40.0;389;69
0,06714863898645507;40.0;389;69
0,17851348609224948;40.0;1155;101
0,21298647859795472;40.0;1155;101
0,13230818742556805;40.0;1155;101
0,10660310429385267;40.0;1155;101
AVG:0,2593953213247433