pathSize;angle_to_destination;route_ID;number_of_edges
0,06549402501355894;7.0;1024;96
0,3451504968273462;7.0;755;34
0,16200260447658632;7.0;755;34
0,3619142102347659;7.0;1089;47
0,09538917852940143;7.0;1089;47
0,12275594689503655;7.0;1207;125
0,15115239550856407;7.0;839;39
0,07606050603521908;7.0;866;34
0,35250095881117116;7.0;386;51
0,11689710260603792;7.0;176;39
0,025323601844675192;7.0;176;39
0,016573574566560723;7.0;176;39
0,1804558590766716;7.0;857;15
0,34735877242445445;7.0;857;15
0,14639671525233688;7.0;121;38
0,07542251581589343;7.0;1206;120
0,08921467328847199;7.0;178;56
0,23131264624197234;7.0;178;56
0,16008333954884968;7.0;89;13
0,41841692947674014;7.0;89;13
0,4493653106688127;7.0;89;13
0,17287197661689158;7.0;912;95
0,3377978708202338;7.0;912;95
1,0;7.0;1054;11
1,0;7.0;1054;11
1,0;7.0;1054;11
0,3502054179444014;7.0;1054;11
1,0;7.0;1054;11
0,771354120806532;7.0;1054;11
0,771354120806532;7.0;1054;11
0,771354120806532;7.0;1054;11
0,01908141874426028;7.0;1121;103
0,016025222816255402;7.0;1121;103
0,05374066886218554;7.0;1121;103
0,016362299507529432;7.0;1121;103
0,03628469053370287;7.0;1121;103
0,07583138360222974;7.0;1121;103
0,01989495419236209;7.0;1121;103
0,5783732164812321;7.0;28;32
0,10804895398366643;7.0;814;84
0,08660618418834276;7.0;814;84
0,19521159105234798;7.0;1164;26
0,08445204332565526;7.0;1199;71
0,1281152956685636;7.0;1199;71
0,14466402197546468;7.0;1199;71
0,12484030841326677;7.0;1199;71
0,09537267312167064;7.0;437;121
0,08868824052094504;7.0;437;121
0,10989676488068567;7.0;437;121
0,1102978175846614;7.0;437;121
0,23335372296024004;7.0;437;121
0,21260165605600045;7.0;1086;60
0,19351930075588775;7.0;1086;60
0,06676170261165693;7.0;1086;60
0,19859551317357416;7.0;311;36
0,22443112725948589;7.0;311;36
0,17389412434912654;7.0;311;36
0,3690036456514758;7.0;311;36
0,15880277197416337;7.0;311;36
0,35769031773329973;7.0;311;36
0,5355826143928586;7.0;872;27
0,21859142988374103;7.0;433;108
0,19913569438490697;7.0;115;59
0,2388024681205323;7.0;115;59
0,04688211148216337;7.0;115;59
0,13404738018905116;7.0;115;59
0,17523280255239992;7.0;115;59
0,05867908936974109;7.0;115;59
0,09371286002812074;7.0;1241;113
0,04908268583582953;7.0;1241;113
0,0621997800068419;7.0;392;67
0,025925300279605157;7.0;392;67
0,23824098052097753;7.0;164;27
0,24351773598919113;7.0;164;27
0,1298580028645282;7.0;164;27
0,4410102847673032;7.0;164;27
0,14770880667493702;7.0;922;34
0,3570677030426139;7.0;922;34
0,24594179856186593;7.0;922;34
0,2657021293132946;7.0;922;34
0,23596693186915174;7.0;209;49
0,29307061033327164;7.0;209;49
0,4609357170673887;7.0;751;59
0,31643733361090587;7.0;525;69
0,12036487089457526;7.0;375;22
0,21813544401356033;7.0;375;22
0,017125397493176653;7.0;1085;85
0,06350089389740132;7.0;1194;175
0,45591713119733157;7.0;205;24
0,37954096147661853;7.0;205;24
0,5540179306313655;7.0;205;24
0,5018604437465917;7.0;205;24
0,1896411738682391;7.0;1101;24
0,19175936635733137;7.0;1101;24
0,4473213974239352;7.0;1099;20
0,16365393698328679;7.0;1099;20
0,40821911371796404;7.0;1099;20
0,5870251973490892;7.0;1099;20
0,3691714901614016;7.0;965;20
0,11690367344823716;7.0;202;56
0,07128036975523022;7.0;202;56
0,19450422678285229;7.0;202;56
0,08515433197673317;7.0;1136;22
0,09062402379945311;7.0;369;32
0,1368868396453291;7.0;369;32
0,3143640862347161;7.0;369;32
0,2521071060038196;7.0;73;12
0,25033189490740004;7.0;73;12
0,19801745153533679;7.0;73;12
0,1878187421960973;7.0;335;63
0,3112620397999841;7.0;226;19
0,464206980072118;7.0;845;30
0,49079974170346174;7.0;845;30
0,20696596697252123;7.0;845;30
0,20632575804680608;7.0;845;30
0,16060888194671996;7.0;845;30
0,36540259445585943;7.0;845;30
0,18443806334452995;7.0;561;32
0,2079861616360117;7.0;858;46
0,23019155414502568;7.0;920;34
0,1484639146786817;7.0;270;20
0,10226143204804128;7.0;270;20
0,41795513144412677;7.0;270;20
0,3233686341793831;7.0;592;4
0,3233686341793831;7.0;592;4
0,7040822733115759;7.0;592;4
0,09040763451343392;7.0;1132;62
0,3272116841393904;7.0;44;26
0,16313636185519642;7.0;44;26
0,5259258214171805;7.0;291;58
0,21041429011719526;7.0;291;58
0,12033657478329984;7.0;291;58
0,21850979677325122;7.0;291;58
0,36958777247950003;7.0;291;58
0,08926505956173325;7.0;291;58
0,04028882809403678;7.0;660;79
0,05102305464641188;7.0;660;79
0,07762609989368463;7.0;660;79
0,1552286806959815;7.0;660;79
0,4245697861445965;7.0;1159;48
0,1189860455322318;7.0;315;17
0,1566566067865356;7.0;1044;126
0,04727311350735319;7.0;326;47
0,5771233086448011;7.0;435;31
0,06543463010157158;7.0;835;74
0,2087295662123958;7.0;835;74
0,1589009815123632;7.0;398;81
0,4292853941685084;7.0;1081;14
0,7652771484952532;7.0;1081;14
0,07048054355413291;7.0;532;40
0,09317389345332039;7.0;658;117
0,080579195141947;7.0;259;75
0,14000063592535605;7.0;957;67
0,08921267692292556;7.0;996;88
0,0283318419283467;7.0;610;58
0,16155785441394976;7.0;582;89
0,052895567556777934;7.0;582;89
0,22713335031071424;7.0;887;105
0,17133190126162412;7.0;414;64
0,7384180420700321;7.0;1074;15
1,0;7.0;1074;15
1,0;7.0;1074;15
1,0;7.0;1074;15
0,3403934930698578;7.0;268;71
0,6191352501017162;7.0;108;3
0,5262458155116294;7.0;108;3
0,5262458155116294;7.0;108;3
0,5262458155116294;7.0;108;3
0,5262458155116294;7.0;108;3
0,4305213940750763;7.0;625;24
0,024624248748233102;7.0;419;94
0,07141184399231104;7.0;419;94
0,03575883505199218;7.0;419;94
0,14792379736174355;7.0;639;53
1,0;7.0;461;6
0,23110971265749325;7.0;461;6
1,0;7.0;461;6
1,0;7.0;461;6
0,7918483273349797;7.0;461;6
0,2313765879594576;7.0;834;38
0,24823712835751355;7.0;249;101
0,25621582427410394;7.0;736;44
0,2890262415582885;7.0;736;44
0,2505288405578119;7.0;822;27
0,3442347197404638;7.0;822;27
0,20373624352081054;7.0;690;19
0,31886190855205876;7.0;690;19
0,2217047459558228;7.0;1250;82
0,06033543280066711;7.0;1250;82
0,08656603618540815;7.0;1250;82
0,21694419910189433;7.0;1250;82
0,1052295097442073;7.0;1250;82
0,11130223107233128;7.0;1250;82
0,1492038594964329;7.0;1250;82
0,17104563204287304;7.0;506;51
0,08533787368113233;7.0;662;176
0,21399089472645616;7.0;819;20
0,3510075099627932;7.0;819;20
0,2302418651692384;7.0;819;20
0,12265306239689044;7.0;113;18
0,22377675916066342;7.0;113;18
0,15067344142546446;7.0;717;40
0,6474060224639429;7.0;190;19
0,5892372549662068;7.0;190;19
0,1432240606032793;7.0;596;23
0,19101843418060804;7.0;596;23
0,2447511711711412;7.0;596;23
0,20160494451622113;7.0;596;23
0,2861149344398466;7.0;596;23
0,5777977404832935;7.0;596;23
0,1884156859210604;7.0;596;23
0,05470294947182586;7.0;697;170
0,04579985343350468;7.0;697;170
0,11067194383753143;7.0;71;83
0,19347100419706886;7.0;71;83
0,012598382527224006;7.0;71;83
0,21339083739544673;7.0;1188;49
0,09575715692144993;7.0;601;69
0,03519831811587748;7.0;601;69
0,21555683096073808;7.0;601;69
0,20719309368239114;7.0;601;69
0,46832735402730363;7.0;1140;15
0,4115628088507812;7.0;274;21
0,518919415610275;7.0;274;21
0,3568207311289937;7.0;274;21
0,5262717407638997;7.0;274;21
0,10975478995195131;7.0;635;76
0,1262089736953349;7.0;635;76
0,14633800952042297;7.0;635;76
0,17941430630006217;7.0;1259;14
0,4719154048774956;7.0;1259;14
0,29069884343914354;7.0;491;17
0,2665528126398331;7.0;491;17
0,24767331570516782;7.0;715;56
0,1646813587091167;7.0;1202;93
0,04863988250096973;7.0;1196;119
0,03340687954678434;7.0;1196;119
0,20847296019508366;7.0;928;21
0,13904654247978998;7.0;1150;112
0,22353333463787317;7.0;1150;112
0,3841841558303676;7.0;137;19
0,389770990876972;7.0;426;29
0,0618302065051739;7.0;426;29
0,04403663119850787;7.0;260;41
0,12168495915802224;7.0;260;41
0,7910705956332538;7.0;689;11
0,16310032398595475;7.0;133;126
0,11220148877796565;7.0;1012;46
0,04076952987493798;7.0;1012;46
0,1434919168006774;7.0;650;15
0,2490992251444133;7.0;833;14
0,3844182854832492;7.0;1091;18
0,4906475178332481;7.0;1091;18
0,4906475178332481;7.0;1091;18
0,20976847518400388;7.0;1091;18
0,05596175860603503;7.0;663;181
0,25358036859609734;7.0;236;14
0,43032855214978927;7.0;236;14
0,31770843452805964;7.0;599;26
0,1703856206452954;7.0;668;54
0,23886186295452028;7.0;947;83
0,0782319335307573;7.0;947;83
0,09352275489608397;7.0;637;68
0,760489408526857;7.0;1056;28
0,4106379306997441;7.0;1056;28
0,28844967742712524;7.0;585;62
0,16399460876549377;7.0;585;62
0,19771295075540674;7.0;647;64
0,11654761481015496;7.0;647;64
0,8038910915416086;7.0;216;25
0,47211858065976453;7.0;216;25
0,15567500588975736;7.0;266;101
0,31613491308479147;7.0;264;100
0,07264499128227553;7.0;299;18
0,2437141150977309;7.0;299;18
0,35060547566002587;7.0;889;22
0,21190164519884802;7.0;889;22
0,07823896640650241;7.0;305;123
0,34952669364333455;7.0;1167;32
0,19294283930468525;7.0;381;75
0,09906724068738892;7.0;543;26
0,385141657609285;7.0;962;12
0,385141657609285;7.0;962;12
0,16043696713267042;7.0;72;43
0,3113591719923854;7.0;72;43
0,23916466787391655;7.0;1253;23
0,24828068199282582;7.0;1253;23
0,09392616376628182;7.0;341;28
0,6693866575080674;7.0;1130;15
0,5757145929806182;7.0;1130;15
0,7920076698526737;7.0;1130;15
0,252181028063466;7.0;1220;24
0,17468563649178237;7.0;191;96
0,15958917573140963;7.0;191;96
0,05828314606192375;7.0;213;33
0,08612789365084939;7.0;213;33
0,1951482932748907;7.0;1053;97
0,27912297100964234;7.0;250;37
0,38299408795094325;7.0;250;37
0,0928018748520274;7.0;250;37
0,797126991161287;7.0;408;3
0,16678534637967046;7.0;805;40
0,0712300041649987;7.0;77;27
0,06973623600340062;7.0;77;27
0,07914404034998235;7.0;77;27
0,10138728877310221;7.0;77;27
0,37521663911770875;7.0;946;26
0,28376923084188954;7.0;316;62
0,06343823026256312;7.0;316;62
0,023073690541237868;7.0;978;72
0,1257685302800915;7.0;978;72
0,07642487598137304;7.0;1265;57
0,0869582915064242;7.0;1265;57
0,3149359201490085;7.0;403;34
0,554519895646705;7.0;403;34
0,24577511241670336;7.0;1000;72
0,07630608990479315;7.0;420;80
0,08849518236856779;7.0;420;80
0,41051364606901575;7.0;994;69
0,13130375450672105;7.0;741;45
0,2168473745714623;7.0;909;52
0,5537120777703972;7.0;953;22
0,3767393147482647;7.0;1037;15
0,21472800254573832;7.0;1037;15
0,5248307194854271;7.0;1037;15
0,33053121961481224;7.0;1037;15
0,21472800254573832;7.0;1037;15
0,19517305494892412;7.0;1037;15
0,021901027009254115;7.0;1107;228
0,016289351782644346;7.0;1107;228
0,02215945440333944;7.0;1107;228
0,0370830321218647;7.0;1107;228
0,4336515805434744;7.0;587;26
0,14646920402772712;7.0;294;139
0,12380920847701304;7.0;294;139
0,2655964817234657;7.0;1230;72
0,07001876337701884;7.0;424;66
0,21170263564177683;7.0;424;66
0,23291905843695426;7.0;821;50
0,1456508701678756;7.0;821;50
0,2845532042838024;7.0;821;50
0,08824201873846116;7.0;366;40
0,18571143546973956;7.0;366;40
0,48590838311890017;7.0;1106;18
0,5542039624228907;7.0;1106;18
0,2583185406608981;7.0;222;132
0,10535688104385077;7.0;1118;119
0,2063139419454203;7.0;242;104
0,23895640432305854;7.0;242;104
0,16599821008472948;7.0;242;104
0,26536426415381786;7.0;1093;36
0,1545688041192903;7.0;81;91
0,5583401143699567;7.0;782;25
0,17008628785178503;7.0;594;43
0,13681492962149955;7.0;273;92
1,0;7.0;150;22
1,0;7.0;150;22
1,0;7.0;150;22
1,0;7.0;150;22
1,0;7.0;150;22
1,0;7.0;150;22
1,0;7.0;150;22
1,0;7.0;150;22
1,0;7.0;150;22
1,0;7.0;150;22
0,18563675168537208;7.0;1263;93
0,1561744744186;7.0;1263;93
0,20323023618580938;7.0;685;22
0,15052125641067993;7.0;214;80
0,24823003274914623;7.0;197;20
0,2679388934969458;7.0;1242;86
0,30766060650005356;7.0;1278;49
0,760370977339264;7.0;977;17
0,12491800559458444;7.0;620;37
0,1512411828132656;7.0;411;69
0,6863178904307852;7.0;575;11
0,4473606168987685;7.0;575;11
0,7593114638843541;7.0;575;11
0,5606530582605691;7.0;575;11
0,08801371721955009;7.0;621;45
0,10156433765435668;7.0;621;45
0,19808135811491434;7.0;621;45
0,27329561837932426;7.0;297;76
0,10630870136656556;7.0;799;63
0,1469421213085471;7.0;799;63
0,2699573311186685;7.0;992;12
0,7832844886547552;7.0;992;12
0,2732535152526028;7.0;1083;29
0,07576722408904946;7.0;1205;110
0,20112819935800696;7.0;1058;30
0,36844069645873323;7.0;1058;30
0,15970141452266406;7.0;1032;43
0,595285456495402;7.0;225;12
0,36629957540301916;7.0;225;12
0,08629317397956515;7.0;591;99
0,22432366688700944;7.0;1110;121
0,18164925919834007;7.0;1169;57
0,4656914837056503;7.0;843;17
0,06985573006149215;7.0;843;17
0,32554886935523975;7.0;843;17
0,5410548740279459;7.0;843;17
0,12305510810827114;7.0;1180;133
0,1804563016118883;7.0;530;22
0,1357339084216913;7.0;530;22
0,17436042663658546;7.0;530;22
0,22126999788667256;7.0;676;31
0,21330299834922273;7.0;676;31
0,10321332620086499;7.0;352;75
0,03235619816424329;7.0;352;75
0,08229616672742401;7.0;352;75
0,079501778221436;7.0;352;75
0,03612630888105972;7.0;352;75
0,0600566307883561;7.0;352;75
0,09502071958983027;7.0;352;75
0,028136077211367905;7.0;352;75
0,09502071958983027;7.0;352;75
0,11611639540821761;7.0;352;75
0,24380922835205698;7.0;472;55
0,39965067256448283;7.0;123;25
0,4048164401864136;7.0;325;38
0,026958250114937465;7.0;952;62
0,01887290101421968;7.0;952;62
0,07675755830815922;7.0;952;62
0,035655914708233594;7.0;952;62
0,25919979023917894;7.0;772;32
0,26280729290042815;7.0;534;41
0,19569640733021454;7.0;1120;13
0,47627205491823266;7.0;1120;13
0,1822135337039723;7.0;1120;13
0,44942792304477175;7.0;451;22
0,31609949217024935;7.0;451;22
0,5475574382914512;7.0;451;22
0,14307726310459956;7.0;864;45
0,1670567218279697;7.0;864;45
0,09073164341485063;7.0;1160;153
0,028509028599593034;7.0;1160;153
0,04529643820299434;7.0;1160;153
0,20685844949175958;7.0;1160;153
0,1090280171789948;7.0;1160;153
0,03438227777194469;7.0;1160;153
0,0825775390414476;7.0;1160;153
0,08859534588113815;7.0;1160;153
0,028035574923851225;7.0;1160;153
0,0976010275474315;7.0;1133;53
0,4568118500168574;7.0;416;63
0,3387814439449257;7.0;416;63
0,06606607678081255;7.0;11;93
0,20992050385791106;7.0;11;93
0,041757166131069834;7.0;11;93
0,14800154379975727;7.0;148;73
0,36874331045508124;7.0;229;14
0,0937238860372196;7.0;1192;29
0,11193416477756979;7.0;1192;29
0,10719363246112756;7.0;1192;29
0,06640186205805465;7.0;1192;29
0,04734256972795703;7.0;1192;29
0,25595831114554524;7.0;1192;29
0,041609458493138796;7.0;1192;29
0,038856631742124836;7.0;1192;29
0,32827158367059894;7.0;514;33
0,12690610537864577;7.0;752;67
0,08419562183716778;7.0;1154;124
0,5832381646688567;7.0;494;32
0,38715736728279393;7.0;667;40
0,24132884325885606;7.0;1073;14
0,12775558310987;7.0;231;112
0,19954479875567865;7.0;941;53
0,08490462201485749;7.0;537;41
0,4061535599918873;7.0;537;41
0,040245580479201015;7.0;537;41
0,14725170396919585;7.0;537;41
0,03312695944341315;7.0;380;87
0,17577258330364298;7.0;380;87
0,2840778659123182;7.0;640;46
0,19848504187588323;7.0;640;46
0,18960191964483886;7.0;640;46
0,17165420380171037;7.0;407;55
0,07259661006497442;7.0;407;55
0,21926146555484993;7.0;407;55
0,09919889875460108;7.0;407;55
0,15602996439750094;7.0;407;55
0,11247487380868249;7.0;607;17
0,19605800405920348;7.0;120;15
0,18891228717503772;7.0;120;15
0,2517080237072895;7.0;120;15
1,0;7.0;19;13
0,3877305470843355;7.0;19;13
0,9192486958352621;7.0;19;13
0,8801669210249357;7.0;19;13
0,016481012705214182;7.0;786;109
0,10275970650317534;7.0;985;119
0,18406699725083242;7.0;118;37
0,38592244838018397;7.0;118;37
0,03000103598997117;7.0;118;37
0,2244977417655145;7.0;118;37
0,34665210075190256;7.0;781;43
0,1515507754193266;7.0;781;43
0,3657140209972658;7.0;460;29
0,09204579978539051;7.0;1020;67
0,30187309773446813;7.0;367;17
0,16724451725647316;7.0;367;17
0,382834384230029;7.0;979;16
0,4907954854920116;7.0;979;16
0,20734172747246138;7.0;979;16
0,18355152177015532;7.0;194;93
0,312715251446567;7.0;1057;68
0,22914029316017426;7.0;744;49
0,08543102030346006;7.0;14;53
0,12562781572600845;7.0;869;120
0,07713949771296646;7.0;410;13
0,04999455863527258;7.0;410;13
0,14626712861490332;7.0;410;13
0,11856753044387913;7.0;789;125
0,16791560464911526;7.0;559;15
0,39640740664731355;7.0;559;15
0,39640740664731355;7.0;559;15
0,7309672316116005;7.0;321;13
0,14700809073353827;7.0;289;83
0,1781676125268341;7.0;766;37
0,3912804553385818;7.0;766;37
0,2865359246145234;7.0;766;37
0,2455223178334789;7.0;766;37
0,1652914752016481;7.0;734;42
0,2829460478414203;7.0;734;42
0,10638611311558877;7.0;180;49
0,2481200356697848;7.0;180;49
0,22728883561320012;7.0;180;49
0,15579525351886825;7.0;1177;84
0,056012109905738905;7.0;743;290
0,018697987880160527;7.0;743;290
0,04463773604073662;7.0;743;290
0,05789114834752551;7.0;743;290
0,0756455986948632;7.0;743;290
0,2987515657897408;7.0;200;32
0,03393828827366607;7.0;643;141
0,15644535334960108;7.0;243;40
0,09237139490219715;7.0;243;40
0,1272273322245674;7.0;243;40
0,03381697755221835;7.0;888;63
0,08084393452513328;7.0;224;20
0,15199378796934226;7.0;1016;67
0,06264307472492181;7.0;1042;168
0,3527259440893513;7.0;832;35
0,15993803756466685;7.0;126;89
0,05984721740946819;7.0;1178;83
0,09828790991559866;7.0;966;104
0,04114542535575372;7.0;823;45
0,2525545273024383;7.0;753;95
0,18508825235773774;7.0;1191;69
0,09090223779023932;7.0;1191;69
0,07764165751086427;7.0;871;162
0,13089453120982508;7.0;871;162
0,19822207293775396;7.0;564;86
0,3595833466903917;7.0;564;86
0,6433958554253019;7.0;762;17
0,176352410475884;7.0;983;39
0,1580196192054677;7.0;983;39
0,1704841058336215;7.0;64;27
0,3924350575715807;7.0;804;80
AVG:0,25935115289890004