pathSize;angle_to_destination;route_ID;number_of_edges
0,08684441024906997;10.0;381;75
0,08406649307178782;10.0;1219;107
0,1582270401028365;10.0;1219;107
0,37724916029827016;10.0;279;111
0,44641640741419275;10.0;972;32
0,2871471573445983;10.0;972;32
0,48397811802545143;10.0;972;32
0,43996844598565565;10.0;972;32
0,19457536256077845;10.0;305;123
0,10899516293601663;10.0;305;123
0,1249378946915769;10.0;1230;72
0,2085847017261393;10.0;425;79
0,7521713164579535;10.0;205;24
0,5329897830310664;10.0;205;24
0,961188057061743;10.0;205;24
0,4386819739144825;10.0;205;24
0,211751798938129;10.0;1037;15
0,21472800254573832;10.0;1037;15
0,21472800254573832;10.0;1037;15
0,4133036202034983;10.0;1037;15
0,388332355636148;10.0;1037;15
0,23799262975633417;10.0;1037;15
0,21472800254573832;10.0;1037;15
0,2687570594316069;10.0;291;58
0,2518311422134467;10.0;291;58
0,25831132628647224;10.0;291;58
0,08043991038765119;10.0;291;58
0,19622685770926185;10.0;291;58
0,14545609006658178;10.0;291;58
0,06621416884931985;10.0;291;58
0,10329350992447695;10.0;1072;24
0,35227059607407707;10.0;756;36
0,08641901299707722;10.0;756;36
0,3099259042827618;10.0;657;85
0,22915916157504035;10.0;657;85
0,24290438813044335;10.0;657;85
0,12599982254766573;10.0;582;89
0,03569617616188436;10.0;582;89
0,5001304391847199;10.0;543;26
0,41612247073723885;10.0;543;26
0,22980913079875864;10.0;1122;53
0,029664046369817676;10.0;1122;53
0,248129430898284;10.0;1122;53
0,18308206356288426;10.0;902;57
0,14241281372401793;10.0;954;57
0,08433600794616569;10.0;954;57
0,12398689595803392;10.0;954;57
0,34387279720573805;10.0;954;57
0,23922763300765393;10.0;954;57
0,1500090262616951;10.0;954;57
0,20430578835435864;10.0;206;33
0,20566026597407983;10.0;206;33
0,892663770270264;10.0;462;14
0,6693599119392422;10.0;462;14
0,07930165902002861;10.0;942;165
0,24604298590800622;10.0;88;13
0,44674324221331174;10.0;88;13
0,32676704002423573;10.0;88;13
0,30674350381859083;10.0;883;21
0,18841607570452013;10.0;506;51
0,2015462870632836;10.0;580;92
0,07232063206398776;10.0;580;92
0,17469319142572992;10.0;580;92
0,4817806044953761;10.0;1164;26
0,16481231235065397;10.0;1250;82
0,18240030224603165;10.0;1250;82
0,1008845408847796;10.0;1250;82
0,06321017922705652;10.0;1250;82
0,05341932158545304;10.0;1250;82
0,1267041230898096;10.0;122;46
0,055067143375978844;10.0;349;114
0,04798317991294332;10.0;349;114
0,0934706976767854;10.0;508;279
0,4378647955906141;10.0;137;19
0,20171707760268576;10.0;137;19
0,4189905449291471;10.0;270;20
0,0;10.0;270;20
0,3254524454341543;10.0;270;20
0,25739080070240594;10.0;270;20
0,48631034049103095;10.0;270;20
0,48631034049103095;10.0;270;20
0,519816117011414;10.0;270;20
0,3943104627437968;10.0;270;20
0,08181687749237421;10.0;772;32
0,14140082717626434;10.0;772;32
0,08091236834048554;10.0;772;32
0,20613361749068004;10.0;772;32
0,47261873195958803;10.0;772;32
0,3766734725626242;10.0;772;32
0,30811844199615823;10.0;472;55
0,2420472217303813;10.0;472;55
0,1423135177204764;10.0;472;55
0,22264430333518526;10.0;271;86
0,09826847821805762;10.0;271;86
0,23357894552603442;10.0;271;86
0,11447887537462154;10.0;271;86
0,20763427702215775;10.0;271;86
0,10460853398528736;10.0;271;86
0,09045095279293314;10.0;1024;96
0,20204713196745372;10.0;395;164
0,15918722308823163;10.0;410;13
0,19036097897791038;10.0;410;13
0,6357137697249324;10.0;1266;10
0,342615835012561;10.0;214;80
0,2036036398961143;10.0;214;80
0,37118905246819733;10.0;214;80
0,3721785548530485;10.0;214;80
0,251130936648698;10.0;214;80
0,10568200373999326;10.0;214;80
0,2249618058367704;10.0;127;44
0,21844975877749406;10.0;127;44
0,13041102358964118;10.0;1263;93
0,09761425403451263;10.0;1263;93
0,20044191288178603;10.0;561;32
0,10172075057148433;10.0;561;32
0,018361593830893863;10.0;1154;124
0,04689947479669798;10.0;1154;124
0,34587465918276794;10.0;821;50
0,06935388945860099;10.0;821;50
0,3715550011215405;10.0;946;26
0,6081574466524129;10.0;946;26
0,0654127307297161;10.0;83;103
0,5229044518002544;10.0;977;17
0,4676393254811655;10.0;977;17
0,654225395623339;10.0;977;17
0,36885796200663545;10.0;977;17
0,33113261879487577;10.0;977;17
0,17877740797026864;10.0;977;17
0,5837590956103007;10.0;977;17
0,42486435353223784;10.0;977;17
0,1861105242794483;10.0;268;71
0,22026855828445924;10.0;707;82
0,33324199023489687;10.0;169;50
0,30579793561843216;10.0;169;50
0,20593404938799664;10.0;169;50
0,193484627040434;10.0;668;54
0,1462153585841064;10.0;668;54
0,21419818244753985;10.0;537;41
0,12203614283947584;10.0;537;41
0,2501065957754549;10.0;73;12
0,18879045470420452;10.0;73;12
0,43659523621744767;10.0;661;26
0,1581161962937907;10.0;661;26
0,3078392493554525;10.0;661;26
0,5931525144071916;10.0;661;26
0,24028701102040184;10.0;660;79
0,08236329522813679;10.0;660;79
0,10171871564202584;10.0;660;79
0,1010149621483627;10.0;660;79
0,34890849198231955;10.0;15;91
0,06532372845893941;10.0;15;91
0,15493947836417576;10.0;15;91
0,2916319591431116;10.0;15;91
0,237629500676815;10.0;229;14
0,36874331045508124;10.0;229;14
0,36874331045508124;10.0;229;14
0,1389911941342412;10.0;11;93
0,11894062352492507;10.0;11;93
0,06230841073596638;10.0;11;93
0,07689315107087569;10.0;11;93
0,1484969535155869;10.0;734;42
0,27505554400258925;10.0;734;42
0,0626391832640747;10.0;734;42
0,1361157267269597;10.0;734;42
0,15895497350165444;10.0;734;42
0,13313409917818442;10.0;983;39
0,09675869240247748;10.0;983;39
0,1271705443738591;10.0;983;39
0,1942992983313987;10.0;983;39
0,14803570525332388;10.0;983;39
0,2589296390332849;10.0;983;39
0,11401672222606485;10.0;126;89
0,2991925673683662;10.0;126;89
0,07871286238871544;10.0;947;83
0,08968721663133605;10.0;947;83
0,046783571991149575;10.0;947;83
0,07040091971249418;10.0;947;83
0,18101560311794263;10.0;209;49
0,3318826226342282;10.0;638;48
0,29406492541895757;10.0;1200;171
0,1315188158286893;10.0;432;81
0,251291061871018;10.0;432;81
0,34568419863487687;10.0;432;81
0,08724739215251165;10.0;736;44
0,25198100827914627;10.0;736;44
0,43078730610958194;10.0;200;32
0,21625185027802485;10.0;920;34
0,09873779627004442;10.0;920;34
0,2201851599045641;10.0;249;101
0,23538620791923326;10.0;249;101
0,1360221943739186;10.0;125;59
0,30872822239999653;10.0;267;62
0,3460006983649786;10.0;267;62
0,1789192256466785;10.0;861;83
1,0;10.0;150;22
1,0;10.0;150;22
1,0;10.0;150;22
1,0;10.0;150;22
1,0;10.0;150;22
1,0;10.0;150;22
1,0;10.0;150;22
1,0;10.0;150;22
1,0;10.0;150;22
1,0;10.0;150;22
0,12195578522351358;10.0;950;19
0,20265689324620317;10.0;625;24
0,23219649498581196;10.0;720;56
0,4486460449529246;10.0;558;58
0,17951980330189987;10.0;655;37
0,3784102605107409;10.0;164;27
0,18882150114320861;10.0;164;27
0,17918195021076522;10.0;164;27
0,22572048170919534;10.0;164;27
0,2618436373172752;10.0;164;27
0,5255164219757604;10.0;1113;19
0,41555242824669714;10.0;1113;19
0,25706781729080275;10.0;992;12
0,8045959946987273;10.0;962;12
0,09291687319383701;10.0;398;81
0,18750776893153676;10.0;240;58
0,08454007685564768;10.0;64;27
0,1231171289368369;10.0;64;27
0,04992468579615528;10.0;1101;24
0,06382474290885809;10.0;1101;24
0,42579942861662;10.0;413;44
0,23167642503895247;10.0;1241;113
0,7167611222378603;10.0;123;25
0,02491092147289975;10.0;1044;126
0,19632585161177252;10.0;1044;126
0,04860635204810615;10.0;1044;126
0,07675588723549187;10.0;621;45
0,05046990210677027;10.0;621;45
0,06490078780087005;10.0;621;45
0,051355191389255817;10.0;621;45
0,09142241213565638;10.0;621;45
0,22964116937394308;10.0;1202;93
0,22931896230250026;10.0;1202;93
0,1273511733902355;10.0;1202;93
0,29330616528666176;10.0;1202;93
0,15619233931331222;10.0;1202;93
0,28900249925093857;10.0;1202;93
0,05983298334459919;10.0;427;76
0,12232861311775967;10.0;1265;57
0,15465699945592237;10.0;1265;57
0,05873297919610043;10.0;1265;57
0,02653083069304607;10.0;1265;57
0,0906516284297334;10.0;1265;57
0,12403958803009618;10.0;1265;57
0,2239745859006299;10.0;185;40
0,03928305084058592;10.0;1178;83
0,24328992751268164;10.0;1178;83
0,08241312629114983;10.0;1178;83
0,3296667359512415;10.0;72;43
0,3861046806026236;10.0;72;43
0,292486547398658;10.0;1056;28
0,32658500817753566;10.0;1056;28
0,6180040929249033;10.0;1056;28
0,31922425451590075;10.0;1056;28
0,239506178071065;10.0;1056;28
0,2357754336532083;10.0;1056;28
0,4309152111095005;10.0;1152;21
0,6899619545782008;10.0;1152;21
0,5202297822456903;10.0;1152;21
0,5180864740235074;10.0;1220;24
0,27728102848102965;10.0;1220;24
0,2795849649503057;10.0;222;132
0,35289769765361045;10.0;222;132
0,09436093226740039;10.0;366;40
0,026373436953168516;10.0;366;40
0,026355156559526804;10.0;366;40
0,14064509654937862;10.0;366;40
0,1101806610460958;10.0;366;40
0,027036343935251228;10.0;366;40
0,15420403550311912;10.0;811;112
0,03596497479602423;10.0;76;145
0,10066946162166723;10.0;76;145
0,04898550631225107;10.0;76;145
0,047089851274149774;10.0;154;78
0,1550542181128649;10.0;338;51
0,09242515976126953;10.0;1034;134
0,3530424541660613;10.0;1034;134
0,28251258569428805;10.0;1034;134
0,24622112604960855;10.0;864;45
0,09095171049750128;10.0;316;62
0,2309573903861295;10.0;837;40
0,6106128483622777;10.0;837;40
0,09271196039019003;10.0;202;56
0,1021028527866743;10.0;202;56
0,1512706363373093;10.0;202;56
0,10547965962447736;10.0;913;157
0,32693895188850286;10.0;762;17
0,30529814122607624;10.0;753;95
0,2416219868600218;10.0;753;95
0,1905308923428235;10.0;753;95
0,31134578223727694;10.0;753;95
0,19912599271157427;10.0;663;181
0,046737150046683995;10.0;1005;96
0,13199869831655464;10.0;1005;96
0,038061744404935594;10.0;1005;96
0,07884129746365764;10.0;55;34
0,18498490661375167;10.0;55;34
0,2259535683915932;10.0;55;34
0,2136812122631424;10.0;858;46
0,17234730087383898;10.0;858;46
0,23659185287109108;10.0;858;46
0,14697695479114392;10.0;858;46
0,25789332430105416;10.0;858;46
0,17961814942874432;10.0;858;46
0,21729203328867164;10.0;1000;72
0,23642337525431967;10.0;1000;72
0,261809663797101;10.0;1000;72
0,0309434477653312;10.0;392;67
0,037048707662406644;10.0;392;67
0,04647401315642674;10.0;1246;95
0,043031990711646095;10.0;1246;95
0,17936037310335062;10.0;27;45
0,3160601659252247;10.0;27;45
0,16782250139918786;10.0;27;45
0,1431964431699344;10.0;180;49
0,1915227753697042;10.0;180;49
0,27475166804624496;10.0;180;49
0,29035758207825557;10.0;180;49
0,03451773852883555;10.0;63;67
0,14891907813574434;10.0;243;40
0,030446696009415852;10.0;816;155
0,1072944367280757;10.0;1040;81
0,3654367435641457;10.0;212;62
0,4406653131656104;10.0;212;62
0,35786844344099733;10.0;212;62
0,2664698365943512;10.0;212;62
0,2360654545883687;10.0;819;20
0,4537830261455833;10.0;819;20
0,2970093954338826;10.0;819;20
0,6081791590927301;10.0;1130;15
0,7920076698526737;10.0;1130;15
1,0;10.0;1130;15
0,7920076698526737;10.0;1130;15
0,7920076698526737;10.0;1130;15
0,5927219774782537;10.0;1130;15
0,5927219774782537;10.0;1130;15
0,7920076698526737;10.0;1130;15
0,7721014692292687;10.0;1074;15
1,0;10.0;1074;15
1,0;10.0;1074;15
0,6717048165699571;10.0;1074;15
1,0;10.0;1074;15
0,49480148862098683;10.0;1074;15
0,5022311778925503;10.0;738;95
0,19424894744528576;10.0;738;95
0,26780790255606024;10.0;610;58
0,37167353045333673;10.0;610;58
0,09161744294497898;10.0;610;58
0,10059741163914326;10.0;610;58
0,026597897955527694;10.0;282;87
0,20663195285255664;10.0;89;13
0,16065172693429175;10.0;89;13
0,4504970086357303;10.0;89;13
0,1456712013610031;10.0;968;111
0,1674541639525602;10.0;799;63
0,10509541806362699;10.0;799;63
0,12222439004716379;10.0;799;63
0,2239601657539374;10.0;799;63
0,06362985566561163;10.0;119;55
0,055233650956670655;10.0;119;55
0,07567708299350828;10.0;1067;118
0,058917181206253444;10.0;1067;118
0,1909591043037311;10.0;331;203
0,15562881739101497;10.0;331;203
0,0907173243909305;10.0;331;203
0,18619479114208737;10.0;331;203
0,06746364962432927;10.0;424;66
0,21638956385460228;10.0;424;66
0,17294066586639367;10.0;424;66
0,17326704394764048;10.0;424;66
0,1969628169111277;10.0;845;30
0,1675811294997689;10.0;845;30
0,5519885956837969;10.0;845;30
0,30782725177386516;10.0;695;28
0,017815123754421514;10.0;643;141
0,10028445698791599;10.0;1046;156
0,10947090411631022;10.0;1046;156
0,19681865598223403;10.0;120;15
0,2783060200661389;10.0;120;15
0,23768675616368995;10.0;120;15
0,23768675616368995;10.0;120;15
0,1464210257926155;10.0;1032;43
0,09384819739275119;10.0;1032;43
0,04472500854045114;10.0;1032;43
0,05072963229136551;10.0;1032;43
0,10379172584612806;10.0;178;56
0,12332954751853564;10.0;178;56
0,3333408950340755;10.0;178;56
0,13661356379244216;10.0;178;56
0,05420896117628193;10.0;178;56
0,06005942920106788;10.0;178;56
0,12421030536396938;10.0;178;56
0,21482910963414636;10.0;532;40
0,5275552656100095;10.0;532;40
0,04849939035026729;10.0;532;40
0,1475104459583103;10.0;532;40
0,20069436042875655;10.0;532;40
0,18529243055757005;10.0;532;40
0,06514276362190663;10.0;532;40
0,20742367616332613;10.0;916;84
0,2990825504444301;10.0;1081;14
0,948527553556417;10.0;1081;14
0,15625001575727038;10.0;635;76
0,11237992296276178;10.0;635;76
0,14494959478611658;10.0;635;76
0,2558164431540957;10.0;635;76
0,07116854120340976;10.0;426;29
0,15328312417161394;10.0;426;29
0,30711740824407907;10.0;426;29
0,1512269956629344;10.0;426;29
0,15420222510739245;10.0;909;52
0,15430299371314282;10.0;909;52
0,07986056771409689;10.0;909;52
0,1812126112733874;10.0;909;52
0,09290744836420672;10.0;909;52
0,2572368736698032;10.0;545;30
0,13835991465178243;10.0;545;30
0,6549151178183181;10.0;117;20
0,0375096161569346;10.0;363;76
0,0893631661890939;10.0;363;76
0,08294653005241459;10.0;363;76
0,08356029710590085;10.0;363;76
0,26396702596878785;10.0;363;76
0,2798227172638046;10.0;191;96
0,0517746335252629;10.0;191;96
0,1905420568665277;10.0;191;96
0,1422646598426507;10.0;1243;58
0,10417525262776572;10.0;659;88
0,27634636023297365;10.0;922;34
0,041574297867037036;10.0;1206;120
0,07643246773893964;10.0;1206;120
0,21232244994781446;10.0;334;22
0,6237337349712078;10.0;334;22
0,27137671506669037;10.0;148;73
0,2649664773905942;10.0;148;73
0,1291139074853429;10.0;148;73
0,1210039580575879;10.0;148;73
0,26216639822923504;10.0;407;55
0,20956575262837518;10.0;407;55
0,19212205542239036;10.0;407;55
0,7351771561547156;10.0;521;25
0,11328850948946867;10.0;176;39
0,04754771010717884;10.0;176;39
0,02688793800989675;10.0;176;39
0,009976975035557833;10.0;320;25
0,1829169217528035;10.0;1115;115
0,22580993223971313;10.0;1115;115
0,19724067277431678;10.0;1115;115
0,24502209596783087;10.0;1115;115
0,21969214366361745;10.0;519;199
0,24124693670041109;10.0;519;199
0,1753040079981638;10.0;519;199
0,21457932907983923;10.0;519;199
0,18547851187851494;10.0;519;199
0,06506389101778742;10.0;686;96
0,0329981068430063;10.0;686;96
0,29568445511147257;10.0;889;22
0,47042463096268117;10.0;941;53
0,5647605591496168;10.0;941;53
0,16122057289749514;10.0;411;69
0,07841797673655493;10.0;411;69
0,07703844097005441;10.0;411;69
0,07315623955193562;10.0;866;34
0,12628741781504926;10.0;896;135
0,11998700386588856;10.0;896;135
0,14406535733300818;10.0;294;139
0,2159530435807515;10.0;294;139
0,12248600740912896;10.0;294;139
0,13959070776599458;10.0;294;139
0,3964908594239984;10.0;514;33
0,3142436932425914;10.0;514;33
0,3809309690948872;10.0;514;33
0,0805866330202778;10.0;1201;102
0,08843679227461454;10.0;1201;102
0,08272261053227603;10.0;1201;102
0,020755521335486415;10.0;289;83
0,11362673049059513;10.0;289;83
0,06808357980128688;10.0;289;83
0,20536003711290007;10.0;1224;61
0,57289276608427;10.0;1091;18
0,5026539191120198;10.0;1091;18
0,659270265050659;10.0;1091;18
0,6983620498127561;10.0;1091;18
0,6759791498937866;10.0;1091;18
0,3938778890307797;10.0;1091;18
0,28175054865980376;10.0;1091;18
0,34994105138383924;10.0;1091;18
0,3883323556361482;10.0;559;15
0,2596778054195539;10.0;559;15
0,6632614578690161;10.0;559;15
0,5248307194854271;10.0;559;15
0,4327688107415375;10.0;559;15
0,14599007344339165;10.0;1077;32
0,31198670955616725;10.0;1022;161
0,16295777864540972;10.0;1022;161
0,12278113057793383;10.0;433;108
0,22385012562773254;10.0;433;108
0,1506317862719151;10.0;433;108
0,907833433756766;10.0;236;14
0,907833433756766;10.0;236;14
0,2883059005220252;10.0;725;82
0,24620236232027293;10.0;835;74
0,10023278399464641;10.0;437;121
0,15046075971673356;10.0;437;121
0,10063095781049691;10.0;437;121
0,06837059346483576;10.0;437;121
0,2324518294755702;10.0;1191;69
0,22036075405115652;10.0;1191;69
0,11056351059372616;10.0;1191;69
0,10114266447183096;10.0;1191;69
0,4373346577577053;10.0;1099;20
0,35843727207838905;10.0;1099;20
0,723479443299397;10.0;1099;20
0,08757342530485612;10.0;295;103
0,3507728294187227;10.0;456;44
0,926000236771116;10.0;179;22
0,34014938531501815;10.0;179;22
0,04358831319735246;10.0;380;87
0,18512573767210627;10.0;380;87
0,10437450745054955;10.0;380;87
0,10481187972232298;10.0;658;117
0,08740885658346431;10.0;658;117
0,1196914845794197;10.0;658;117
0,05659811030253148;10.0;658;117
0,07961683311172107;10.0;658;117
0,4974397717609751;10.0;260;41
0,04316074432313899;10.0;260;41
0,03086269999742486;10.0;260;41
0,12525327028922284;10.0;1150;112
0,2710290581937471;10.0;340;96
0,2432718550207409;10.0;340;96
0,06332925850136517;10.0;77;27
0,04493367156715;10.0;77;27
0,12615267435147426;10.0;77;27
0,11083834833002437;10.0;77;27
0,10637715969551431;10.0;77;27
0,10732702237883007;10.0;115;59
0,08802690317643425;10.0;115;59
0,12229319375887471;10.0;115;59
0,06222665522968862;10.0;115;59
0,19504119182355462;10.0;115;59
0,18456387193826274;10.0;115;59
0,1209232724374254;10.0;115;59
0,11456870731750124;10.0;115;59
0,21782141310114156;10.0;115;59
0,3647393669476191;10.0;342;75
0,06320526347346189;10.0;1160;153
0,18434787602371472;10.0;1160;153
0,11900229604887547;10.0;1160;153
0,10207264174643838;10.0;1160;153
0,06811186014516846;10.0;1160;153
0,040629103711829595;10.0;1160;153
0,11175721257456916;10.0;1160;153
0,0341268186093584;10.0;1160;153
0,4754537176200846;10.0;534;41
0,49077385429826337;10.0;534;41
0,2651816813981842;10.0;266;101
0,05323515114416488;10.0;1245;123
0,04793879897625031;10.0;351;84
0,1457791119891454;10.0;39;82
0,26965780453590993;10.0;715;56
0,1769751138338007;10.0;1198;110
0,1354792210166511;10.0;1198;110
0,11880258326134707;10.0;1198;110
0,26786907973529606;10.0;1198;110
0,46044304616063503;10.0;449;34
0,11249168386213881;10.0;322;56
0,1120038557469345;10.0;322;56
0,15967032110198254;10.0;322;56
0,08985754218595465;10.0;322;56
0,41598276671455436;10.0;181;31
0,10839596019438447;10.0;498;29
0,12859224271903003;10.0;498;29
0,12501943958526396;10.0;498;29
0,40488216111840836;10.0;498;29
0,20273733937238192;10.0;607;17
0,21384613165881117;10.0;607;17
0,1557025284911313;10.0;607;17
0,18507826941727057;10.0;607;17
0,1305523140441629;10.0;113;18
0,14215591938133265;10.0;113;18
0,26901168817906806;10.0;365;85
0,2310086513458276;10.0;84;114
0,1567558270858287;10.0;600;37
0,2549663077220905;10.0;600;37
0,05690616394479253;10.0;213;33
0,29721792351616316;10.0;529;107
0,07864905795100219;10.0;163;66
0,07606511297304475;10.0;163;66
0,2731333300945804;10.0;259;75
0,038317998550462695;10.0;259;75
0,07776111559960852;10.0;609;69
0,09932171922883404;10.0;609;69
0,06271716675255856;10.0;347;91
0,06433151498035006;10.0;442;43
0,06776177775267667;10.0;442;43
0,1317800004683629;10.0;442;43
0,6191352501017162;10.0;108;3
0,9085009180722066;10.0;108;3
0,34765255132211914;10.0;637;68
0,2345592465159858;10.0;637;68
0,045984132993781124;10.0;637;68
0,11565201669601177;10.0;637;68
0,19370069036241722;10.0;637;68
0,024738361383229712;10.0;40;62
0,4091696444084123;10.0;872;27
0,5169689141067024;10.0;872;27
0,015477576328528864;10.0;1121;103
0,01851244903298066;10.0;1121;103
0,047221641807459136;10.0;1121;103
0,023147600197860108;10.0;1121;103
0,03744764951409585;10.0;1121;103
0,03499127683795211;10.0;1121;103
0,012600633515304605;10.0;1121;103
0,11395914916271743;10.0;168;68
0,046625981412893536;10.0;168;68
0,7040822733115759;10.0;592;4
0,3233686341793831;10.0;592;4
0,21846059184590816;10.0;594;43
0,04706147678929362;10.0;1190;104
0,05071412489986371;10.0;1190;104
0,044308666598386726;10.0;1190;104
0,05780662751275978;10.0;1190;104
0,5656323175615103;10.0;1259;14
0,5794508420504727;10.0;451;22
0,4062258494837099;10.0;451;22
0,541181835747339;10.0;451;22
0,2729749286163168;10.0;451;22
0,22686729479804102;10.0;451;22
0,3612614442274251;10.0;451;22
0,761943879503973;10.0;451;22
0,1801909900787102;10.0;231;112
0,15028678033202536;10.0;231;112
0,12387010577736013;10.0;231;112
0,15696947840440556;10.0;231;112
0,15522411941000014;10.0;231;112
0,15901509638956957;10.0;231;112
0,27659058845254303;10.0;231;112
0,19133676238906583;10.0;231;112
0,4783072017487917;10.0;953;22
0,18752208940322013;10.0;375;22
0,18595983866636412;10.0;375;22
0,16421888381180239;10.0;375;22
0,3468866758420086;10.0;1111;41
0,07203374365788906;10.0;1197;52
0,43926006820544305;10.0;1197;52
0,11496242400066459;10.0;1197;52
0,16856923695916182;10.0;963;43
0,13721488660573478;10.0;352;75
0,06268043118589173;10.0;352;75
0,0561575997868442;10.0;352;75
0,03350087259377044;10.0;352;75
0,06973230458067148;10.0;352;75
0,21406018499352886;10.0;352;75
0,09034887777591205;10.0;352;75
0,02905151642289594;10.0;352;75
0,1015724027441578;10.0;352;75
0,5322647470699275;10.0;979;16
0,3384646410010068;10.0;979;16
0,2525992857491366;10.0;979;16
0,040708460269614166;10.0;141;132
0,0958090781872789;10.0;141;132
0,1510382792671312;10.0;141;132
0,16857324036006016;10.0;14;53
0,24408714418989885;10.0;14;53
0,27635235659381086;10.0;14;53
0,16141169302837732;10.0;14;53
0,44309039388762916;10.0;448;22
0,10992937489368715;10.0;448;22
0,07418226626017943;10.0;912;95
0,10625876356825259;10.0;912;95
0,1497553380468839;10.0;912;95
0,013474547245112545;10.0;912;95
0,19846684781367419;10.0;162;90
0,0473384304041462;10.0;162;90
0,725547963107898;10.0;19;13
0,24132884325885606;10.0;1073;14
0,1428579711242366;10.0;1073;14
0,30795357972258586;10.0;1073;14
0,4680412202555231;10.0;195;70
0,26581042808689714;10.0;1242;86
0,06261928107502168;10.0;6;106
0,24056154960673592;10.0;589;59
0,19662448680036326;10.0;693;167
0,27186648578431916;10.0;1177;84
0,06720052100730434;10.0;262;47
0,4761621653113508;10.0;1253;23
0,25965520505529716;10.0;599;26
0,365676051190847;10.0;599;26
0,2914671444220682;10.0;1225;58
0,047513770887893436;10.0;419;94
0,08241347476896266;10.0;419;94
0,03936670002155851;10.0;419;94
0,08710092470055386;10.0;419;94
0,07843285913434683;10.0;419;94
0,054449022865855845;10.0;419;94
0,037151648549561544;10.0;419;94
0,030761088823103133;10.0;419;94
0,17349394062415557;10.0;299;18
0,09395071820969658;10.0;299;18
0,09111345305641105;10.0;299;18
0,062257398419048204;10.0;299;18
0,0675263893953213;10.0;70;129
0,045818565965435765;10.0;70;129
0,2449321677822891;10.0;685;22
0,29287406131908766;10.0;685;22
0,31608733285712654;10.0;196;91
0,09416587923427455;10.0;23;73
0,6042069737743101;10.0;1025;28
0,17084015496815974;10.0;1207;125
0,1542782163790688;10.0;1207;125
0,3749892802964001;10.0;274;21
0,5176498151336415;10.0;274;21
0,5389945295955938;10.0;274;21
0,4115628088507812;10.0;274;21
0,612774759391334;10.0;274;21
0,4458768109748834;10.0;274;21
0,6725508984681101;10.0;274;21
0,6006872232662326;10.0;274;21
0,11292442304442818;10.0;420;80
0,09667576569286362;10.0;420;80
0,19424756613673444;10.0;369;32
0,15598677509645986;10.0;369;32
0,1525350257705278;10.0;369;32
0,16571256850518834;10.0;369;32
0,1255263085509195;10.0;369;32
0,1464141375418051;10.0;930;59
0,2848047755009109;10.0;930;59
0,34764866040256104;10.0;575;11
0,7593114638843541;10.0;575;11
0,18502127783723044;10.0;839;39
0,5087587417642219;10.0;839;39
0,14790413829265225;10.0;839;39
0,2665918832244456;10.0;494;32
0,5219732438553997;10.0;494;32
0,09388066420887076;10.0;888;63
0,09956516187464848;10.0;888;63
0,1324938729426739;10.0;888;63
0,044802416148113755;10.0;888;63
0,08836045429004136;10.0;586;40
0,0387079876079337;10.0;614;87
0,044459900236180294;10.0;774;91
0,024440805966929213;10.0;1085;85
0,023697490120440756;10.0;1085;85
0,027211368243631684;10.0;1085;85
0,13540934375855573;10.0;1085;85
0,2670253091549091;10.0;44;26
0,17243021848428497;10.0;44;26
0,14762509243550337;10.0;44;26
0,24723820138538977;10.0;44;26
0,18208371673692203;10.0;44;26
0,17701245476731442;10.0;44;26
0,24788315328622734;10.0;480;21
0,2184215908346685;10.0;311;36
0,14450607229574608;10.0;311;36
0,3645795497072757;10.0;311;36
0,2993251478185377;10.0;311;36
0,034426091142320425;10.0;814;84
0,06436645502577365;10.0;814;84
0,09100383219600072;10.0;814;84
0,12906786640524737;10.0;729;47
0,13406119986658638;10.0;177;66
0,1807094523537185;10.0;177;66
0,2936043368995416;10.0;177;66
0,2873266975297637;10.0;177;66
0,09712793308833301;10.0;739;39
0,29273850810103164;10.0;739;39
0,23160672745226019;10.0;341;28
0,3591434981258612;10.0;341;28
0,12891900870348616;10.0;341;28
0,18631304349540612;10.0;341;28
0,25124588596326314;10.0;341;28
0,23091673121916934;10.0;830;52
0,20158912796131512;10.0;830;52
0,1147099340237463;10.0;1053;97
0,327909244344333;10.0;843;17
0,2316809591515947;10.0;1089;47
0,31953979350323714;10.0;1089;47
0,037481687982082956;10.0;639;53
0,03871829355715306;10.0;639;53
0,037661498501525115;10.0;639;53
0,07226797110298033;10.0;639;53
0,18874569068461655;10.0;938;129
0,4201220342694383;10.0;938;129
0,3339714668039788;10.0;938;129
0,053427695421532695;10.0;1100;64
0,251882451614283;10.0;1100;64
0,1674571286518114;10.0;1193;122
0,3024322680052356;10.0;1193;122
0,4342633045021129;10.0;781;43
0,27370067201510273;10.0;238;89
0,13597981356562872;10.0;238;89
1,0;10.0;1054;11
0,771354120806532;10.0;1054;11
1,0;10.0;1054;11
1,0;10.0;1054;11
0,17262299412093363;10.0;1054;11
0,3850939534589417;10.0;1054;11
0,771354120806532;10.0;1054;11
0,771354120806532;10.0;1054;11
0,030294926212384388;10.0;1107;228
0,009888220625696054;10.0;1107;228
0,019284707270352364;10.0;1107;228
0,022000525152637396;10.0;1107;228
0,017639771362706336;10.0;1107;228
0,016831990723348067;10.0;1107;228
0,02179518278939807;10.0;1107;228
0,03575548304690024;10.0;1107;228
0,11777830969512637;10.0;690;19
0,12908789476607585;10.0;690;19
0,12908789476607585;10.0;690;19
0,12114398004238414;10.0;690;19
0,591878283290411;10.0;834;38
0,4186132258042239;10.0;834;38
0,4148442679188198;10.0;834;38
0,43348963993931355;10.0;834;38
0,8023247202447004;10.0;1106;18
0,8181357741853759;10.0;1106;18
0,8256072209763836;10.0;1106;18
0,5280217557094302;10.0;1106;18
0,9168970899884439;10.0;1106;18
0,7658105575850596;10.0;1106;18
0,18487821490423872;10.0;766;37
0,1992903239260695;10.0;766;37
0,3128022161492421;10.0;766;37
0,20143877141860655;10.0;766;37
0,133279241335581;10.0;766;37
0,10422298903563454;10.0;791;32
0,2275484771989722;10.0;791;32
0,23775735881363214;10.0;217;105
0,2549078567921048;10.0;217;105
0,2549817175377671;10.0;81;91
0,40755785826075486;10.0;782;25
0,09610229816600735;10.0;869;120
0,18358488350436675;10.0;869;120
0,23147288936151122;10.0;869;120
0,09060310625020818;10.0;869;120
0,19147837844444493;10.0;21;25
0,10564347127885965;10.0;21;25
0,013415208567423509;10.0;786;109
0,013452414629483878;10.0;786;109
0,16864018836884465;10.0;460;29
0,21145608668835592;10.0;326;47
0,038788171718132425;10.0;887;105
0,4081009255533925;10.0;315;17
0,14948285908975345;10.0;315;17
0,15621886770573923;10.0;1116;56
0,31159262360298223;10.0;1116;56
0,2398726775470208;10.0;1116;56
0,2785481310816895;10.0;1116;56
0,44326291816937236;10.0;1116;56
0,11200932459674129;10.0;1188;49
0,30050595898577104;10.0;1188;49
0,29279578637043113;10.0;1188;49
0,20009162739941555;10.0;1188;49
0,07895387775942053;10.0;1188;49
0,33062587529679344;10.0;1188;49
0,1290864805288876;10.0;1188;49
0,5351823976254511;10.0;1188;49
0,39803418759774734;10.0;1188;49
0,3468551140315883;10.0;940;146
0,1183112874929999;10.0;1184;128
0,08271540897888485;10.0;1184;128
0,3622109945041443;10.0;587;26
0,8956738186866768;10.0;587;26
0,06379097560848601;10.0;591;99
0,07269832373606677;10.0;591;99
0,06606282792825358;10.0;591;99
0,13072250880302505;10.0;591;99
0,038151533365883505;10.0;74;76
0,4509790438831143;10.0;197;20
0,5988273861811919;10.0;197;20
0,3172692378043034;10.0;197;20
0,15129434429776323;10.0;1076;41
0,36399912798598866;10.0;1076;41
0,19194600683853635;10.0;1076;41
0,4717140529906787;10.0;1076;41
0,16563472028584036;10.0;1058;30
0,3195043633370256;10.0;827;42
0,37863190883336273;10.0;827;42
0,37113322755349265;10.0;1093;36
0,15633538836046212;10.0;325;38
0,19011683591934414;10.0;325;38
0,47024640361301406;10.0;216;25
0,26896042118322083;10.0;216;25
0,2577875960370435;10.0;157;90
0,14286564447237216;10.0;981;33
0,14783978379298368;10.0;194;93
0,4186513958541296;10.0;194;93
0,14400710515711856;10.0;302;120
0,16067907242552026;10.0;302;120
0,3394695939244219;10.0;832;35
0,340639222796737;10.0;832;35
0,40014861824829784;10.0;1260;80
0,28773316023865947;10.0;994;69
0,2769795844751848;10.0;994;69
0,23335192641274127;10.0;994;69
0,28398505179851297;10.0;994;69
0,22674594792359382;10.0;994;69
0,17633689914142092;10.0;994;69
0,3103599683556513;10.0;994;69
0,01646070969277469;10.0;1267;71
0,04092644838718629;10.0;1267;71
0,33511287962923797;10.0;335;63
0,1716264638405367;10.0;335;63
0,041977567984011754;10.0;335;63
0,14536805084037874;10.0;698;167
0,08280140579848227;10.0;698;167
0,13980829663793948;10.0;28;32
0,3250436190810788;10.0;28;32
0,09296799387011423;10.0;255;59
0,12213247858015142;10.0;255;59
0,4062150187718594;10.0;255;59
0,1468281559525051;10.0;255;59
0,09538084358298815;10.0;1016;67
0,11914341238007209;10.0;1016;67
0,3206406992796613;10.0;676;31
0,26212586053785647;10.0;676;31
0,28706670514271515;10.0;676;31
0,2247508017010047;10.0;676;31
0,2331136279182071;10.0;676;31
0,472513173582394;10.0;45;58
0,37873660599800973;10.0;45;58
0,3224257279741536;10.0;45;58
0,13556585432235946;10.0;45;58
0,23129766866823998;10.0;71;83
0,13688279983416463;10.0;871;162
0,09522956304793406;10.0;871;162
0,13277196485469345;10.0;871;162
0,10704997594842092;10.0;871;162
0,09586694427698039;10.0;871;162
0,2064176428741462;10.0;871;162
0,07965343834618666;10.0;871;162
0,0798023821012579;10.0;871;162
0,3663182060375807;10.0;491;17
0,2966624628608161;10.0;491;17
0,2602024277222985;10.0;491;17
0,4690064265216849;10.0;491;17
0,33568685421798405;10.0;491;17
0,2966624628608161;10.0;491;17
0,765621904686278;10.0;491;17
0,4366935836578987;10.0;572;23
0,21742293369566257;10.0;572;23
0,3256088350209623;10.0;572;23
0,32627351005265703;10.0;572;23
0,2629767771619125;10.0;572;23
0,23869099410178407;10.0;572;23
0,05998061795801024;10.0;1012;46
0,07453884429913105;10.0;1012;46
0,3016292691156932;10.0;1012;46
0,013049386881553104;10.0;1012;46
0,012889874038844118;10.0;1012;46
0,04647084555061132;10.0;1012;46
0,2742139722906902;10.0;512;104
0,31430974486499097;10.0;512;104
0,08434755200951027;10.0;512;104
0,36877092056118244;10.0;667;40
0,3702258474520852;10.0;667;40
0,40308361184897934;10.0;667;40
0,24334096140658112;10.0;667;40
0,3896201171961591;10.0;667;40
0,29739526310155995;10.0;667;40
0,5321244256119784;10.0;667;40
0,026835018654840948;10.0;569;218
0,18308992104438726;10.0;265;81
0,2685440986458145;10.0;265;81
0,1727969980790247;10.0;265;81
0,24376627570194787;10.0;367;17
0,24376627570194787;10.0;367;17
0,144934148624003;10.0;596;23
0,2127544781363282;10.0;596;23
0,05239327656400983;10.0;1017;158
0,07099130240435403;10.0;823;45
0,26722633556835373;10.0;823;45
0,23110971265749325;10.0;461;6
0,7918483273349797;10.0;461;6
0,017155880062386775;10.0;32;126
0,03318173514494105;10.0;32;126
0,14028540449745996;10.0;1145;36
0,32169639377485026;10.0;1145;36
0,3600734014193534;10.0;1145;36
0,07278194915385727;10.0;1145;36
0,7210075872616786;10.0;1145;36
0,4366155696751228;10.0;1083;29
0,45631390970614794;10.0;1083;29
0,12714012643195516;10.0;1083;29
0,22999974342994234;10.0;1083;29
0,10842992576686461;10.0;525;69
0,08485317428357209;10.0;525;69
0,24387063696324485;10.0;525;69
0,11558710311457898;10.0;525;69
0,04553467133355893;10.0;525;69
0,1380031863466069;10.0;530;22
0,1774774875465508;10.0;530;22
0,05472885315588227;10.0;281;149
0,029988003846127542;10.0;281;149
0,21534880253776478;10.0;1137;48
0,03950835686421006;10.0;697;170
0,03418448650466788;10.0;697;170
0,036237287805660934;10.0;697;170
0,03642621715528316;10.0;697;170
0,466226228871345;10.0;1140;15
0,550113151340974;10.0;1140;15
0,17251438328021895;10.0;182;97
0,14462956914413794;10.0;771;89
0,10655065668379837;10.0;771;89
0,045906301501978275;10.0;952;62
0,033335360081119925;10.0;952;62
0,11887210416139493;10.0;952;62
0,05100880763180338;10.0;952;62
0,034503478595226955;10.0;952;62
0,26459311565012844;10.0;53;70
0,2512018161132541;10.0;640;46
0,2606812935923257;10.0;640;46
0,24776255545419978;10.0;640;46
0,4467369642002441;10.0;640;46
0,3560274537683221;10.0;640;46
0,32663001383409274;10.0;640;46
0,13841158888880534;10.0;1180;133
0,22050401510965223;10.0;1180;133
0,32896153203135614;10.0;1278;49
0,1456253038102786;10.0;414;64
0,13463664645000728;10.0;1205;110
0,07993313736236618;10.0;1205;110
0,04409185781828273;10.0;283;114
0,2746329633565199;10.0;330;64
0,25068564020380957;10.0;330;64
0,22116921830689695;10.0;330;64
0,1259926318188851;10.0;434;104
0,07630625958886461;10.0;434;104
0,04159624736863776;10.0;1132;62
0,04198972365238762;10.0;1132;62
0,04895714583868549;10.0;1132;62
0,042857405045299446;10.0;1132;62
0,18378265476728206;10.0;966;104
0,06908630147652906;10.0;504;298
0,2301547337377492;10.0;403;34
0,3458418287599665;10.0;250;37
0,19304424763736172;10.0;250;37
0,13104132004816327;10.0;250;37
0,06044249473655605;10.0;250;37
0,09195359841196837;10.0;601;69
0,07421980953196794;10.0;601;69
0,1659916415372118;10.0;172;87
0,3073457582704129;10.0;172;87
0,12845547914290467;10.0;842;80
0,11345609945706747;10.0;842;80
0,27737327439617543;10.0;121;38
0,1646115932578296;10.0;121;38
0,14793665509296283;10.0;1199;71
0,08481445192066017;10.0;1199;71
0,14481136840839737;10.0;1199;71
0,30132559378523216;10.0;1199;71
0,1245651988994172;10.0;1199;71
0,2579501097208696;10.0;416;63
0,26120058172771854;10.0;416;63
0,29491815759141193;10.0;18;63
0,04789592888609984;10.0;789;125
0,06680729468260571;10.0;789;125
0,10358714401576474;10.0;978;72
0,05921647237989891;10.0;978;72
0,06318111570810903;10.0;978;72
0,04509093016214272;10.0;978;72
0,07498672136451123;10.0;468;169
0,17652596802322096;10.0;468;169
0,11900846805692855;10.0;620;37
0,07121481151798248;10.0;620;37
0,14102304742111849;10.0;404;81
0,1629630489807159;10.0;404;81
0,12390724595350155;10.0;404;81
0,09367993142026698;10.0;404;81
0,10195824913433693;10.0;404;81
-4,440892098500626E-16;10.0;523;56
2,220446049250313E-16;10.0;523;56
0,27538184216668493;10.0;24;81
0,19402731091595915;10.0;487;71
0,15560719765053066;10.0;957;67
0,21122691896708345;10.0;187;39
0,28584180121556413;10.0;1192;29
0,3011005754797109;10.0;1192;29
0,058083307677901486;10.0;1192;29
0,032770689792839036;10.0;1192;29
0,33567242417766674;10.0;1192;29
0,22884361394613717;10.0;1192;29
0,2219523843901412;10.0;1192;29
0,23780938835611076;10.0;1192;29
0,11449933657149325;10.0;1192;29
0,008055139610497974;10.0;583;81
0,008011147504289662;10.0;583;81
0,009535815333662656;10.0;583;81
0,6057939011169786;10.0;225;12
0,2291008169987676;10.0;752;67
0,08392518659942705;10.0;752;67
0,03421394731948513;10.0;829;49
0,7167290984114183;10.0;435;31
0,749261093756245;10.0;435;31
0,39209164675986674;10.0;118;37
0,10271860290588952;10.0;118;37
0,239093207615658;10.0;118;37
0,2332844911633416;10.0;118;37
0,377906839840948;10.0;1086;60
0,07020636879273368;10.0;1086;60
0,17469062698376092;10.0;1086;60
0,1897156519001011;10.0;1086;60
0,16064326746458168;10.0;1086;60
0,15943782481699897;10.0;1179;90
0,31499926128690836;10.0;417;32
0,3653623837918003;10.0;755;34
0,36516079162551174;10.0;755;34
0,0696548740853371;10.0;755;34
0,3224272360904419;10.0;755;34
0,34675619906402666;10.0;755;34
0,5123303930478731;10.0;1120;13
0,1822135337039723;10.0;1120;13
0,25920233720166697;10.0;1120;13
0,1822135337039723;10.0;1120;13
0,33893130404649563;10.0;1120;13
0,16371864346740428;10.0;1120;13
0,28696339115340996;10.0;1120;13
0,25920233720166697;10.0;1120;13
0,16371864346740383;10.0;1120;13
0,1822135337039723;10.0;1120;13
0,1834302802137855;10.0;857;15
0,430953001015419;10.0;857;15
0,37674715512512;10.0;857;15
0,5248307194854271;10.0;857;15
0,18375870279037287;10.0;857;15
0,4578111996574976;10.0;857;15
0,08679654671415071;10.0;1057;68
0,23410927759431543;10.0;1057;68
0,14566002432816338;10.0;1057;68
0,27106094313135287;10.0;1096;66
0,20099495419044833;10.0;1096;66
0,2299636212074494;10.0;242;104
0,30347036548274664;10.0;242;104
0,15728508994627388;10.0;965;20
0,23842752449122195;10.0;511;82
0,02924869067152569;10.0;743;290
0,10888423864384578;10.0;743;290
0,0181600384005145;10.0;743;290
0,09094376999399212;10.0;743;290
0,059775049159206395;10.0;743;290
0,02279101044180254;10.0;743;290
0,039821030084038034;10.0;743;290
0,08381457411447335;10.0;743;290
0,055233936618168444;10.0;743;290
0,797126991161287;10.0;408;3
0,797126991161287;10.0;408;3
0,797126991161287;10.0;408;3
0,797126991161287;10.0;408;3
0,20538274844711735;10.0;647;64
0,13448725338361056;10.0;647;64
0,18358323673392318;10.0;647;64
0,07164424145597392;10.0;647;64
0,1824881623738781;10.0;590;76
0,08746478567190952;10.0;590;76
0,27304130810411587;10.0;264;100
0,09958156967178322;10.0;264;100
0,17693951453246348;10.0;264;100
0,14353229402663348;10.0;717;40
0,23155460991121823;10.0;717;40
0,21548978095674398;10.0;564;86
0,1925797241082874;10.0;564;86
0,09217760036854039;10.0;996;88
0,014029837491043917;10.0;1251;102
0,11368662666301521;10.0;1042;168
0,4147740148879555;10.0;682;42
0,20096745530434457;10.0;682;42
0,2705157497575854;10.0;682;42
0,2928132940554917;10.0;682;42
AVG:0,23733486249890415