modelid;route_id;number_of_repetitions;number_of_successful_routes
1386593711577;201;10;0
1386593711577;262;10;1
1386593711577;796;10;0
1386593711577;1006;10;0
1386593711577;1161;10;2
1386593711577;368;10;5
1386593711577;1134;10;0
1386593711577;935;10;5
1386593711577;1208;10;4
1386593711577;1055;10;2
1386593711577;190;10;4
1386593711577;861;10;0
1386593711577;26;10;6
1386593711577;1095;10;0
1386593711577;309;10;0
1386593711577;894;10;1
1386593711577;1123;10;0
1386593711577;589;10;2
1386593711577;526;10;0
1386593711577;252;10;2
1386593711577;5;10;4
1386593711577;136;10;0
1386593711577;1054;10;10
1386593711577;810;10;1
1386593711577;114;10;0
1386593711577;816;10;3
1386593711577;186;10;0
1386593711577;707;10;0
1386593711577;727;10;0
1386593711577;359;10;1
1386593711577;31;10;1
1386593711577;829;10;2
1386593711577;363;10;6
1386593711577;303;10;5
1386593711577;1093;10;4
1386593711577;1071;10;2
1386593711577;1195;10;2
1386593711577;354;10;1
1386593711577;883;10;1
1386593711577;510;10;1
1386593711577;1026;10;1
1386593711577;305;10;4
1386593711577;1049;10;0
1386593711577;966;10;4
1386593711577;968;10;7
1386593711577;157;10;0
1386593711577;793;10;3
1386593711577;575;10;4
1386593711577;468;10;2
1386593711577;273;10;3
1386593711577;83;10;2
1386593711577;838;10;0
1386593711577;73;10;6
1386593711577;58;10;3
1386593711577;1273;10;1
1386593711577;1246;10;4
1386593711577;915;10;0
1386593711577;325;10;3
1386593711577;798;10;3
1386593711577;806;10;0
1386593711577;802;10;0
1386593711577;179;10;6
1386593711577;1175;10;4
1386593711577;1170;10;0
1386593711577;436;10;1
1386593711577;541;10;2
1386593711577;351;10;4
1386593711577;545;10;3
1386593711577;156;10;0
1386593711577;941;10;2
1386593711577;601;10;8
1386593711577;1051;10;2
1386593711577;746;10;1
1386593711577;1239;10;0
1386593711577;379;10;0
1386593711577;505;10;0
1386593711577;78;10;1
1386593711577;127;10;5
1386593711577;640;10;2
1386593711577;594;10;2
1386593711577;953;10;1
1386593711577;1087;10;1
1386593711577;47;10;1
1386593711577;603;10;1
1386593711577;511;10;6
1386593711577;276;10;2
1386593711577;977;10;9
1386593711577;895;10;1
1386593711577;562;10;4
1386593711577;314;10;1
1386593711577;789;10;3
1386593711577;1046;10;1
1386593711577;27;10;7
1386593711577;218;10;3
1386593711577;776;10;1
1386593711577;924;10;6
1386593711577;210;10;1
1386593711577;65;10;1
1386593711577;383;10;1
1386593711577;481;10;0
1386593711577;1128;10;0
1386593711577;124;10;1
1386593711577;1254;10;0
1386593711577;1141;10;4
1386593711577;206;10;0
1386593711577;1043;10;0
1386593711577;988;10;0
1386593711577;756;10;5
1386593711577;815;10;1
1386593711577;619;10;0
1386593711577;160;10;0
1386593711577;766;10;5
1386593711577;670;10;0
1386593711577;349;10;4
1386593711577;1105;10;0
1386593711577;57;10;1
1386593711577;549;10;0
1386593711577;355;10;2
1386593711577;710;10;1
1386593711577;321;10;2
1386593711577;63;10;1
1386593711577;803;10;0
1386593711577;170;10;2
1386593711577;755;10;6
1386593711577;908;10;0
1386593711577;106;10;0
1386593711577;377;10;1
1386593711577;1209;10;0
1386593711577;887;10;3
1386593711577;209;10;4
1386593711577;1253;10;7
1386593711577;399;10;0
1386593711577;614;10;0
1386593711577;250;10;7
1386593711577;1059;10;0
1386593711577;1028;10;4
1386593711577;135;10;1
1386593711577;269;10;0
1386593711577;822;10;3
1386593711577;1114;10;1
1386593711577;826;10;2
1386593711577;299;10;7
1386593711577;434;10;6
1386593711577;374;10;4
1386593711577;479;10;0
1386593711577;1230;10;2
1386593711577;687;10;1
1386593711577;131;10;0
1386593711577;161;10;0
1386593711577;41;10;5
1386593711577;310;10;0
1386593711577;591;10;7
1386593711577;275;10;1
1386593711577;504;10;1
1386593711577;1012;10;6
1386593711577;586;10;1
1386593711577;667;10;6
1386593711577;1213;10;1
1386593711577;260;10;3
1386593711577;431;10;4
1386593711577;1158;10;1
1386593711577;723;10;1
1386593711577;900;10;1
1386593711577;1241;10;4
1386593711577;1187;10;0
1386593711577;1232;10;5
1386593711577;525;10;2
1386593711577;75;10;0
1386593711577;117;10;2
1386593711577;973;10;0
1386593711577;105;10;0
1386593711577;823;10;3
1386593711577;1216;10;3
1386593711577;983;10;7
1386593711577;139;10;1
1386593711577;778;10;0
1386593711577;1222;10;0
1386593711577;108;10;7
1386593711577;985;10;1
1386593711577;122;10;2
1386593711577;539;10;6
1386593711577;94;10;0
1386593711577;182;10;5
1386593711577;251;10;3
1386593711577;28;10;6
1386593711577;979;10;6
1386593711577;2;10;3
1386593711577;997;10;5
1386593711577;287;10;2
1386593711577;1103;10;3
1386593711577;782;10;1
1386593711577;1265;10;9
1386593711577;583;10;5
1386593711577;834;10;3
1386593711577;762;10;6
1386593711577;1101;10;6
1386593711577;400;10;1
1386593711577;686;10;1
1386593711577;169;10;0
1386593711577;809;10;1
1386593711577;613;10;0
1386593711577;449;10;1
1386593711577;140;10;0
1386593711577;606;10;0
1386593711577;632;10;2
1386593711577;534;10;4
1386593711577;656;10;3
1386593711577;415;10;1
1386593711577;33;10;0
1386593711577;320;10;2
1386593711577;1011;10;1
1386593711577;563;10;1
1386593711577;1268;10;1
1386593711577;1002;10;0
1386593711577;208;10;0
1386593711577;938;10;2
1386593711577;375;10;4
1386593711577;763;10;1
1386593711577;72;10;3
1386593711577;920;10;3
1386593711577;1008;10;0
1386593711577;107;10;1
1386593711577;922;10;7
1386593711577;99;10;0
1386593711577;197;10;3
1386593711577;969;10;0
1386593711577;921;10;1
1386593711577;781;10;2
1386593711577;1189;10;3
1386593711577;274;10;10
1386593711577;794;10;0
1386593711577;852;10;0
1386593711577;1000;10;4
1386593711577;678;10;5
1386593711577;322;10;5
1386593711577;902;10;0
1386593711577;361;10;2
1386593711577;801;10;1
1386593711577;939;10;0
1386593711577;486;10;0
1386593711577;229;10;3
1386593711577;974;10;4
1386593711577;1274;10;1
1386593711577;7;10;0
1386593711577;923;10;1
1386593711577;1192;10;9
1386593711577;650;10;0
1386593711577;243;10;5
1386593711577;62;10;1
1386593711577;1009;10;0
1386593711577;343;10;3
1386593711577;80;10;5
1386593711577;780;10;0
1386593711577;910;10;0
1386593711577;909;10;6
1386593711577;439;10;2
1386593711577;37;10;0
1386593711577;954;10;5
1386593711577;397;10;0
1386593711577;1132;10;4
1386593711577;473;10;1
1386593711577;1181;10;1
1386593711577;334;10;1
1386593711577;356;10;0
1386593711577;848;10;0
1386593711577;610;10;5
1386593711577;1122;10;1
1386593711577;270;10;10
1386593711577;1130;10;9
1386593711577;1142;10;0
1386593711577;1079;10;0
1386593711577;1190;10;7
1386593711577;412;10;4
1386593711577;263;10;3
1386593711577;550;10;0
1386593711577;514;10;4
1386593711577;401;10;0
1386593711577;645;10;0
1386593711577;1198;10;6
1386593711577;688;10;3
1386593711577;959;10;0
1386593711577;448;10;2
1386593711577;660;10;7
1386593711577;554;10;2
1386593711577;14;10;7
1386593711577;304;10;1
1386593711577;797;10;0
1386593711577;16;10;1
1386593711577;896;10;1
1386593711577;742;10;4
1386593711577;396;10;1
1386593711577;661;10;3
1386593711577;477;10;0
1386593711577;665;10;0
1386593711577;1094;10;0
1386593711577;1226;10;0
1386593711577;181;10;6
1386593711577;1191;10;5
1386593711577;88;10;7
1386593711577;952;10;7
1386593711577;98;10;0
1386593711577;386;10;1
1386593711577;22;10;5
1386593711577;297;10;1
1386593711577;408;10;7
1386593711577;10;10;1
1386593711577;69;10;1
1386593711577;159;10;3
1386593711577;1058;10;6
1386593711577;633;10;2
1386593711577;725;10;4
1386593711577;79;10;1
1386593711577;1256;10;0
1386593711577;853;10;1
1386593711577;162;10;1
1386593711577;749;10;0
1386593711577;1155;10;1
1386593711577;141;10;1
1386593711577;1149;10;2
1386593711577;1089;10;2
1386593711577;1154;10;2
1386593711577;464;10;1
1386593711577;34;10;1
1386593711577;202;10;4
1386593711577;930;10;1
1386593711577;357;10;2
1386593711577;717;10;3
1386593711577;851;10;7
1386593711577;1116;10;6
1386593711577;543;10;4
1386593711577;580;10;9
1386593711577;1220;10;3
1386593711577;353;10;3
1386593711577;3;10;0
1386593711577;167;10;0
1386593711577;409;10;2
1386593711577;1185;10;7
1386593711577;840;10;5
1386593711577;498;10;3
1386593711577;1112;10;0
1386593711577;918;10;0
1386593711577;893;10;0
1386593711577;1131;10;0
1386593711577;189;10;3
1386593711577;769;10;5
1386593711577;432;10;3
1386593711577;702;10;4
1386593711577;928;10;1
1386593711577;216;10;4
1386593711577;574;10;0
1386593711577;496;10;1
1386593711577;413;10;1
1386593711577;828;10;0
1386593711577;133;10;2
1386593711577;585;10;5
1386593711577;641;10;0
1386593711577;89;10;5
1386593711577;365;10;6
1386593711577;1133;10;0
1386593711577;125;10;2
1386593711577;384;10;0
1386593711577;812;10;0
1386593711577;892;10;3
1386593711577;1078;10;1
1386593711577;312;10;2
1386593711577;193;10;0
1386593711577;897;10;0
1386593711577;1219;10;1
1386593711577;1016;10;4
1386593711577;786;10;4
1386593711577;1085;10;3
1386593711577;1117;10;0
1386593711577;1029;10;0
1386593711577;39;10;3
1386593711577;863;10;0
1386593711577;644;10;1
1386593711577;1281;10;1
1386593711577;185;10;2
1386593711577;932;10;3
1386593711577;298;10;0
1386593711577;472;10;5
1386593711577;754;10;0
1386593711577;919;10;0
1386593711577;674;10;1
1386593711577;573;10;3
1386593711577;942;10;3
1386593711577;437;10;7
1386593711577;675;10;2
1386593711577;12;10;0
1386593711577;1014;10;0
1386593711577;530;10;9
1386593711577;871;10;10
1386593711577;35;10;2
1386593711577;963;10;0
1386593711577;1110;10;3
1386593711577;277;10;2
1386593711577;880;10;0
1386593711577;200;10;3
1386593711577;531;10;0
1386593711577;278;10;0
1386593711577;414;10;6
1386593711577;705;10;0
1386593711577;19;10;5
1386593711577;1275;10;7
1386593711577;529;10;0
1386593711577;676;10;3
1386593711577;1060;10;0
1386593711577;994;10;6
1386593711577;1233;10;3
1386593711577;607;10;5
1386593711577;1073;10;3
1386593711577;912;10;5
1386593711577;1215;10;0
1386593711577;706;10;1
1386593711577;204;10;1
1386593711577;1184;10;1
1386593711577;522;10;0
1386593711577;874;10;0
1386593711577;1148;10;0
1386593711577;1199;10;6
1386593711577;335;10;3
1386593711577;381;10;5
1386593711577;866;10;1
1386593711577;255;10;7
1386593711577;752;10;2
1386593711577;491;10;2
1386593711577;188;10;0
1386593711577;36;10;3
1386593711577;187;10;3
1386593711577;824;10;1
1386593711577;370;10;0
1386593711577;119;10;6
1386593711577;1266;10;3
1386593711577;1020;10;0
1386593711577;1081;10;6
1386593711577;307;10;0
1386593711577;978;10;7
1386593711577;1023;10;0
1386593711577;295;10;1
1386593711577;390;10;2
1386593711577;120;10;9
1386593711577;1214;10;1
1386593711577;914;10;1
1386593711577;1100;10;1
1386593711577;657;10;3
1386593711577;331;10;3
1386593711577;719;10;1
1386593711577;933;10;2
1386593711577;214;10;6
1386593711577;102;10;1
1386593711577;43;10;1
1386593711577;1135;10;2
1386593711577;508;10;2
1386593711577;395;10;2
1386593711577;730;10;4
1386593711577;288;10;1
1386593711577;490;10;1
1386593711577;1210;10;4
1386593711577;1004;10;0
1386593711577;1042;10;2
1386593711577;475;10;0
1386593711577;428;10;0
1386593711577;911;10;1
1386593711577;889;10;2
1386593711577;1053;10;3
1386593711577;996;10;7
1386593711577;1179;10;5
1386593711577;245;10;0
1386593711577;929;10;4
1386593711577;1272;10;0
1386593711577;992;10;6
1386593711577;330;10;3
1386593711577;394;10;3
1386593711577;142;10;1
1386593711577;683;10;0
1386593711577;1238;10;0
1386593711577;788;10;2
1386593711577;506;10;4
1386593711577;402;10;2
1386593711577;652;10;0
1386593711577;1257;10;0
1386593711577;559;10;7
1386593711577;654;10;0
1386593711577;553;10;2
1386593711577;1176;10;1
1386593711577;557;10;1
1386593711577;1062;10;0
1386593711577;958;10;3
1386593711577;662;10;1
1386593711577;1083;10;3
1386593711577;1019;10;0
1386593711577;1003;10;2
1386593711577;862;10;2
1386593711577;231;10;9
1386593711577;555;10;0
1386593711577;324;10;0
1386593711577;976;10;0
1386593711577;800;10;2
1386593711577;926;10;1
1386593711577;748;10;0
1386593711577;1018;10;2
1386593711577;123;10;2
1386593711577;1194;10;4
1386593711577;835;10;6
1386593711577;635;10;3
1386593711577;175;10;4
1386593711577;751;10;1
1386593711577;961;10;2
1386593711577;500;10;0
1386593711577;695;10;1
1386593711577;1202;10;8
1386593711577;87;10;0
1386593711577;165;10;2
1386593711577;527;10;4
1386593711577;943;10;1
1386593711577;858;10;6
1386593711577;398;10;4
1386593711577;9;10;1
1386593711577;982;10;0
1386593711577;438;10;0
1386593711577;773;10;1
1386593711577;318;10;1
1386593711577;389;10;2
1386593711577;1217;10;0
1386593711577;46;10;3
1386593711577;795;10;0
1386593711577;446;10;1
1386593711577;637;10;7
1386593711577;1164;10;1
1386593711577;1013;10;4
1386593711577;373;10;3
1386593711577;499;10;0
1386593711577;110;10;2
1386593711577;23;10;0
1386593711577;528;10;0
1386593711577;232;10;2
1386593711577;17;10;1
1386593711577;899;10;0
1386593711577;998;10;0
1386593711577;143;10;0
1386593711577;672;10;0
1386593711577;548;10;0
1386593711577;1068;10;0
1386593711577;680;10;2
1386593711577;451;10;6
1386593711577;1183;10;3
1386593711577;40;10;3
1386593711577;904;10;0
1386593711577;236;10;5
1386593711577;570;10;2
1386593711577;1235;10;6
1386593711577;1240;10;0
1386593711577;1024;10;1
1386593711577;1057;10;5
1386593711577;194;10;5
1386593711577;724;10;0
1386593711577;855;10;1
1386593711577;352;10;10
1386593711577;487;10;7
1386593711577;76;10;0
1386593711577;951;10;3
1386593711577;147;10;6
1386593711577;1098;10;2
1386593711577;551;10;0
1386593711577;68;10;0
1386593711577;775;10;1
1386593711577;1204;10;0
1386593711577;698;10;2
1386593711577;624;10;0
1386593711577;1247;10;1
1386593711577;52;10;1
1386593711577;653;10;0
1386593711577;811;10;3
1386593711577;869;10;7
1386593711577;404;10;7
1386593711577;890;10;4
1386593711577;684;10;1
1386593711577;306;10;1
1386593711577;757;10;0
1386593711577;1030;10;0
1386593711577;476;10;0
1386593711577;699;10;0
1386593711577;940;10;0
1386593711577;544;10;2
1386593711577;673;10;0
1386593711577;85;10;0
1386593711577;1261;10;1
1386593711577;512;10;4
1386593711577;587;10;4
1386593711577;478;10;0
1386593711577;1119;10;1
1386593711577;620;10;4
1386593711577;421;10;1
1386593711577;1224;10;0
1386593711577;484;10;2
1386593711577;440;10;2
1386593711577;1072;10;3
1386593711577;1147;10;1
1386593711577;455;10;0
1386593711577;989;10;0
1386593711577;248;10;3
1386593711577;220;10;1
1386593711577;429;10;1
1386593711577;1243;10;4
1386593711577;463;10;1
1386593711577;879;10;0
1386593711577;1229;10;1
1386593711577;631;10;0
1386593711577;864;10;3
1386593711577;651;10;2
1386593711577;1251;10;1
1386593711577;646;10;1
1386593711577;241;10;0
1386593711577;509;10;0
1386593711577;696;10;4
1386593711577;246;10;2
1386593711577;784;10;2
1386593711577;164;10;7
1386593711577;452;10;1
1386593711577;112;10;0
1386593711577;765;10;5
1386593711577;970;10;0
1386593711577;286;10;0
1386593711577;158;10;0
1386593711577;1021;10;1
1386593711577;1245;10;0
1386593711577;163;10;3
1386593711577;371;10;2
1386593711577;638;10;2
1386593711577;1022;10;2
1386593711577;536;10;5
1386593711577;1137;10;2
1386593711577;1033;10;2
1386593711577;626;10;0
1386593711577;1127;10;1
1386593711577;849;10;1
1386593711577;405;10;2
1386593711577;743;10;10
1386593711577;168;10;3
1386593711577;981;10;2
1386593711577;134;10;0
1386593711577;1270;10;1
1386593711577;561;10;3
1386593711577;777;10;0
1386593711577;690;10;4
1386593711577;1259;10;3
1386593711577;1031;10;2
1386593711577;300;10;0
1386593711577;602;10;0
1386593711577;279;10;4
1386593711577;568;10;1
1386593711577;1263;10;4
1386593711577;360;10;4
1386593711577;82;10;0
1386593711577;458;10;0
1386593711577;556;10;1
1386593711577;6;10;7
1386593711577;423;10;2
1386593711577;960;10;1
1386593711577;1282;10;2
1386593711577;480;10;3
1386593711577;569;10;0
1386593711577;605;10;3
1386593711577;233;10;0
1386593711577;289;10;6
1386593711577;663;10;2
1386593711577;713;10;2
1386593711577;576;10;0
1386593711577;1279;10;0
1386593711577;711;10;0
1386593711577;129;10;2
1386593711577;290;10;0
1386593711577;13;10;0
1386593711577;1038;10;0
1386593711577;1136;10;1
1386593711577;520;10;3
1386593711577;677;10;1
1386593711577;1138;10;1
1386593711577;761;10;0
1386593711577;518;10;0
1386593711577;138;10;0
1386593711577;254;10;1
1386593711577;376;10;1
1386593711577;450;10;1
1386593711577;847;10;0
1386593711577;581;10;3
1386593711577;20;10;0
1386593711577;1115;10;1
1386593711577;285;10;1
1386593711577;516;10;0
1386593711577;785;10;0
1386593711577;280;10;1
1386593711577;821;10;3
1386593711577;1065;10;1
1386593711577;741;10;3
1386593711577;599;10;2
1386593711577;425;10;2
1386593711577;196;10;3
1386593711577;658;10;5
1386593711577;999;10;2
1386593711577;332;10;1
1386593711577;1125;10;2
1386593711577;538;10;0
1386593711577;1052;10;4
1386593711577;442;10;2
1386593711577;1173;10;4
1386593711577;24;10;0
1386593711577;1080;10;0
1386593711577;1201;10;0
1386593711577;149;10;2
1386593711577;721;10;0
1386593711577;1056;10;10
1386593711577;296;10;0
1386593711577;906;10;2
1386593711577;227;10;0
1386593711577;11;10;5
1386593711577;336;10;2
1386593711577;259;10;4
1386593711577;207;10;0
1386593711577;1010;10;1
1386593711577;1260;10;0
1386593711577;358;10;0
1386593711577;1109;10;0
1386593711577;1025;10;0
1386593711577;137;10;1
1386593711577;1280;10;1
1386593711577;726;10;0
1386593711577;393;10;0
1386593711577;878;10;0
1386593711577;625;10;2
1386593711577;366;10;8
1386593711577;1151;10;2
1386593711577;100;10;1
1386593711577;1097;10;0
1386593711577;21;10;3
1386593711577;885;10;0
1386593711577;8;10;0
1386593711577;745;10;2
1386593711577;747;10;0
1386593711577;61;10;2
1386593711577;495;10;0
1386593711577;228;10;0
1386593711577;1237;10;1
1386593711577;1242;10;2
1386593711577;1174;10;5
1386593711577;744;10;0
1386593711577;1172;10;2
1386593711577;616;10;0
1386593711577;790;10;1
1386593711577;1086;10;6
1386593711577;1231;10;0
1386593711577;1082;10;1
1386593711577;967;10;0
1386593711577;1113;10;5
1386593711577;460;10;4
1386593711577;1271;10;0
1386593711577;783;10;0
1386593711577;736;10;6
1386593711577;1157;10;0
1386593711577;1032;10;6
1386593711577;927;10;2
1386593711577;369;10;8
1386593711577;388;10;3
1386593711577;600;10;5
1386593711577;144;10;1
1386593711577;712;10;2
1386593711577;916;10;1
1386593711577;195;10;1
1386593711577;118;10;6
1386593711577;1067;10;1
1386593711577;211;10;0
1386593711577;875;10;0
1386593711577;634;10;0
1386593711577;971;10;4
1386593711577;931;10;1
1386593711577;152;10;0
1386593711577;151;10;2
1386593711577;903;10;2
1386593711577;271;10;6
1386593711577;173;10;1
1386593711577;441;10;3
1386593711577;445;10;1
1386593711577;965;10;0
1386593711577;109;10;0
1386593711577;609;10;3
1386593711577;517;10;1
1386593711577;171;10;0
1386593711577;597;10;0
1386593711577;566;10;3
1386593711577;454;10;0
1386593711577;1178;10;1
1386593711577;964;10;2
1386593711577;183;10;0
1386593711577;212;10;1
1386593711577;519;10;3
1386593711577;329;10;0
1386593711577;453;10;0
1386593711577;97;10;0
1386593711577;485;10;0
1386593711577;759;10;0
1386593711577;764;10;0
1386593711577;199;10;0
1386593711577;521;10;2
1386593711577;560;10;1
1386593711577;339;10;1
1386593711577;636;10;0
1386593711577;237;10;4
1386593711577;249;10;2
1386593711577;406;10;0
1386593711577;418;10;2
1386593711577;153;10;3
1386593711577;29;10;1
1386593711577;148;10;8
1386593711577;111;10;0
1386593711577;818;10;1
1386593711577;870;10;1
1386593711577;1066;10;2
1386593711577;993;10;2
1386593711577;572;10;5
1386593711577;630;10;0
1386593711577;1269;10;0
1386593711577;990;10;0
1386593711577;235;10;3
1386593711577;1126;10;0
1386593711577;382;10;0
1386593711577;813;10;0
1386593711577;1218;10;0
1386593711577;820;10;5
1386593711577;244;10;0
1386593711577;523;10;8
1386593711577;146;10;3
1386593711577;1106;10;8
1386593711577;1206;10;5
1386593711577;571;10;7
1386593711577;18;10;2
1386593711577;103;10;1
1386593711577;659;10;0
1386593711577;787;10;0
1386593711577;618;10;5
1386593711577;1277;10;0
1386593711577;337;10;0
1386593711577;507;10;1
1386593711577;546;10;0
1386593711577;1047;10;1
1386593711577;474;10;1
1386593711577;128;10;0
1386593711577;60;10;2
1386593711577;242;10;7
1386593711577;53;10;3
1386593711577;1074;10;7
1386593711577;714;10;0
1386593711577;872;10;0
1386593711577;1017;10;1
1386593711577;317;10;0
1386593711577;768;10;2
1386593711577;1152;10;6
1386593711577;980;10;1
1386593711577;947;10;4
1386593711577;867;10;4
1386593711577;15;10;2
1386593711577;1096;10;2
1386593711577;642;10;2
1386593711577;704;10;0
1386593711577;857;10;10
1386593711577;392;10;9
1386593711577;694;10;0
1386593711577;443;10;0
1386593711577;733;10;0
1386593711577;628;10;0
1386593711577;888;10;6
1386593711577;1276;10;1
1386593711577;685;10;1
1386593711577;1076;10;8
1386593711577;126;10;2
1386593711577;925;10;0
1386593711577;456;10;1
1386593711577;718;10;1
1386593711577;639;10;6
1386593711577;1107;10;10
1386593711577;722;10;1
1386593711577;905;10;0
1386593711577;691;10;0
1386593711577;345;10;0
1386593711577;323;10;1
1386593711577;598;10;1
1386593711577;191;10;6
1386593711577;936;10;1
1386593711577;649;10;0
1386593711577;817;10;3
1386593711577;596;10;6
1386593711577;426;10;7
1386593711577;807;10;0
1386593711577;461;10;9
1386593711577;868;10;1
1386593711577;1165;10;2
1386593711577;791;10;0
1386593711577;934;10;0
1386593711577;45;10;3
1386593711577;121;10;7
1386593711577;267;10;1
1386593711577;240;10;0
1386593711577;737;10;0
1386593711577;130;10;0
1386593711577;792;10;1
1386593711577;1156;10;2
1386593711577;860;10;5
1386593711577;907;10;3
1386593711577;32;10;5
1386593711577;198;10;0
1386593711577;962;10;3
1386593711577;362;10;4
1386593711577;64;10;1
1386593711577;346;10;5
1386593711577;1104;10;0
1386593711577;584;10;1
1386593711577;417;10;2
1386593711577;294;10;5
1386593711577;225;10;8
1386593711577;503;10;2
1386593711577;174;10;0
1386593711577;615;10;0
1386593711577;213;10;7
1386593711577;222;10;3
1386593711577;380;10;7
1386593711577;799;10;7
1386593711577;593;10;1
1386593711577;770;10;2
1386593711577;1196;10;3
1386593711577;258;10;0
1386593711577;604;10;3
1386593711577;104;10;0
1386593711577;1167;10;4
1386593711577;1069;10;0
1386593711577;217;10;0
1386593711577;728;10;3
1386593711577;774;10;1
1386593711577;949;10;1
1386593711577;629;10;1
1386593711577;731;10;1
1386593711577;48;10;4
1386593711577;223;10;4
1386593711577;877;10;0
1386593711577;341;10;4
1386593711577;1034;10;6
1386593711577;501;10;0
1386593711577;74;10;0
1386593711577;224;10;3
1386593711577;681;10;1
1386593711577;1150;10;5
1386593711577;679;10;0
1386593711577;648;10;3
1386593711577;831;10;0
1386593711577;709;10;0
1386593711577;44;10;7
1386593711577;459;10;3
1386593711577;315;10;2
1386593711577;830;10;4
1386593711577;664;10;1
1386593711577;753;10;5
1386593711577;293;10;2
1386593711577;1007;10;2
1386593711577;1252;10;5
1386593711577;901;10;0
1386593711577;1139;10;1
1386593711577;832;10;2
1386593711577;836;10;4
1386593711577;647;10;3
1386593711577;946;10;1
1386593711577;253;10;0
1386593711577;814;10;6
1386593711577;693;10;0
1386593711577;51;10;0
1386593711577;96;10;0
1386593711577;488;10;0
1386593711577;611;10;0
1386593711577;1264;10;0
1386593711577;1188;10;7
1386593711577;177;10;5
1386593711577;447;10;0
1386593711577;873;10;0
1386593711577;483;10;0
1386593711577;1092;10;1
1386593711577;1015;10;0
1386593711577;1203;10;0
1386593711577;70;10;3
1386593711577;391;10;10
1386593711577;1144;10;5
1386593711577;283;10;5
1386593711577;1262;10;1
1386593711577;1234;10;0
1386593711577;956;10;0
1386593711577;30;10;2
1386593711577;1050;10;6
1386593711577;180;10;7
1386593711577;470;10;1
1386593711577;845;10;8
1386593711577;238;10;3
1386593711577;1255;10;1
1386593711577;1227;10;5
1386593711577;176;10;6
1386593711577;1163;10;0
1386593711577;1278;10;2
1386593711577;697;10;8
1386593711577;1070;10;1
1386593711577;1063;10;1
1386593711577;1193;10;4
1386593711577;1169;10;5
1386593711577;154;10;0
1386593711577;842;10;6
1386593711577;558;10;5
1386593711577;482;10;1
1386593711577;327;10;0
1386593711577;1035;10;1
1386593711577;984;10;0
1386593711577;282;10;3
1386593711577;1039;10;0
1386593711577;819;10;6
1386593711577;771;10;4
1386593711577;995;10;5
1386593711577;1027;10;5
1386593711577;804;10;2
1386593711577;917;10;1
1386593711577;166;10;0
1386593711577;837;10;3
1386593711577;219;10;0
1386593711577;1267;10;6
1386593711577;515;10;0
1386593711577;739;10;6
1386593711577;655;10;4
1386593711577;533;10;4
1386593711577;84;10;2
1386593711577;937;10;2
1386593711577;950;10;5
1386593711577;457;10;2
1386593711577;115;10;9
1386593711577;945;10;1
1386593711577;132;10;0
1386593711577;494;10;2
1386593711577;708;10;0
1386593711577;972;10;4
1386593711577;326;10;2
1386593711577;435;10;6
1386593711577;42;10;0
1386593711577;77;10;6
1386593711577;856;10;4
1386593711577;66;10;0
1386593711577;1044;10;8
1386593711577;1084;10;3
1386593711577;1111;10;3
1386593711577;71;10;5
1386593711577;1140;10;2
1386593711577;808;10;2
1386593711577;957;10;1
1386593711577;882;10;0
1386593711577;865;10;6
1386593711577;758;10;2
1386593711577;666;10;1
1386593711577;1153;10;0
1386593711577;205;10;7
1386593711577;301;10;2
1386593711577;1129;10;1
1386593711577;221;10;0
1386593711577;502;10;0
1386593711577;266;10;2
1386593711577;1244;10;1
1386593711577;1088;10;0
1386593711577;92;10;0
1386593711577;1221;10;1
1386593711577;316;10;4
1386593711577;1159;10;1
1386593711577;682;10;5
1386593711577;466;10;0
1386593711577;1250;10;9
1386593711577;444;10;0
1386593711577;342;10;0
1386593711577;416;10;7
1386593711577;734;10;5
1386593711577;1212;10;0
1386593711577;772;10;6
1386593711577;843;10;4
1386593711577;913;10;1
1386593711577;1090;10;0
1386593711577;54;10;1
1386593711577;1146;10;2
1386593711577;430;10;1
1386593711577;385;10;0
1386593711577;145;10;3
1386593711577;420;10;4
1386593711577;1061;10;1
1386593711577;239;10;3
1386593711577;513;10;3
1386593711577;215;10;2
1386593711577;25;10;2
1386593711577;1223;10;0
1386593711577;1143;10;3
1386593711577;671;10;3
1386593711577;348;10;3
1386593711577;372;10;1
1386593711577;59;10;1
1386593711577;740;10;0
1386593711577;1160;10;10
1386593711577;91;10;0
1386593711577;1099;10;6
1386593711577;1005;10;3
1386593711577;535;10;1
1386593711577;578;10;3
1386593711577;86;10;3
1386593711577;841;10;0
1386593711577;1108;10;1
1386593711577;668;10;3
1386593711577;524;10;1
1386593711577;859;10;2
1386593711577;178;10;7
1386593711577;150;10;10
1386593711577;38;10;1
1386593711577;256;10;5
1386593711577;703;10;3
1386593711577;281;10;7
1386593711577;340;10;4
1386593711577;1037;10;5
1386593711577;833;10;1
1386593711577;1171;10;1
1386593711577;735;10;3
1386593711577;90;10;0
1386593711577;1177;10;5
1386593711577;226;10;1
1386593711577;302;10;2
1386593711577;95;10;1
1386593711577;462;10;5
1386593711577;552;10;0
1386593711577;344;10;0
1386593711577;608;10;3
1386593711577;643;10;5
1386593711577;493;10;1
1386593711577;492;10;6
1386593711577;827;10;1
1386593711577;689;10;4
1386593711577;427;10;1
1386593711577;319;10;1
1386593711577;577;10;2
1386593711577;669;10;1
1386593711577;1168;10;1
1386593711577;101;10;0
1386593711577;1145;10;8
1386593711577;1;10;1
1386593711577;542;10;2
1386593711577;1124;10;0
1386593711577;81;10;4
1386593711577;419;10;8
1386593711577;805;10;0
1386593711577;1182;10;5
1386593711577;364;10;3
1386593711577;955;10;0
1386593711577;850;10;1
1386593711577;595;10;0
1386593711577;767;10;1
1386593711577;465;10;2
1386593711577;1248;10;1
1386593711577;876;10;0
1386593711577;564;10;4
1386593711577;825;10;1
1386593711577;700;10;3
1386593711577;898;10;0
1386593711577;172;10;0
1386593711577;93;10;0
1386593711577;308;10;1
1386593711577;1064;10;0
1386593711577;839;10;1
1386593711577;738;10;4
1386593711577;1120;10;10
1386593711577;567;10;1
1386593711577;1249;10;0
1386593711577;1036;10;2
1386593711577;1091;10;8
1386593711577;292;10;2
1386593711577;592;10;5
1386593711577;1225;10;1
1386593711577;720;10;2
1386593711577;582;10;7
1386593711577;424;10;6
1386593711577;272;10;4
1386593711577;1121;10;9
1386593711577;155;10;0
1386593711577;350;10;2
1386593711577;1102;10;0
1386593711577;1211;10;0
1386593711577;328;10;2
1386593711577;67;10;2
1386593711577;338;10;2
1386593711577;291;10;8
1386593711577;230;10;0
1386593711577;565;10;2
1386593711577;729;10;0
1386593711577;56;10;0
1386593711577;268;10;0
1386593711577;1001;10;4
1386593711577;192;10;0
1386593711577;715;10;2
1386593711577;760;10;0
1386593711577;311;10;6
1386593711577;257;10;0
1386593711577;1045;10;1
1386593711577;1207;10;10
1386593711577;234;10;0
1386593711577;540;10;0
1386593711577;497;10;1
1386593711577;532;10;9
1386593711577;716;10;6
1386593711577;975;10;3
1386593711577;489;10;8
1386593711577;1228;10;1
1386593711577;612;10;9
1386593711577;1077;10;2
1386593711577;844;10;3
1386593711577;579;10;0
1386593711577;433;10;7
1386593711577;49;10;0
1386593711577;203;10;0
1386593711577;113;10;3
1386593711577;692;10;1
1386593711577;1166;10;0
1386593711577;1041;10;0
1386593711577;4;10;0
1386593711577;265;10;4
1386593711577;411;10;2
1386593711577;184;10;1
1386593711577;987;10;0
1386593711577;627;10;0
1386593711577;1236;10;1
1386593711577;1205;10;10
1386593711577;1200;10;2
1386593711577;264;10;8
1386593711577;1197;10;3
1386593711577;622;10;4
1386593711577;884;10;0
1386593711577;367;10;8
1386593711577;891;10;0
1386593711577;991;10;0
1386593711577;854;10;0
1386593711577;750;10;4
1386593711577;378;10;2
1386593711577;467;10;0
1386593711577;261;10;0
1386593711577;410;10;6
1386593711577;590;10;2
1386593711577;881;10;0
1386593711577;1162;10;1
1386593711577;1118;10;2
1386593711577;1180;10;5
1386593711577;986;10;0
1386593711577;1075;10;2
1386593711577;50;10;1
1386593711577;469;10;0
1386593711577;623;10;1
1386593711577;333;10;3
1386593711577;944;10;0
1386593711577;621;10;10
1386593711577;387;10;0
1386593711577;547;10;0
1386593711577;471;10;2
1386593711577;732;10;0
1386593711577;55;10;5
1386593711577;347;10;4
1386593711577;284;10;1
1386593711577;403;10;1
1386593711577;247;10;1
1386593711577;422;10;3
1386593711577;701;10;5
1386593711577;1258;10;0
1386593711577;588;10;1
1386593711577;537;10;6
1386593711577;948;10;3
1386593711577;1048;10;0
1386593711577;846;10;1
1386593711577;407;10;9
1386593711577;886;10;0
1386593711577;617;10;2
1386593711577;116;10;0
1386593711577;1186;10;0
1386593711577;1040;10;0
1386593711577;779;10;1
1386593711577;313;10;1
