modelid;route_id;number_of_repetitions;number_of_successful_routes
1386587910310;188;10;0
1386587910310;987;10;0
1386587910310;582;10;0
1386587910310;1041;10;0
1386587910310;45;10;0
1386587910310;1238;10;0
1386587910310;288;10;0
1386587910310;1207;10;0
1386587910310;737;10;0
1386587910310;636;10;0
1386587910310;672;10;0
1386587910310;1034;10;0
1386587910310;890;10;0
1386587910310;394;10;0
1386587910310;1192;10;0
1386587910310;749;10;0
1386587910310;883;10;0
1386587910310;943;10;0
1386587910310;1256;10;0
1386587910310;269;10;0
1386587910310;971;10;0
1386587910310;1003;10;0
1386587910310;417;10;0
1386587910310;230;10;0
1386587910310;1222;10;0
1386587910310;692;10;0
1386587910310;1115;10;0
1386587910310;871;10;0
1386587910310;706;10;0
1386587910310;878;10;0
1386587910310;92;10;0
1386587910310;1190;10;0
1386587910310;320;10;0
1386587910310;993;10;0
1386587910310;1108;10;0
1386587910310;1171;10;0
1386587910310;367;10;0
1386587910310;285;10;0
1386587910310;342;10;0
1386587910310;1015;10;0
1386587910310;1065;10;0
1386587910310;756;10;0
1386587910310;944;10;0
1386587910310;110;10;0
1386587910310;704;10;0
1386587910310;49;10;0
1386587910310;1164;10;0
1386587910310;395;10;0
1386587910310;399;10;0
1386587910310;1198;10;0
1386587910310;276;10;0
1386587910310;1272;10;0
1386587910310;86;10;0
1386587910310;1269;10;0
1386587910310;1057;10;0
1386587910310;862;10;0
1386587910310;238;10;0
1386587910310;1274;10;0
1386587910310;2;10;0
1386587910310;903;10;0
1386587910310;1201;10;0
1386587910310;1265;10;0
1386587910310;614;10;0
1386587910310;995;10;0
1386587910310;827;10;0
1386587910310;1232;10;0
1386587910310;812;10;0
1386587910310;1260;10;0
1386587910310;857;10;0
1386587910310;865;10;0
1386587910310;78;10;0
1386587910310;578;10;0
1386587910310;1044;10;0
1386587910310;869;10;0
1386587910310;904;10;0
1386587910310;606;10;0
1386587910310;721;10;0
1386587910310;1180;10;0
1386587910310;350;10;0
1386587910310;467;10;0
1386587910310;1273;10;0
1386587910310;762;10;0
1386587910310;826;10;0
1386587910310;789;10;0
1386587910310;1095;10;0
1386587910310;130;10;0
1386587910310;454;10;0
1386587910310;1002;10;0
1386587910310;337;10;0
1386587910310;625;10;0
1386587910310;484;10;0
1386587910310;413;10;0
1386587910310;610;10;0
1386587910310;740;10;0
1386587910310;317;10;0
1386587910310;1156;10;0
1386587910310;1218;10;0
1386587910310;410;10;0
1386587910310;389;10;0
1386587910310;286;10;0
1386587910310;634;10;0
1386587910310;667;10;0
1386587910310;450;10;0
1386587910310;714;10;0
1386587910310;1121;10;0
1386587910310;602;10;0
1386587910310;29;10;0
1386587910310;197;10;0
1386587910310;537;10;0
1386587910310;540;10;0
1386587910310;1183;10;0
1386587910310;21;10;0
1386587910310;163;10;0
1386587910310;711;10;0
1386587910310;1092;10;0
1386587910310;716;10;0
1386587910310;632;10;0
1386587910310;1136;10;0
1386587910310;257;10;0
1386587910310;38;10;0
1386587910310;427;10;0
1386587910310;915;10;0
1386587910310;579;10;0
1386587910310;515;10;0
1386587910310;382;10;0
1386587910310;144;10;0
1386587910310;42;10;0
1386587910310;1155;10;0
1386587910310;184;10;0
1386587910310;494;10;0
1386587910310;1074;10;0
1386587910310;554;10;0
1386587910310;31;10;0
1386587910310;689;10;0
1386587910310;1228;10;0
1386587910310;1176;10;0
1386587910310;937;10;0
1386587910310;959;10;0
1386587910310;1010;10;0
1386587910310;912;10;0
1386587910310;1011;10;0
1386587910310;1203;10;0
1386587910310;1114;10;0
1386587910310;167;10;0
1386587910310;420;10;0
1386587910310;327;10;0
1386587910310;1279;10;0
1386587910310;476;10;0
1386587910310;406;10;0
1386587910310;191;10;0
1386587910310;1073;10;0
1386587910310;193;10;0
1386587910310;1163;10;0
1386587910310;287;10;0
1386587910310;596;10;0
1386587910310;341;10;1
1386587910310;273;10;0
1386587910310;816;10;0
1386587910310;255;10;0
1386587910310;208;10;0
1386587910310;48;10;0
1386587910310;911;10;0
1386587910310;893;10;0
1386587910310;560;10;0
1386587910310;479;10;0
1386587910310;848;10;0
1386587910310;40;10;0
1386587910310;804;10;0
1386587910310;884;10;0
1386587910310;811;10;0
1386587910310;56;10;0
1386587910310;124;10;0
1386587910310;1054;10;2
1386587910310;12;10;0
1386587910310;214;10;0
1386587910310;520;10;0
1386587910310;74;10;0
1386587910310;908;10;0
1386587910310;1123;10;0
1386587910310;305;10;0
1386587910310;344;10;0
1386587910310;363;10;0
1386587910310;728;10;0
1386587910310;595;10;0
1386587910310;408;10;1
1386587910310;1266;10;0
1386587910310;824;10;0
1386587910310;424;10;0
1386587910310;760;10;0
1386587910310;335;10;0
1386587910310;1181;10;0
1386587910310;245;10;0
1386587910310;1225;10;0
1386587910310;821;10;0
1386587910310;328;10;0
1386587910310;83;10;0
1386587910310;428;10;0
1386587910310;1042;10;0
1386587910310;576;10;0
1386587910310;1137;10;0
1386587910310;148;10;0
1386587910310;650;10;0
1386587910310;174;10;0
1386587910310;452;10;0
1386587910310;724;10;0
1386587910310;475;10;0
1386587910310;975;10;0
1386587910310;226;10;0
1386587910310;352;10;0
1386587910310;209;10;0
1386587910310;390;10;0
1386587910310;79;10;0
1386587910310;736;10;0
1386587910310;1275;10;0
1386587910310;985;10;0
1386587910310;5;10;0
1386587910310;122;10;0
1386587910310;343;10;0
1386587910310;69;10;0
1386587910310;466;10;0
1386587910310;952;10;0
1386587910310;196;10;0
1386587910310;615;10;0
1386587910310;873;10;0
1386587910310;1193;10;0
1386587910310;538;10;0
1386587910310;1109;10;0
1386587910310;854;10;0
1386587910310;546;10;0
1386587910310;880;10;0
1386587910310;577;10;0
1386587910310;1080;10;0
1386587910310;426;10;0
1386587910310;318;10;0
1386587910310;1246;10;0
1386587910310;920;10;0
1386587910310;117;10;0
1386587910310;472;10;0
1386587910310;649;10;0
1386587910310;347;10;0
1386587910310;572;10;0
1386587910310;405;10;1
1386587910310;699;10;0
1386587910310;101;10;0
1386587910310;142;10;0
1386587910310;790;10;0
1386587910310;1172;10;0
1386587910310;922;10;0
1386587910310;675;10;0
1386587910310;981;10;0
1386587910310;630;10;0
1386587910310;950;10;0
1386587910310;1049;10;0
1386587910310;290;10;0
1386587910310;766;10;0
1386587910310;104;10;0
1386587910310;673;10;0
1386587910310;678;10;0
1386587910310;464;10;0
1386587910310;482;10;0
1386587910310;1119;10;0
1386587910310;764;10;0
1386587910310;518;10;0
1386587910310;626;10;0
1386587910310;1094;10;0
1386587910310;1185;10;0
1386587910310;819;10;0
1386587910310;32;10;0
1386587910310;112;10;0
1386587910310;1091;10;0
1386587910310;633;10;0
1386587910310;1263;10;0
1386587910310;559;10;1
1386587910310;296;10;0
1386587910310;1100;10;0
1386587910310;718;10;0
1386587910310;132;10;0
1386587910310;1184;10;0
1386587910310;1162;10;0
1386587910310;909;10;0
1386587910310;1138;10;0
1386587910310;803;10;0
1386587910310;1045;10;0
1386587910310;1048;10;0
1386587910310;1006;10;0
1386587910310;1135;10;0
1386587910310;94;10;0
1386587910310;91;10;0
1386587910310;151;10;0
1386587910310;1179;10;0
1386587910310;584;10;0
1386587910310;444;10;0
1386587910310;1158;10;0
1386587910310;841;10;0
1386587910310;541;10;0
1386587910310;918;10;0
1386587910310;526;10;0
1386587910310;169;10;0
1386587910310;843;10;0
1386587910310;583;10;0
1386587910310;20;10;0
1386587910310;822;10;0
1386587910310;153;10;0
1386587910310;927;10;0
1386587910310;436;10;0
1386587910310;564;10;0
1386587910310;345;10;0
1386587910310;1055;10;0
1386587910310;1240;10;0
1386587910310;72;10;0
1386587910310;914;10;0
1386587910310;690;10;0
1386587910310;1067;10;0
1386587910310;859;10;0
1386587910310;814;10;0
1386587910310;80;10;0
1386587910310;294;10;0
1386587910310;681;10;0
1386587910310;289;10;0
1386587910310;378;10;0
1386587910310;717;10;0
1386587910310;362;10;0
1386587910310;556;10;0
1386587910310;89;10;1
1386587910310;663;10;0
1386587910310;6;10;0
1386587910310;1224;10;0
1386587910310;568;10;0
1386587910310;307;10;0
1386587910310;499;10;0
1386587910310;456;10;0
1386587910310;1025;10;0
1386587910310;962;10;0
1386587910310;64;10;0
1386587910310;977;10;0
1386587910310;1021;10;0
1386587910310;946;10;0
1386587910310;815;10;0
1386587910310;194;10;0
1386587910310;102;10;0
1386587910310;892;10;0
1386587910310;631;10;0
1386587910310;1071;10;0
1386587910310;489;10;0
1386587910310;1104;10;0
1386587910310;1106;10;0
1386587910310;224;10;0
1386587910310;1085;10;0
1386587910310;123;10;0
1386587910310;587;10;0
1386587910310;1107;10;0
1386587910310;798;10;0
1386587910310;71;10;0
1386587910310;1216;10;0
1386587910310;565;10;0
1386587910310;66;10;0
1386587910310;1028;10;0
1386587910310;705;10;0
1386587910310;1169;10;0
1386587910310;1202;10;0
1386587910310;1075;10;0
1386587910310;301;10;0
1386587910310;502;10;0
1386587910310;314;10;0
1386587910310;801;10;0
1386587910310;820;10;0
1386587910310;687;10;0
1386587910310;1063;10;0
1386587910310;298;10;0
1386587910310;698;10;0
1386587910310;351;10;0
1386587910310;919;10;0
1386587910310;361;10;0
1386587910310;166;10;0
1386587910310;895;10;0
1386587910310;752;10;0
1386587910310;621;10;0
1386587910310;277;10;0
1386587910310;279;10;0
1386587910310;3;10;0
1386587910310;604;10;0
1386587910310;271;10;0
1386587910310;445;10;0
1386587910310;175;10;0
1386587910310;860;10;0
1386587910310;1220;10;0
1386587910310;270;10;0
1386587910310;483;10;0
1386587910310;37;10;0
1386587910310;109;10;0
1386587910310;473;10;0
1386587910310;1145;10;0
1386587910310;24;10;0
1386587910310;403;10;0
1386587910310;647;10;0
1386587910310;65;10;0
1386587910310;266;10;0
1386587910310;216;10;0
1386587910310;834;10;0
1386587910310;964;10;0
1386587910310;986;10;0
1386587910310;1178;10;0
1386587910310;612;10;5
1386587910310;771;10;0
1386587910310;727;10;0
1386587910310;907;10;0
1386587910310;241;10;0
1386587910310;783;10;0
1386587910310;1280;10;0
1386587910310;100;10;0
1386587910310;1267;10;0
1386587910310;973;10;0
1386587910310;635;10;0
1386587910310;1276;10;0
1386587910310;664;10;0
1386587910310;733;10;0
1386587910310;164;10;0
1386587910310;39;10;0
1386587910310;588;10;0
1386587910310;968;10;0
1386587910310;923;10;0
1386587910310;802;10;0
1386587910310;387;10;0
1386587910310;858;10;0
1386587910310;1139;10;0
1386587910310;505;10;0
1386587910310;59;10;0
1386587910310;941;10;0
1386587910310;1282;10;0
1386587910310;543;10;0
1386587910310;913;10;0
1386587910310;1009;10;0
1386587910310;462;10;0
1386587910310;697;10;0
1386587910310;1144;10;0
1386587910310;1200;10;0
1386587910310;1062;10;0
1386587910310;990;10;0
1386587910310;831;10;0
1386587910310;1210;10;0
1386587910310;97;10;0
1386587910310;642;10;0
1386587910310;978;10;0
1386587910310;57;10;0
1386587910310;748;10;0
1386587910310;240;10;0
1386587910310;219;10;0
1386587910310;23;10;0
1386587910310;628;10;0
1386587910310;118;10;0
1386587910310;180;10;0
1386587910310;183;10;0
1386587910310;477;10;0
1386587910310;679;10;0
1386587910310;758;10;0
1386587910310;233;10;0
1386587910310;535;10;0
1386587910310;529;10;0
1386587910310;179;10;0
1386587910310;357;10;0
1386587910310;125;10;0
1386587910310;1217;10;0
1386587910310;969;10;0
1386587910310;1004;10;0
1386587910310;523;10;0
1386587910310;750;10;0
1386587910310;533;10;0
1386587910310;139;10;0
1386587910310;349;10;0
1386587910310;364;10;0
1386587910310;471;10;0
1386587910310;377;10;0
1386587910310;547;10;0
1386587910310;1087;10;0
1386587910310;1262;10;0
1386587910310;1278;10;0
1386587910310;1017;10;0
1386587910310;897;10;0
1386587910310;1167;10;0
1386587910310;835;10;0
1386587910310;581;10;0
1386587910310;646;10;0
1386587910310;983;10;0
1386587910310;851;10;0
1386587910310;176;10;0
1386587910310;746;10;0
1386587910310;491;10;0
1386587910310;866;10;0
1386587910310;354;10;0
1386587910310;303;10;0
1386587910310;249;10;0
1386587910310;1209;10;0
1386587910310;708;10;0
1386587910310;1166;10;0
1386587910310;449;10;0
1386587910310;360;10;0
1386587910310;425;10;0
1386587910310;493;10;0
1386587910310;158;10;0
1386587910310;264;10;0
1386587910310;939;10;0
1386587910310;731;10;0
1386587910310;22;10;0
1386587910310;682;10;0
1386587910310;600;10;0
1386587910310;992;10;0
1386587910310;1131;10;0
1386587910310;1149;10;0
1386587910310;916;10;0
1386587910310;441;10;0
1386587910310;281;10;0
1386587910310;1084;10;0
1386587910310;755;10;0
1386587910310;338;10;0
1386587910310;68;10;0
1386587910310;555;10;0
1386587910310;1174;10;0
1386587910310;225;10;1
1386587910310;53;10;0
1386587910310;258;10;0
1386587910310;1168;10;0
1386587910310;1241;10;0
1386587910310;432;10;0
1386587910310;842;10;0
1386587910310;627;10;0
1386587910310;372;10;0
1386587910310;613;10;0
1386587910310;868;10;0
1386587910310;723;10;0
1386587910310;280;10;0
1386587910310;1124;10;0
1386587910310;1030;10;0
1386587910310;932;10;0
1386587910310;458;10;0
1386587910310;1248;10;0
1386587910310;54;10;0
1386587910310;1;10;0
1386587910310;282;10;0
1386587910310;805;10;0
1386587910310;742;10;0
1386587910310;640;10;0
1386587910310;496;10;0
1386587910310;524;10;0
1386587910310;519;10;0
1386587910310;1208;10;0
1386587910310;202;10;0
1386587910310;141;10;0
1386587910310;431;10;0
1386587910310;35;10;0
1386587910310;192;10;0
1386587910310;1186;10;0
1386587910310;734;10;0
1386587910310;738;10;0
1386587910310;810;10;0
1386587910310;116;10;0
1386587910310;599;10;0
1386587910310;47;10;0
1386587910310;331;10;0
1386587910310;365;10;0
1386587910310;457;10;0
1386587910310;1070;10;0
1386587910310;607;10;0
1386587910310;220;10;0
1386587910310;940;10;0
1386587910310;252;10;0
1386587910310;1253;10;0
1386587910310;1206;10;0
1386587910310;617;10;0
1386587910310;988;10;0
1386587910310;400;10;0
1386587910310;1097;10;0
1386587910310;1103;10;0
1386587910310;1189;10;0
1386587910310;608;10;0
1386587910310;696;10;0
1386587910310;974;10;0
1386587910310;1031;10;0
1386587910310;136;10;0
1386587910310;769;10;0
1386587910310;429;10;0
1386587910310;348;10;0
1386587910310;512;10;0
1386587910310;60;10;0
1386587910310;340;10;0
1386587910310;1090;10;0
1386587910310;204;10;0
1386587910310;199;10;0
1386587910310;356;10;0
1386587910310;27;10;0
1386587910310;442;10;0
1386587910310;237;10;0
1386587910310;688;10;0
1386587910310;134;10;0
1386587910310;368;10;0
1386587910310;996;10;0
1386587910310;1140;10;0
1386587910310;43;10;0
1386587910310;521;10;0
1386587910310;383;10;0
1386587910310;8;10;0
1386587910310;376;10;0
1386587910310;486;10;0
1386587910310;662;10;0
1386587910310;1252;10;0
1386587910310;1175;10;0
1386587910310;965;10;0
1386587910310;488;10;0
1386587910310;847;10;0
1386587910310;1157;10;0
1386587910310;786;10;0
1386587910310;889;10;0
1386587910310;800;10;0
1386587910310;178;10;0
1386587910310;1052;10;0
1386587910310;652;10;0
1386587910310;557;10;0
1386587910310;754;10;1
1386587910310;1229;10;0
1386587910310;514;10;0
1386587910310;686;10;0
1386587910310;1129;10;0
1386587910310;849;10;0
1386587910310;146;10;0
1386587910310;508;10;0
1386587910310;732;10;0
1386587910310;1053;10;0
1386587910310;439;10;0
1386587910310;310;10;0
1386587910310;722;10;0
1386587910310;1226;10;0
1386587910310;930;10;0
1386587910310;1033;10;0
1386587910310;726;10;0
1386587910310;680;10;0
1386587910310;719;10;0
1386587910310;1215;10;0
1386587910310;1270;10;0
1386587910310;1227;10;0
1386587910310;157;10;0
1386587910310;693;10;0
1386587910310;478;10;0
1386587910310;326;10;0
1386587910310;511;10;0
1386587910310;917;10;0
1386587910310;931;10;0
1386587910310;853;10;0
1386587910310;534;10;0
1386587910310;10;10;0
1386587910310;594;10;0
1386587910310;1050;10;0
1386587910310;173;10;0
1386587910310;244;10;0
1386587910310;795;10;0
1386587910310;1187;10;0
1386587910310;15;10;0
1386587910310;925;10;0
1386587910310;440;10;0
1386587910310;929;10;0
1386587910310;982;10;0
1386587910310;782;10;0
1386587910310;691;10;0
1386587910310;1117;10;0
1386587910310;418;10;0
1386587910310;638;10;0
1386587910310;103;10;0
1386587910310;685;10;0
1386587910310;597;10;0
1386587910310;629;10;0
1386587910310;949;10;0
1386587910310;1012;10;0
1386587910310;901;10;0
1386587910310;336;10;0
1386587910310;106;10;0
1386587910310;1235;10;0
1386587910310;797;10;0
1386587910310;1204;10;0
1386587910310;532;10;0
1386587910310;401;10;0
1386587910310;945;10;0
1386587910310;1098;10;0
1386587910310;76;10;0
1386587910310;994;10;0
1386587910310;1072;10;1
1386587910310;388;10;0
1386587910310;1023;10;0
1386587910310;319;10;0
1386587910310;295;10;0
1386587910310;67;10;0
1386587910310;833;10;0
1386587910310;1130;10;0
1386587910310;215;10;0
1386587910310;935;10;0
1386587910310;333;10;1
1386587910310;845;10;0
1386587910310;1142;10;0
1386587910310;329;10;0
1386587910310;888;10;0
1386587910310;772;10;0
1386587910310;4;10;0
1386587910310;434;10;0
1386587910310;980;10;0
1386587910310;1118;10;0
1386587910310;90;10;0
1386587910310;358;10;0
1386587910310;207;10;0
1386587910310;246;10;0
1386587910310;1089;10;0
1386587910310;500;10;0
1386587910310;1105;10;0
1386587910310;1024;10;0
1386587910310;1027;10;0
1386587910310;651;10;0
1386587910310;1154;10;0
1386587910310;481;10;0
1386587910310;823;10;0
1386587910310;228;10;0
1386587910310;384;10;0
1386587910310;674;10;0
1386587910310;879;10;0
1386587910310;297;10;0
1386587910310;872;10;0
1386587910310;1247;10;0
1386587910310;231;10;0
1386587910310;128;10;0
1386587910310;1234;10;0
1386587910310;818;10;0
1386587910310;55;10;0
1386587910310;250;10;0
1386587910310;1016;10;0
1386587910310;817;10;0
1386587910310;765;10;0
1386587910310;292;10;0
1386587910310;11;10;0
1386587910310;745;10;0
1386587910310;1146;10;0
1386587910310;375;10;0
1386587910310;670;10;0
1386587910310;963;10;0
1386587910310;268;10;0
1386587910310;278;10;0
1386587910310;1116;10;0
1386587910310;315;10;0
1386587910310;585;10;0
1386587910310;437;10;0
1386587910310;374;10;0
1386587910310;840;10;0
1386587910310;369;10;0
1386587910310;1211;10;0
1386587910310;393;10;0
1386587910310;147;10;0
1386587910310;422;10;0
1386587910310;165;10;0
1386587910310;108;10;2
1386587910310;19;10;0
1386587910310;211;10;0
1386587910310;468;10;0
1386587910310;799;10;0
1386587910310;781;10;0
1386587910310;774;10;0
1386587910310;735;10;0
1386587910310;1147;10;0
1386587910310;25;10;0
1386587910310;366;10;0
1386587910310;274;10;0
1386587910310;416;10;0
1386587910310;639;10;0
1386587910310;1112;10;0
1386587910310;84;10;0
1386587910310;261;10;0
1386587910310;150;10;5
1386587910310;205;10;0
1386587910310;81;10;0
1386587910310;759;10;0
1386587910310;495;10;0
1386587910310;1001;10;0
1386587910310;898;10;0
1386587910310;598;10;0
1386587910310;311;10;0
1386587910310;567;10;0
1386587910310;850;10;0
1386587910310;127;10;0
1386587910310;13;10;0
1386587910310;1165;10;0
1386587910310;203;10;0
1386587910310;747;10;0
1386587910310;1194;10;0
1386587910310;701;10;0
1386587910310;1040;10;0
1386587910310;703;10;0
1386587910310;423;10;0
1386587910310;1026;10;0
1386587910310;967;10;0
1386587910310;1151;10;0
1386587910310;1110;10;0
1386587910310;316;10;0
1386587910310;253;10;0
1386587910310;998;10;0
1386587910310;905;10;0
1386587910310;960;10;0
1386587910310;882;10;0
1386587910310;553;10;0
1386587910310;700;10;0
1386587910310;1134;10;0
1386587910310;855;10;0
1386587910310;87;10;0
1386587910310;1254;10;0
1386587910310;991;10;0
1386587910310;411;10;0
1386587910310;186;10;0
1386587910310;52;10;0
1386587910310;886;10;0
1386587910310;1069;10;0
1386587910310;773;10;0
1386587910310;702;10;0
1386587910310;200;10;0
1386587910310;659;10;0
1386587910310;870;10;0
1386587910310;1250;10;0
1386587910310;779;10;0
1386587910310;513;10;0
1386587910310;844;10;1
1386587910310;272;10;0
1386587910310;661;10;0
1386587910310;601;10;0
1386587910310;433;10;0
1386587910310;284;10;0
1386587910310;51;10;0
1386587910310;828;10;0
1386587910310;825;10;0
1386587910310;149;10;0
1386587910310;838;10;0
1386587910310;371;10;0
1386587910310;562;10;0
1386587910310;668;10;0
1386587910310;813;10;0
1386587910310;34;10;0
1386587910310;1000;10;0
1386587910310;247;10;0
1386587910310;412;10;0
1386587910310;470;10;0
1386587910310;50;10;0
1386587910310;312;10;0
1386587910310;741;10;0
1386587910310;970;10;0
1386587910310;1111;10;0
1386587910310;1214;10;0
1386587910310;763;10;0
1386587910310;1020;10;0
1386587910310;751;10;0
1386587910310;1173;10;0
1386587910310;415;10;0
1386587910310;894;10;0
1386587910310;1261;10;0
1386587910310;1182;10;0
1386587910310;190;10;0
1386587910310;1150;10;0
1386587910310;531;10;0
1386587910310;1043;10;0
1386587910310;1022;10;0
1386587910310;385;10;0
1386587910310;145;10;0
1386587910310;694;10;0
1386587910310;837;10;0
1386587910310;1039;10;0
1386587910310;485;10;0
1386587910310;82;10;0
1386587910310;1161;10;0
1386587910310;570;10;0
1386587910310;951;10;0
1386587910310;140;10;0
1386587910310;516;10;0
1386587910310;507;10;0
1386587910310;725;10;0
1386587910310;989;10;0
1386587910310;777;10;0
1386587910310;1268;10;0
1386587910310;283;10;0
1386587910310;93;10;0
1386587910310;129;10;0
1386587910310;619;10;0
1386587910310;1093;10;0
1386587910310;221;10;0
1386587910310;504;10;0
1386587910310;648;10;0
1386587910310;1230;10;0
1386587910310;1188;10;0
1386587910310;1101;10;0
1386587910310;896;10;0
1386587910310;455;10;0
1386587910310;753;10;0
1386587910310;671;10;0
1386587910310;299;10;0
1386587910310;739;10;0
1386587910310;891;10;0
1386587910310;263;10;0
1386587910310;591;10;0
1386587910310;210;10;0
1386587910310;947;10;0
1386587910310;195;10;0
1386587910310;623;10;0
1386587910310;111;10;0
1386587910310;30;10;0
1386587910310;571;10;0
1386587910310;808;10;0
1386587910310;999;10;0
1386587910310;323;10;0
1386587910310;921;10;0
1386587910310;1148;10;0
1386587910310;910;10;0
1386587910310;85;10;0
1386587910310;1047;10;0
1386587910310;861;10;0
1386587910310;126;10;0
1386587910310;487;10;0
1386587910310;260;10;0
1386587910310;770;10;0
1386587910310;1037;10;0
1386587910310;1082;10;0
1386587910310;324;10;0
1386587910310;236;10;0
1386587910310;133;10;0
1386587910310;1159;10;0
1386587910310;902;10;0
1386587910310;36;10;0
1386587910310;729;10;0
1386587910310;712;10;0
1386587910310;806;10;0
1386587910310;334;10;0
1386587910310;885;10;0
1386587910310;293;10;0
1386587910310;1061;10;0
1386587910310;656;10;0
1386587910310;830;10;0
1386587910310;1035;10;0
1386587910310;1005;10;0
1386587910310;7;10;0
1386587910310;177;10;0
1386587910310;1242;10;0
1386587910310;616;10;0
1386587910310;95;10;0
1386587910310;666;10;0
1386587910310;665;10;0
1386587910310;573;10;0
1386587910310;430;10;0
1386587910310;676;10;0
1386587910310;259;10;0
1386587910310;1245;10;0
1386587910310;767;10;0
1386587910310;622;10;0
1386587910310;242;10;0
1386587910310;624;10;0
1386587910310;590;10;0
1386587910310;1236;10;0
1386587910310;954;10;0
1386587910310;566;10;0
1386587910310;793;10;0
1386587910310;1244;10;0
1386587910310;948;10;0
1386587910310;379;10;0
1386587910310;536;10;0
1386587910310;887;10;0
1386587910310;1019;10;0
1386587910310;757;10;0
1386587910310;75;10;0
1386587910310;346;10;0
1386587910310;1096;10;0
1386587910310;938;10;0
1386587910310;545;10;0
1386587910310;881;10;0
1386587910310;957;10;0
1386587910310;498;10;0
1386587910310;1221;10;0
1386587910310;359;10;0
1386587910310;404;10;0
1386587910310;552;10;0
1386587910310;1038;10;0
1386587910310;451;10;0
1386587910310;262;10;0
1386587910310;304;10;0
1386587910310;251;10;0
1386587910310;313;10;0
1386587910310;396;10;0
1386587910310;46;10;0
1386587910310;309;10;0
1386587910310;1064;10;0
1386587910310;569;10;0
1386587910310;788;10;0
1386587910310;1066;10;0
1386587910310;707;10;0
1386587910310;695;10;0
1386587910310;1223;10;0
1386587910310;1264;10;0
1386587910310;206;10;0
1386587910310;550;10;0
1386587910310;373;10;0
1386587910310;234;10;0
1386587910310;605;10;0
1386587910310;267;10;0
1386587910310;934;10;0
1386587910310;98;10;0
1386587910310;539;10;0
1386587910310;438;10;0
1386587910310;528;10;0
1386587910310;254;10;0
1386587910310;829;10;0
1386587910310;1083;10;0
1386587910310;900;10;0
1386587910310;447;10;0
1386587910310;611;10;0
1386587910310;784;10;0
1386587910310;785;10;0
1386587910310;1233;10;0
1386587910310;926;10;0
1386587910310;201;10;0
1386587910310;26;10;0
1386587910310;863;10;0
1386587910310;1029;10;0
1386587910310;135;10;0
1386587910310;302;10;0
1386587910310;232;10;0
1386587910310;1271;10;0
1386587910310;1249;10;0
1386587910310;1018;10;0
1386587910310;942;10;0
1386587910310;161;10;0
1386587910310;730;10;0
1386587910310;956;10;0
1386587910310;836;10;0
1386587910310;480;10;0
1386587910310;300;10;0
1386587910310;684;10;0
1386587910310;976;10;0
1386587910310;961;10;0
1386587910310;1197;10;0
1386587910310;620;10;0
1386587910310;1081;10;0
1386587910310;1258;10;0
1386587910310;683;10;0
1386587910310;1036;10;0
1386587910310;906;10;0
1386587910310;162;10;0
1386587910310;1152;10;1
1386587910310;761;10;0
1386587910310;107;10;0
1386587910310;490;10;0
1386587910310;386;10;0
1386587910310;1059;10;0
1386587910310;654;10;0
1386587910310;856;10;0
1386587910310;593;10;0
1386587910310;933;10;0
1386587910310;409;10;0
1386587910310;322;10;0
1386587910310;715;10;0
1386587910310;1013;10;0
1386587910310;143;10;0
1386587910310;181;10;0
1386587910310;846;10;0
1386587910310;501;10;0
1386587910310;839;10;0
1386587910310;119;10;0
1386587910310;414;10;0
1386587910310;189;10;0
1386587910310;115;10;0
1386587910310;928;10;0
1386587910310;794;10;0
1386587910310;713;10;0
1386587910310;339;10;0
1386587910310;218;10;0
1386587910310;459;10;0
1386587910310;778;10;0
1386587910310;421;10;0
1386587910310;517;10;0
1386587910310;227;10;0
1386587910310;792;10;0
1386587910310;1078;10;0
1386587910310;953;10;0
1386587910310;1079;10;0
1386587910310;875;10;0
1386587910310;170;10;0
1386587910310;44;10;0
1386587910310;542;10;0
1386587910310;306;10;0
1386587910310;1122;10;0
1386587910310;997;10;0
1386587910310;525;10;0
1386587910310;1143;10;0
1386587910310;18;10;0
1386587910310;160;10;0
1386587910310;248;10;0
1386587910310;787;10;0
1386587910310;1088;10;0
1386587910310;1255;10;0
1386587910310;469;10;0
1386587910310;212;10;0
1386587910310;159;10;0
1386587910310;549;10;0
1386587910310;121;10;0
1386587910310;222;10;0
1386587910310;99;10;0
1386587910310;325;10;0
1386587910310;213;10;0
1386587910310;392;10;0
1386587910310;899;10;0
1386587910310;16;10;0
1386587910310;105;10;0
1386587910310;187;10;0
1386587910310;1199;10;0
1386587910310;137;10;0
1386587910310;61;10;0
1386587910310;776;10;0
1386587910310;1219;10;0
1386587910310;235;10;0
1386587910310;1102;10;0
1386587910310;308;10;0
1386587910310;321;10;0
1386587910310;448;10;0
1386587910310;70;10;0
1386587910310;1195;10;0
1386587910310;1239;10;0
1386587910310;966;10;0
1386587910310;435;10;0
1386587910310;809;10;0
1386587910310;1205;10;0
1386587910310;984;10;0
1386587910310;168;10;0
1386587910310;1132;10;0
1386587910310;660;10;0
1386587910310;355;10;0
1386587910310;1212;10;0
1386587910310;509;10;0
1386587910310;217;10;0
1386587910310;503;10;0
1386587910310;1259;10;0
1386587910310;1113;10;0
1386587910310;924;10;0
1386587910310;1060;10;0
1386587910310;644;10;0
1386587910310;1120;10;2
1386587910310;1077;10;0
1386587910310;710;10;0
1386587910310;1076;10;0
1386587910310;1086;10;0
1386587910310;291;10;0
1386587910310;1051;10;0
1386587910310;171;10;0
1386587910310;14;10;0
1386587910310;332;10;0
1386587910310;637;10;0
1386587910310;1191;10;0
1386587910310;370;10;0
1386587910310;120;10;0
1386587910310;58;10;0
1386587910310;73;10;0
1386587910310;791;10;0
1386587910310;551;10;0
1386587910310;852;10;0
1386587910310;575;10;1
1386587910310;1014;10;0
1386587910310;1141;10;0
1386587910310;768;10;0
1386587910310;33;10;0
1386587910310;391;10;8
1386587910310;958;10;0
1386587910310;653;10;0
1386587910310;1251;10;0
1386587910310;62;10;0
1386587910310;152;10;0
1386587910310;275;10;0
1386587910310;460;10;0
1386587910310;492;10;0
1386587910310;603;10;0
1386587910310;465;10;0
1386587910310;1243;10;0
1386587910310;1170;10;0
1386587910310;1133;10;0
1386587910310;558;10;0
1386587910310;1126;10;0
1386587910310;530;10;0
1386587910310;223;10;0
1386587910310;972;10;0
1386587910310;229;10;1
1386587910310;63;10;0
1386587910310;657;10;0
1386587910310;876;10;0
1386587910310;709;10;0
1386587910310;832;10;0
1386587910310;1046;10;0
1386587910310;874;10;0
1386587910310;645;10;0
1386587910310;655;10;0
1386587910310;1160;10;0
1386587910310;1177;10;0
1386587910310;463;10;0
1386587910310;744;10;0
1386587910310;589;10;0
1386587910310;1237;10;0
1386587910310;522;10;0
1386587910310;185;10;0
1386587910310;1068;10;0
1386587910310;172;10;0
1386587910310;877;10;0
1386587910310;641;10;0
1386587910310;113;10;0
1386587910310;1213;10;0
1386587910310;154;10;0
1386587910310;1231;10;0
1386587910310;720;10;0
1386587910310;17;10;0
1386587910310;1058;10;0
1386587910310;796;10;0
1386587910310;563;10;0
1386587910310;864;10;0
1386587910310;446;10;0
1386587910310;419;10;0
1386587910310;239;10;0
1386587910310;580;10;0
1386587910310;574;10;0
1386587910310;867;10;0
1386587910310;88;10;0
1386587910310;353;10;0
1386587910310;548;10;0
1386587910310;780;10;0
1386587910310;1032;10;0
1386587910310;381;10;0
1386587910310;677;10;0
1386587910310;243;10;0
1386587910310;592;10;2
1386587910310;561;10;0
1386587910310;1128;10;0
1386587910310;265;10;0
1386587910310;1257;10;0
1386587910310;474;10;0
1386587910310;1007;10;0
1386587910310;1099;10;0
1386587910310;256;10;0
1386587910310;1125;10;0
1386587910310;443;10;0
1386587910310;198;10;0
1386587910310;1127;10;0
1386587910310;643;10;0
1386587910310;380;10;0
1386587910310;41;10;0
1386587910310;527;10;0
1386587910310;669;10;0
1386587910310;510;10;0
1386587910310;1196;10;0
1386587910310;743;10;0
1386587910310;807;10;0
1386587910310;618;10;0
1386587910310;131;10;0
1386587910310;9;10;0
1386587910310;461;10;1
1386587910310;1153;10;0
1386587910310;407;10;0
1386587910310;330;10;0
1386587910310;182;10;0
1386587910310;979;10;0
1386587910310;28;10;0
1386587910310;609;10;0
1386587910310;138;10;0
1386587910310;586;10;0
1386587910310;155;10;0
1386587910310;1056;10;0
1386587910310;775;10;0
1386587910310;1277;10;0
1386587910310;1281;10;0
1386587910310;497;10;0
1386587910310;156;10;0
1386587910310;77;10;0
1386587910310;453;10;0
1386587910310;114;10;0
1386587910310;936;10;0
1386587910310;955;10;0
1386587910310;397;10;0
1386587910310;658;10;0
1386587910310;398;10;0
1386587910310;96;10;0
1386587910310;402;10;0
1386587910310;506;10;0
1386587910310;1008;10;0
1386587910310;544;10;0
