54102;1
55949;1
57249;3
52624;1
63200;1
50895;1
70305;9
59495;1
78554;1
52806;4
52247;1
73403;1
63215;1
52616;1
78953;1
79815;1
58355;1
58353;4
52819;3
52028;1
50870;1
46335;1
69648;1
68523;2
56382;3
75976;1
52441;1
64599;4
68797;1
75172;1
63906;1
47930;4
75177;1
52215;1
67593;1
57481;2
63029;1
69625;2
63964;4
68786;1
76091;1
57488;1
58125;3
52659;1
63848;1
52657;2
40755;1
61835;1
61834;1
74778;1
50661;1
55467;3
59907;6
67964;1
71645;1
52278;1
55909;1
57461;3
67181;1
62305;1
58348;1
64301;1
63046;1
70903;1
67546;1
70025;1
67957;5
74768;2
58847;3
70022;1
57466;1
57467;1
50840;1
52678;1
63822;1
58131;1
77872;1
52800;1
60311;1
63053;1
62575;2
70507;1
40579;1
66690;2
61804;3
55449;1
58139;1
53374;1
50189;1
47290;1
70048;2
59000;1
47684;1
58166;2
66689;1
75386;1
48863;1
67526;2
55028;1
53365;1
54624;1
68346;1
66480;1
74738;2
63074;2
66678;1
70780;2
54823;1
59682;1
47992;1
55419;1
60757;3
67709;2
74249;1
67708;1
60753;1
70746;1
37743;2
66868;1
66257;1
73676;3
53771;1
53556;1
70949;2
74717;1
63984;1
47072;1
52296;1
56184;2
54602;1
47261;1
70964;1
39076;1
68713;1
70767;2
63994;1
55018;1
55015;1
52292;1
59428;2
61194;2
47946;2
66238;2
61195;1
61198;3
66231;1
80587;1
63651;1
53707;1
53715;1
54144;1
59253;3
80574;1
61188;1
63640;2
53980;1
66242;1
62513;1
65600;2
59440;5
66088;1
53703;1
58399;1
72973;4
66240;2
74492;1
62125;1
55708;2
54137;1
74499;1
53317;1
70994;1
66493;2
75123;3
62506;1
59472;3
62500;3
56138;1
52065;1
63629;1
66623;2
72173;1
54124;1
66498;1
74969;1
72178;2
48809;1
53181;2
67752;1
78547;1
80553;1
66225;10
70718;1
72809;1
66892;2
59270;1
60524;2
53584;1
73826;1
52881;1
60390;2
66062;1
52888;1
69197;1
59079;2
62103;1
72162;1
68859;1
72756;1
72164;1
72169;1
59094;2
55544;1
56240;1
54293;1
60822;1
61145;2
81393;1
54897;1
66608;1
61553;2
61554;2
81185;1
56237;1
66152;2
73917;2
75714;1
61159;5
60605;2
56648;1
54697;4
67014;4
47722;1
57774;1
54882;1
62657;1
65071;1
61125;1
61126;2
54479;1
65660;1
60801;8
54684;1
76502;1
57745;1
61122;1
62139;1
65263;1
76117;1
71298;3
65477;1
80202;1
65857;3
59754;1
65853;1
65261;3
55536;3
56900;1
51677;1
50539;1
61307;1
65014;3
76340;1
64989;1
56007;2
71270;4
71274;1
54265;1
55793;2
53534;1
48370;1
72111;1
41629;1
66844;2
55517;1
65004;1
61118;1
39494;1
65424;3
39495;1
62189;1
62694;1
57780;1
57786;1
66189;1
68245;2
60842;4
62891;1
62175;2
51641;1
64184;1
68232;1
49609;1
66172;1
53518;5
54089;4
50120;1
57990;1
71908;9
64185;2
64732;7
67491;1
70258;1
64940;1
64941;1
57032;1
58574;1
57963;1
75500;1
68496;2
70451;1
54219;3
64535;1
69350;2
57969;4
75501;1
50584;1
57567;2
54421;2
67207;1
64930;2
62884;1
48227;1
56448;1
76177;1
64320;2
64321;3
64134;4
57553;1
70237;1
57050;2
62854;1
62858;1
58558;1
71012;2
50566;2
77838;3
64517;2
63274;1
56416;1
64512;2
69323;3
51802;1
54404;1
62868;1
67912;1
56420;1
71216;2
57046;1
50558;1
50555;2
58566;1
71408;1
64905;1
71006;1
64341;2
67464;2
48304;1
56470;2
65482;4
57533;2
70496;2
64354;1
57926;1
78913;1
81157;1
62846;1
61395;1
71968;1
67243;3
65208;1
65496;3
57322;1
64506;1
51470;1
76136;3
63248;1
62812;3
72577;2
67239;1
52478;1
61776;3
65239;2
71057;2
71980;1
65236;1
62375;1
64107;1
57714;4
70200;1
55965;2
71046;1
71049;1
61575;1
70484;1
55964;1
56098;1
47110;1
53815;1
58099;1
75694;1
52561;1
55377;1
71595;1
68401;2
52562;2
77986;1
77780;1
49402;3
69938;1
53800;2
58499;1
62409;2
52757;1
66507;1
51360;3
52963;1
52964;1
52966;1
79711;1
52553;1
52557;1
75296;1
55118;2
58749;3
71573;4
52543;1
70618;1
58201;2
70809;1
52736;1
67053;5
62238;1
46077;1
53017;1
52944;2
69010;2
51384;1
68690;2
66320;1
64692;1
52354;2
71568;1
61907;2
60473;4
55138;1
58056;2
79746;1
66536;1
58468;1
67268;2
39722;1
51133;1
76893;2
76892;1
52924;1
67279;1
46768;1
50962;1
60487;1
63700;1
68637;1
57392;5
58451;1
71548;1
40236;1
59116;1
52784;1
40640;1
52782;1
70119;1
52125;1
61944;2
70664;4
67280;1
40261;1
70127;1
62487;1
58036;1
54508;1
55145;1
66564;1
67694;1
61952;2
60210;1
67297;1
69313;1
69315;1
58049;1
51142;1
47788;2
54040;1
60971;2
67826;2
56866;1
73550;1
63558;1
60429;1
60626;1
53677;1
66976;2
70177;2
68208;4
67833;1
56856;1
58913;5
70170;1
56028;1
53465;2
67636;2
54922;1
60638;1
63740;1
67633;2
53271;2
58945;4
70889;1
65081;1
73243;1
58284;2
68902;2
66595;1
68907;1
69089;1
63561;3
63562;1
53296;1
73569;1
59137;1
66999;5
81742;1
54943;2
76682;1
49839;8
53864;2
66793;2
37651;1
54054;1
53294;2
54058;1
69099;1
69098;1
59797;6
59593;1
59594;2
60673;1
53434;1
73590;3
53432;1
56058;1
56827;1
65519;1
53022;1
52996;3
55816;1
47549;1
70831;1
74844;3
60925;1
52184;2
73310;1
59791;1
59790;4
52725;1
66743;1
59582;2
53839;1
75251;2
39158;1
66342;3
65507;1
60937;2
56809;2
80872;1
63780;1
52175;2
56269;1
56063;1
52179;2
62401;1
59571;1
56274;1
76439;1
56846;2
69792;1
56849;1
66355;2
58702;1
67601;1
58703;2
58700;2
59168;1
58701;1
54022;1
79934;2
52975;2
52970;1
60909;2
55830;1
54702;1
79531;9
69986;1
74854;2
69784;1
69981;3
74859;1
55829;1
52981;2
75270;1
56086;8
62028;1
71167;1
74553;1
61646;1
51579;1
75038;1
76201;1
64885;1
66028;1
75802;1
51563;1
62782;1
56338;3
68153;1
69286;1
66703;2
49765;1
57870;1
61251;1
56741;1
57871;1
81691;1
59874;3
56369;2
65945;2
65947;1
59849;4
56756;1
51792;1
57610;5
71383;1
65523;1
56359;1
64284;2
55870;4
72030;1
66918;1
77583;1
57898;1
75838;1
72234;1
71390;1
59857;1
55671;4
72441;1
71128;1
73072;1
60719;5
62066;1
54355;2
56100;1
56103;2
72905;3
77375;1
56108;2
70393;3
77377;1
51529;1
65190;2
61613;1
70794;1
63184;1
61209;2
56504;3
63187;2
62057;2
63189;1
63188;2
61018;1
54758;1
74329;1
60891;1
56709;1
55611;1
65593;1
54360;1
65184;1
61605;1
74531;1
79492;1
65981;2
61023;2
53643;1
64862;1
65567;1
54789;1
66954;1
54782;2
65990;6
56118;1
54779;1
61433;2
54516;1
62974;1
61443;1
54515;1
61448;1
70357;1
70548;1
54512;1
70549;1
67359;4
62296;2
68350;2
58539;4
76276;1
64025;1
64022;2
54521;2
71826;1
75611;2
70569;3
62098;1
62099;1
71830;1
63145;1
55055;1
64229;1
64228;1
54539;3
63376;1
77930;1
63372;1
75627;1
56556;1
71109;1
55070;2
64814;1
57818;1
71612;1
57686;3
57685;1
76883;1
58529;1
51506;1
63393;6
72450;1
57634;2
64636;1
68990;2
56772;5
62933;1
56570;3
62934;1
51729;1
70590;3
50483;2
64256;1
65387;6
57435;1
75649;1
61495;1
71337;1
55299;2
56784;1
62744;1
57124;2
55292;1
77565;2
76036;4
82370;1
58503;1
63103;1
57426;2
51336;1
64262;1
52579;1
71342;2
78168;1
56790;2
62752;1
64233;1
65902;2
46693;1
69464;2
72487;1
45710;1
51739;1
69263;1
69264;2
77153;1
