62360;4
33547;1
78355;2
78356;2
52049;1
75596;2
75597;1
86717;1
71897;1
63924;2
50896;2
69669;1
63920;3
36237;1
50895;5
63919;1
63809;1
63917;1
78352;2
78351;1
52806;1
58893;2
78369;1
86720;1
71881;3
88202;1
62353;1
90623;2
62355;3
62356;3
46662;1
52031;4
34213;1
36243;1
52819;2
52029;4
62342;6
89348;1
50870;5
52836;2
50871;5
75571;1
69648;12
85643;1
50875;3
46674;1
85648;1
63005;1
50878;12
46673;2
69642;4
69640;2
58884;1
58885;4
58887;1
86099;2
63015;2
62332;1
64599;3
79834;3
58871;1
88222;1
50882;3
86703;1
52013;1
63019;7
86705;1
62337;1
79839;1
63906;2
40394;1
36220;1
63909;1
58878;1
71090;2
58879;2
71092;1
40380;1
63853;1
47257;1
63029;1
69625;10
52000;1
63964;3
69624;3
61821;4
63858;1
63020;1
87138;2
46618;1
63024;3
29547;1
87133;1
45203;1
87131;2
76095;2
63849;7
61817;2
61814;3
61818;1
61819;1
63979;1
49319;1
39636;2
63848;2
69635;1
62317;2
62318;1
61835;7
63846;2
46622;1
46623;1
61834;4
63033;2
64576;1
45211;1
50860;2
45210;1
63030;3
64575;2
87121;1
86074;2
59902;9
59907;1
50859;8
59905;2
77608;3
47239;4
61800;1
69602;4
63942;1
77604;2
46630;2
63046;1
78331;1
64562;5
86068;1
79866;3
69606;2
90621;1
58848;6
40361;1
40362;1
39615;2
50840;3
46647;1
63825;2
61812;6
66697;1
63822;6
63955;1
29537;1
52800;1
86054;1
63057;4
64554;1
63053;1
79875;2
89397;1
45231;1
63051;1
63948;7
91176;1
66690;1
61804;12
63817;1
58829;1
49344;1
59958;4
59954;1
80384;1
63062;1
59951;1
80382;1
47290;1
59000;6
43721;1
86796;4
59003;2
63894;1
86044;2
60571;1
63892;2
53579;1
86793;1
48867;2
39666;1
63897;2
49346;1
53573;3
43722;1
49347;3
49349;1
55029;1
66670;1
80376;1
39675;1
59019;1
59017;1
59016;6
86035;1
63074;8
53563;3
39679;1
43739;2
70780;4
48855;1
60586;1
48853;4
53562;1
48852;2
55038;2
58806;1
36292;2
47270;3
49320;1
70746;3
87151;1
63870;3
59021;5
70754;1
66661;1
63984;1
63985;3
53555;5
35734;1
63874;2
63988;1
39647;2
55003;1
43709;1
80358;1
39652;2
52095;6
47261;2
59929;3
59039;1
59038;2
70757;5
60562;4
70761;1
70760;1
53547;3
86012;2
70767;6
86014;1
63994;2
46606;3
52098;2
55018;3
78306;1
53540;6
55015;2
55016;3
60565;2
32044;1
60566;1
30689;1
66654;1
63865;1
47268;1
59994;1
70724;3
52084;1
49382;1
49385;3
85627;2
88239;2
52089;3
60533;2
85626;2
72987;4
36278;1
86004;1
86750;1
32942;1
86753;2
70733;1
59992;2
72195;1
59043;3
59042;9
43041;1
36280;1
52073;1
52071;2
72976;1
68105;6
72973;1
32930;1
32931;1
48819;2
70742;3
48818;1
74497;1
87194;1
59977;2
43031;2
49364;1
53591;2
35771;1
41497;3
39683;1
49367;2
60513;1
33523;1
35772;1
52065;5
39689;1
86736;1
52873;1
66623;1
66626;1
43035;2
72171;2
89303;1
43036;2
72178;2
48809;13
88255;1
87181;1
41482;1
52055;6
60524;1
60523;1
53584;4
72998;1
54197;4
54199;1
74474;1
52888;2
52885;2
72186;1
70723;3
59079;6
65252;2
76105;2
44534;1
65255;1
76100;3
68859;2
72164;2
38544;1
68856;3
82243;2
68029;1
55743;1
68026;3
76911;5
44536;1
54293;1
37491;1
37496;3
42283;1
44545;2
82237;1
44544;1
65242;1
66608;1
66606;1
76924;3
84480;2
37489;1
85086;2
81184;1
85085;1
81187;2
55753;2
76927;1
80416;1
31435;1
44549;2
30611;1
84486;2
76922;1
31437;1
37483;2
38532;1
76918;2
85081;1
60605;5
56648;3
68836;2
59882;1
55728;1
65276;3
38522;1
48796;4
60602;1
68831;1
48793;1
56618;1
56619;1
57742;1
42260;3
65270;8
65272;1
59884;1
59893;2
68846;1
82211;1
74440;1
81169;2
68848;1
65265;1
65263;1
81164;2
65261;5
38500;1
68812;7
55787;6
38504;1
31468;1
84436;1
68819;2
68814;1
41429;1
43769;1
30656;1
55793;5
31478;1
88198;1
41438;1
48780;2
56608;1
80462;1
48783;3
48782;1
43759;1
31449;1
70680;6
83320;1
70681;1
70682;1
48759;2
55767;1
84459;1
83323;1
53501;1
57788;1
41400;1
71910;2
84464;1
53511;1
84460;1
70678;1
42299;1
53517;2
53518;5
70677;3
68806;3
84469;1
57792;1
71908;7
68030;10
80445;1
80446;1
71901;1
50938;1
67491;2
37410;1
77634;1
61750;2
76995;1
71033;1
42201;1
64530;1
81111;1
54219;6
64534;7
51424;1
51423;1
75506;1
51422;2
85013;2
64538;1
51428;2
76999;1
83341;2
50929;1
68094;1
68093;9
68091;4
29584;1
76171;1
40349;1
76177;2
45124;3
45125;1
85009;3
61744;1
34188;1
61746;2
71028;3
61743;1
92700;1
61726;3
29577;1
40315;2
56698;2
68080;1
64511;2
64517;1
85035;1
50922;2
76976;1
61732;2
85037;1
71017;1
61730;1
71942;2
61735;1
85030;1
64512;5
61736;1
85033;1
61715;1
50909;1
71948;1
45143;1
29561;2
84428;1
76981;1
64521;3
64520;1
54209;1
85028;1
76983;1
77644;2
84420;4
71006;1
83373;1
85025;1
67469;2
85023;1
71009;2
71955;1
67464;2
57721;2
57720;1
37450;1
69590;1
65219;1
71961;1
81154;2
67456;1
76954;1
75547;1
61796;2
76956;1
83384;1
82281;1
34137;2
76955;1
46588;1
62396;4
78288;1
76143;1
65215;2
81158;1
44580;1
76130;1
45162;1
40304;1
46570;1
38575;3
37440;3
71069;1
82273;1
65208;1
61784;1
67445;1
64506;22
61781;1
42231;1
71060;1
51470;2
77666;1
76136;5
81149;1
75554;1
56682;2
71065;1
65201;2
77662;2
45192;1
58797;1
38565;2
38561;1
61776;3
68872;10
69576;2
85075;1
65239;1
69579;2
67433;2
77696;2
65236;4
58793;2
81136;1
61771;4
61770;5
62375;4
78294;1
56663;1
56666;1
45187;1
78292;2
85062;1
57714;23
68880;1
57719;1
34127;2
71997;1
67423;1
61765;1
46597;1
71047;1
71046;6
51457;6
71049;1
68887;2
65226;5
82257;1
81129;1
77687;2
65222;2
62388;1
69527;7
69526;5
52141;1
51378;4
52146;1
85528;1
69520;2
75698;1
58094;1
52148;3
58097;6
58099;2
64487;3
71790;2
51375;4
78258;5
89460;1
52949;1
52948;1
79717;4
62215;1
51360;4
78266;5
52963;4
75685;1
64473;1
52964;1
64471;3
52966;1
52967;1
51365;1
58999;5
78261;1
78264;2
48901;3
88317;2
52164;8
71774;1
39704;1
78238;1
52935;3
78239;2
88311;1
39708;1
78232;1
78233;1
51390;1
47332;2
70809;3
69553;1
39712;1
34331;1
33678;1
71764;4
47329;2
52944;6
64498;1
52940;1
64495;2
64494;1
64491;2
64492;1
52939;2
46782;2
35813;1
60473;1
29403;1
39727;1
63713;1
78219;1
79749;2
63715;2
39724;2
50955;1
47357;1
40248;1
59104;5
58967;1
59108;1
60483;4
45118;4
86175;1
86174;1
76894;1
35803;4
44396;1
87224;1
64434;2
46769;3
52924;1
67279;2
46768;2
50962;1
46763;1
39734;1
64439;7
39735;1
46760;2
67271;1
67270;14
67273;5
67272;2
59116;2
78220;1
85586;2
85587;1
46739;1
60495;2
52125;4
63736;1
61944;2
52120;3
50972;1
61943;1
37600;2
47372;2
40265;1
67280;3
47376;1
89497;7
37617;1
86196;3
64450;1
52111;1
47369;1
61952;1
78208;1
63727;1
64459;4
50983;1
63726;5
45906;1
79736;1
67297;10
50979;1
40250;2
67290;1
58978;1
81306;1
58971;5
58017;1
72092;2
87273;1
47395;1
36178;3
60429;4
80243;1
58929;1
39766;3
49208;1
53675;2
43828;1
61055;1
61054;1
35859;2
63750;1
61050;2
86148;1
30791;1
70879;1
87262;1
58911;5
58913;2
80235;1
58914;1
47383;2
36186;1
80231;2
49216;1
46721;2
63747;5
33610;1
66771;1
73950;1
63743;1
60445;3
46720;1
61048;2
43837;1
60442;2
53664;1
43836;1
86131;1
53668;2
33617;1
70888;1
61041;1
70885;2
58945;2
65085;1
59126;1
70889;2
61070;2
65081;3
41355;1
41356;1
49224;1
48982;1
73958;1
58947;3
32137;1
43844;3
60458;3
61073;4
88398;1
68902;8
79764;4
68907;1
86670;2
35879;1
58007;1
58009;1
65094;1
58003;1
58006;1
65090;2
39792;1
35867;1
32145;2
49238;1
46702;1
49236;2
66793;7
79778;1
60462;3
65098;4
65099;1
63763;1
70824;1
90582;3
61092;2
90583;2
80281;2
52996;1
48925;1
89426;2
55816;6
72053;3
33646;1
63791;1
52999;1
70831;6
52184;3
32113;5
52189;1
52992;1
32112;3
59180;4
52188;2
66743;6
59182;6
49252;1
35881;1
80278;1
61081;2
41368;1
59197;1
70843;8
61086;6
59199;3
63780;13
32835;1
36147;2
52175;3
72874;1
35885;2
35886;1
52179;3
32122;1
49262;4
58901;1
72070;1
86126;1
86630;2
89400;3
59168;8
52979;6
86631;11
66769;1
59164;3
48949;1
52975;1
52970;1
85507;1
52972;2
85502;2
86633;1
55830;5
89409;1
66762;3
60415;1
41383;2
52190;2
36162;1
48938;2
55829;2
72084;2
48934;1
85515;1
85516;1
52981;1
60425;1
86119;1
60424;5
38649;3
65920;1
55843;2
38646;1
32876;1
72021;1
74553;1
65155;1
65156;1
56730;2
56735;1
37593;1
54392;1
72019;2
72018;4
72015;1
81284;1
72017;2
65149;1
65145;3
65141;2
57871;1
56741;1
56742;3
56749;1
49289;2
56747;2
72959;4
65139;1
68977;1
55862;1
65945;3
72933;1
68972;1
68971;2
68970;1
82369;2
74575;1
65133;2
32858;1
53606;3
66716;1
65941;1
53604;4
77590;1
45097;2
56756;1
30738;1
72039;1
57890;1
44422;1
77585;1
82354;1
57898;2
83448;1
82301;1
65198;1
65197;1
82306;2
84576;1
84574;1
30766;1
83442;1
30768;1
54357;2
54355;2
54350;1
80313;2
65195;1
65190;1
43863;1
43864;3
70798;1
86694;2
86691;1
70794;3
83452;1
31337;1
53632;3
68920;3
84582;1
61019;1
74529;3
54360;3
65184;1
65181;1
74531;1
84556;2
82325;1
65981;1
61023;1
65178;1
83425;1
30781;1
48897;1
65988;3
68931;6
53640;1
74534;1
80336;2
32060;1
65173;3
41306;1
65174;11
65166;1
31355;2
65990;2
84560;1
54381;2
56722;3
83429;1
82309;4
76081;1
45033;1
67350;1
34272;1
83486;1
37515;4
42307;1
71822;3
69499;5
42309;1
67359;2
77536;1
67353;2
67356;4
62296;2
76088;1
84539;1
77535;1
76850;1
37518;1
62299;2
76070;1
44481;1
44482;2
44483;4
61838;3
45936;1
77528;1
76865;3
67344;1
34289;1
45937;1
67343;4
71830;1
54329;2
76076;1
84547;3
44487;4
77520;1
45029;2
44488;2
45930;1
29448;1
34293;1
57806;1
75619;1
75628;1
83460;1
51303;1
61879;9
76877;1
37539;1
45017;1
84511;2
76874;2
44498;2
64411;1
76052;3
51313;1
77507;2
54344;1
61861;1
51316;2
45955;1
64429;2
84524;1
81225;2
61860;1
77501;8
81223;1
76882;1
84528;1
76054;1
81222;4
51310;2
29491;1
38686;1
68990;1
45070;2
56772;7
77571;1
77575;1
77573;1
76048;1
65112;1
61893;2
65111;1
61891;1
65110;4
62254;2
76049;1
69456;1
76811;41
61895;1
69454;1
76812;2
71863;1
91326;2
91324;1
91321;1
69442;1
38671;1
56784;7
78172;2
65103;1
71870;1
77563;3
77566;1
62265;1
61882;1
45974;2
75653;1
78179;2
76036;3
75656;1
62268;5
77569;1
81241;1
65106;1
75659;1
51336;1
45054;1
56798;1
77556;3
78168;3
44458;2
76831;1
56790;1
62274;8
44452;1
65900;2
76839;1
47404;1
69476;1
65902;3
46693;3
69464;3
65908;1
34262;1
44461;1
57851;1
77543;1
76014;1
51355;1
38699;1
54303;1
69469;3
82394;1
47414;2
51357;3
76019;1
40149;1
58622;1
63607;1
67163;4
50614;1
62568;12
63613;1
47015;7
50613;2
63612;1
52243;2
85467;1
85207;2
85465;1
29305;1
62563;1
52247;2
87361;1
49551;2
67173;1
40135;1
50617;2
71688;1
34412;1
34415;1
50626;2
52234;1
63605;1
46864;2
85476;1
79614;3
87368;1
59212;1
47918;2
85216;1
62550;1
52237;2
56396;1
85471;1
51292;4
40120;1
58607;1
67992;5
79628;1
87354;1
56382;6
51293;1
51299;1
47926;3
59236;1
40941;1
40117;2
40945;1
62536;1
87348;1
64798;1
62534;15
47930;9
87340;1
52215;3
40937;1
78587;1
51287;4
87347;1
50649;1
78593;2
51270;4
70924;1
40953;1
87336;1
51278;3
50651;1
51274;3
78597;5
49508;1
49509;1
69423;1
85427;1
46896;2
71653;1
69426;1
52283;1
85425;1
46899;1
40173;3
71639;3
58658;1
50661;4
50662;1
67964;17
69433;8
52278;3
67963;1
69434;1
71640;1
83182;19
91364;1
86929;2
67181;8
86927;1
67186;2
83979;2
40972;1
70025;2
67957;2
62584;1
62583;1
62582;1
70029;1
84703;1
87312;3
58640;1
89586;1
33327;2
67189;3
71679;1
71677;1
67954;5
34446;1
52266;2
67194;1
58638;2
67198;1
40982;1
67196;2
80196;1
67947;1
62570;1
34430;1
85415;3
50643;1
69417;1
85412;2
50646;1
83992;2
67941;2
68332;1
53374;7
60777;6
88826;1
47989;1
47988;1
50189;1
80929;1
79688;1
90439;1
50185;1
70047;1
70048;8
70972;1
79682;2
80183;1
36034;2
60769;3
80189;2
47095;1
68330;2
53365;3
35547;2
68346;5
47993;1
68348;1
73899;1
80938;1
47997;4
79699;1
89531;1
60780;1
79691;1
47080;1
39472;1
68340;2
47992;2
60755;10
53353;4
60757;15
35530;1
68314;2
60756;1
53357;3
66863;6
39447;1
60753;2
68310;2
60752;1
73860;2
66868;3
50673;1
50672;4
70944;1
70949;2
47079;1
47072;4
60747;3
47073;1
80166;2
47075;2
52296;3
36025;2
46800;2
60766;5
86985;1
53343;1
80910;1
70054;1
60764;5
74237;1
60763;1
78509;1
50689;1
86980;2
50150;3
46806;1
70964;1
46803;1
89554;1
90451;1
70957;1
40194;1
36020;1
40195;1
52292;2
61196;3
78513;1
61195;4
61198;27
79642;3
62520;1
82515;1
78510;2
63651;28
32254;2
39424;1
80967;1
47940;1
73847;1
80970;1
62518;6
80145;1
90480;3
36076;1
39422;1
39423;2
82505;1
90488;1
80142;1
82509;1
88032;1
88047;1
59253;2
46826;2
61188;7
59252;2
63640;1
88048;1
62513;1
35502;1
68301;2
80978;1
78526;1
70071;1
46823;1
49598;1
47041;1
47045;2
47044;2
90474;1
59257;4
53317;1
79665;1
87395;1
70994;4
65894;5
74284;2
65898;1
62503;1
46833;3
65899;8
62506;6
47966;1
63636;4
62500;1
61179;3
39402;2
41692;2
47033;1
41693;1
36052;1
41691;3
80124;1
63629;1
74282;3
61170;2
78542;4
59273;3
79673;3
79675;2
78547;2
80959;1
66069;1
66893;3
70093;3
66892;1
66067;4
66898;1
47027;1
59270;5
63618;4
73826;1
66062;1
74271;1
87381;1
65053;1
37294;1
54490;1
66160;2
92521;3
73934;2
55544;3
82441;1
72367;5
36956;2
43539;3
61146;2
44735;1
76305;1
36953;1
61145;1
65059;8
82442;1
72362;1
43534;1
61141;6
30182;1
41678;2
81988;2
80224;3
66152;6
60811;4
60810;2
84681;1
55554;1
55555;1
36965;1
44748;2
31238;1
55550;1
44745;1
75710;1
66800;2
30893;1
43522;1
82432;1
65047;1
81959;3
65071;2
68282;5
44709;1
66142;7
68287;12
37272;1
61125;5
61126;4
48994;1
65844;1
54479;5
61128;1
44716;1
43514;1
84691;1
84690;1
72344;2
60801;1
61120;1
61122;3
81963;1
84697;1
81969;1
41651;1
66130;4
36099;1
80202;2
35490;1
36095;1
68275;1
54482;3
80205;2
82412;1
65853;3
61130;1
55536;3
60858;1
41620;1
38782;1
77471;1
41626;1
44777;1
76344;1
77479;2
65013;4
65014;3
82487;2
77473;3
44770;2
44773;1
43578;16
57072;2
65824;2
68266;1
60862;7
61104;1
68252;2
60847;2
41634;1
41629;3
76335;1
55518;1
66844;4
44785;3
44784;1
55517;2
57062;8
50144;4
66848;1
65004;1
61118;1
37248;3
39494;1
38762;1
68243;1
57984;1
45880;1
77493;1
82464;1
72387;1
44751;1
57094;3
72380;5
68245;1
66106;1
65806;4
38764;1
35443;1
50113;2
38767;3
35442;2
36972;1
60827;5
39485;1
36980;1
65809;3
68232;3
65808;4
68231;1
41614;1
57992;6
45891;1
76350;2
50120;1
66827;1
43540;1
57990;3
76358;1
74204;1
60833;2
38756;1
30836;1
82452;1
65810;1
43547;1
36985;1
74209;1
64732;2
51227;1
51225;1
67923;4
76389;1
75784;1
67924;7
75783;3
75782;1
54414;1
51223;2
51220;3
58573;1
58574;2
54416;1
51221;2
76383;1
91476;1
57967;1
69350;4
57969;11
37211;1
67201;1
37205;2
64743;1
54421;1
67931;1
64748;3
42472;2
83159;1
67207;5
56440;2
51231;1
51232;2
75792;2
76373;1
58588;2
56448;2
56442;3
57970;1
57971;2
71725;2
71729;1
56449;3
91466;1
75767;1
42469;1
71741;5
51202;1
84613;1
45842;2
44799;1
77458;1
75762;1
83169;2
58558;5
57059;2
57943;4
56416;2
57949;2
71737;2
64727;4
69323;11
64723;3
51213;1
69327;1
84627;1
45855;2
77446;1
67912;1
57951;1
57046;5
58566;4
56425;2
34361;1
31919;1
84631;1
84632;1
81943;1
31263;1
64773;1
84637;1
54454;1
72325;1
31997;1
54451;2
36912;2
57927;1
91431;1
57929;2
67251;1
57926;1
81952;1
84643;3
28613;1
84647;1
28611;1
45838;1
67243;5
61989;12
69388;1
67248;2
69385;1
69386;1
69387;3
31271;1
42421;1
77414;2
84654;2
77413;4
84655;1
77418;2
64758;1
61971;10
75721;11
77416;1
72307;1
67239;1
85271;1
69376;4
91410;2
57013;1
85490;1
58597;6
58598;3
29331;1
64762;3
84668;1
45811;1
56461;1
69367;2
55573;1
30127;1
54442;4
69366;1
67226;9
75736;1
85489;3
85260;1
71709;1
57912;2
50706;2
50707;2
47110;1
40007;1
59348;3
52349;1
64680;2
59340;2
64681;2
78453;2
71595;2
64684;2
51179;11
40808;1
49404;1
49402;13
79508;1
46992;4
67029;1
52342;1
47113;1
47100;1
62409;1
62408;3
46050;1
67030;2
40824;1
51160;2
56492;1
40816;1
34515;1
87462;2
51164;4
34519;1
71583;1
59354;2
62418;2
49414;2
33496;2
67039;3
34513;2
47104;3
46058;2
49422;2
40025;2
40021;1
46086;1
50729;3
87492;1
78437;1
78436;1
62443;1
47136;1
39501;2
52364;2
34544;2
49425;1
78439;1
40011;2
67054;1
67053;2
46077;1
58737;3
46075;3
58736;1
58733;3
58730;1
42521;1
59332;1
78447;1
87483;2
85352;1
78441;1
62431;6
64692;7
62432;8
71568;1
52354;4
62434;1
50744;7
62439;1
84815;3
78490;2
58763;2
59301;1
84817;1
59308;1
78495;1
59307;2
78493;2
80082;2
40045;1
67066;1
86816;5
70141;2
62467;3
78498;3
70148;2
84805;1
31080;2
40869;1
67073;3
46097;1
80079;3
86821;2
52373;1
87428;2
52374;1
50767;1
34557;3
50769;2
70137;4
87424;1
78473;2
78472;1
67086;1
40066;1
67081;3
34589;1
85302;1
50776;7
51159;2
54501;1
54502;2
84800;1
84802;1
87455;4
62481;1
70127;5
78476;1
62487;4
51152;1
51151;1
40827;2
58777;4
50788;2
69313;7
40050;3
86843;1
69315;2
85314;2
50787;1
32301;1
62474;1
70111;1
70188;1
72295;2
79588;1
46914;4
86852;1
50794;1
53473;1
60633;6
60630;1
39567;1
63558;4
70186;4
39569;3
70187;2
32350;1
80048;1
60626;7
47193;2
39560;1
40892;1
47195;1
49488;1
80045;1
40896;2
90341;1
47192;3
72290;2
63540;1
66976;1
70177;4
73751;3
50033;2
68208;9
66970;2
33413;1
86867;2
86866;1
36773;1
50039;1
53462;1
53464;5
73753;4
53465;1
63547;1
70174;1
66973;2
47187;2
39572;1
47183;1
49490;1
53499;1
73765;1
46003;2
39586;1
39585;1
80060;1
40877;1
74372;5
63561;1
86882;1
50051;2
63562;1
38906;2
88125;1
66992;1
50059;2
39594;1
88929;1
39592;3
79570;1
39528;1
46954;6
65779;1
46952;1
63513;3
53434;1
47158;1
53433;2
50085;1
79544;1
88962;2
65770;2
82614;1
46956;2
88172;1
61291;3
50082;1
90388;1
46020;1
49442;1
49444;3
38026;3
63504;1
88958;1
35601;2
38924;1
46016;1
46015;2
61287;3
59393;1
60681;1
88185;1
38011;4
46012;1
62401;2
47179;1
60699;3
65795;2
82633;1
38939;18
58703;1
58700;2
82629;3
65790;3
58701;3
88150;2
90362;9
58708;1
49460;1
46045;2
46042;6
80008;1
47168;3
53444;2
78407;1
89618;1
70193;1
63528;2
65786;1
46945;1
79534;1
79531;14
53446;2
53449;1
82639;2
47163;3
63519;2
41586;1
80015;1
38059;1
38054;2
72222;2
61240;1
76204;1
36816;1
36815;1
76201;1
76208;1
68168;1
55641;1
66028;1
38956;1
76209;1
43637;2
68151;4
69286;4
38064;2
88091;1
88098;1
43621;2
66905;1
61251;4
83219;1
72210;1
30042;1
72211;1
43620;1
82537;1
75024;3
72218;3
43625;1
75815;1
44606;1
68185;1
68181;2
66907;1
88087;3
81859;1
90278;1
44610;1
84796;1
53408;2
43653;1
43654;1
75012;1
72242;2
82565;1
44617;1
60700;7
75827;2
82562;3
75018;1
55661;1
68174;9
66919;16
77381;2
66918;9
88074;1
53413;1
36849;1
77387;1
77385;1
53419;1
65752;1
66926;2
72234;4
65756;2
36842;1
55675;1
38049;1
74309;2
38986;1
44627;1
55671;4
38095;1
66929;1
60717;2
68122;1
38880;2
38098;1
61202;1
44635;1
68127;2
76243;1
77375;1
77378;1
30079;3
66935;1
37341;2
56507;1
61215;6
74329;3
55611;3
61217;1
82571;2
45772;1
76232;4
82574;1
45773;2
72254;2
81047;1
61210;2
74323;1
77368;3
45778;1
74322;1
79491;3
79492;6
77351;3
38071;1
56510;2
81076;1
65702;1
60745;1
68147;3
36878;1
68146;2
72284;1
76225;2
76226;2
76223;2
61222;5
44650;1
43696;2
45783;1
72285;1
77354;1
56527;1
50026;2
38899;9
61239;2
36886;1
30977;1
68134;2
76212;1
79487;1
30970;1
45799;3
55639;1
43681;1
72275;1
44662;1
77343;1
50023;2
57184;3
77332;3
62494;10
42588;1
54516;3
54515;3
77331;4
44676;1
71625;1
71624;1
37312;2
83281;1
30922;2
54512;5
69217;1
30918;1
58679;1
62490;1
84728;2
76276;7
44684;2
57160;1
77323;1
42572;1
58680;1
29249;1
64604;1
69206;1
37304;1
30913;2
54521;2
64601;9
71627;1
57167;1
57153;4
44693;1
81032;1
69234;6
69233;4
37332;2
76260;1
56556;3
84707;4
56554;1
78398;1
84722;1
78399;2
31196;1
54546;2
77305;2
37329;1
45759;1
30930;1
83276;1
64626;3
56567;2
29266;1
56563;1
56564;1
50801;1
54550;1
84772;1
67111;1
42547;1
64636;5
42541;1
85375;1
54559;5
83249;1
83247;1
56570;3
40900;1
85145;1
42538;2
64648;2
85141;1
83250;1
52306;8
42533;1
85364;4
57121;1
75069;1
57124;1
56586;1
75061;1
45707;1
91549;4
33399;1
50823;5
75867;1
72205;2
84751;5
29239;1
56593;1
52316;1
85396;1
84754;1
56590;1
42563;1
31144;2
56599;2
56598;2
57115;6
29237;3
45718;2
50810;1
69267;2
45713;2
67126;1
36805;1
85128;1
84766;1
85126;1
45710;3
75045;1
29220;1
85380;1
57103;1
69263;4
69264;5
91540;1
50809;2
62915;1
73607;1
69122;1
80744;1
37097;1
29026;1
37092;5
77191;1
77197;1
57249;2
82763;1
70305;33
75990;1
75186;1
82761;1
28834;1
59495;1
59491;1
46156;1
73610;1
63402;1
69124;1
69128;1
69129;2
78768;1
37087;2
29038;1
77183;1
58353;13
84898;1
84894;1
66203;1
68532;1
75988;1
78757;1
63417;2
62911;1
66201;3
55493;1
69144;7
33020;1
80722;1
55492;1
69140;1
75160;3
78780;2
82745;1
28858;1
84887;1
82744;1
78788;1
68523;1
80717;2
80718;1
75976;1
52441;2
69151;6
37060;1
43471;1
84875;1
57230;1
58370;1
52438;2
75177;1
67795;1
88606;1
67794;2
69158;3
84870;1
53907;4
33080;1
55472;1
68583;1
68585;3
73653;2
71512;1
51900;1
84860;1
63447;3
63449;8
36675;1
73658;1
84869;3
86471;2
63441;3
53127;1
53911;1
74015;1
40754;1
51908;4
33094;2
41033;1
68571;1
41031;1
53137;1
78719;1
74028;1
73642;2
63457;12
36688;2
55467;1
78714;3
78715;4
46127;1
35310;1
78711;5
78712;1
57297;1
63453;7
84837;1
41009;1
68561;2
84051;1
74767;1
53103;1
53930;1
78741;1
29933;1
63422;2
84844;1
53109;1
50396;1
78743;2
90222;1
40774;1
58336;1
41019;1
84826;1
68550;2
69111;1
40770;2
53110;1
86469;1
53118;2
29923;1
78730;1
74001;2
74000;1
86467;1
86465;1
46109;2
29999;1
44862;1
41061;1
75106;4
41060;1
75912;1
75907;1
66271;1
66274;8
47682;1
47684;2
56199;4
59416;3
41856;1
59412;7
75111;1
54624;2
83766;1
41838;1
54627;1
40707;1
67738;3
44851;1
60174;1
49917;1
73686;2
67734;15
60178;3
75116;2
74738;2
55424;1
59407;3
81619;1
59401;1
55419;1
44843;1
53149;1
44077;1
76573;1
67708;3
53978;2
76572;1
37743;1
87549;2
73678;1
66257;3
53973;4
53146;1
83750;1
41044;1
47660;3
47661;2
39263;1
59437;1
29974;1
44072;3
81600;1
30277;1
76588;1
54602;1
67717;2
56181;1
83745;1
74716;1
53153;3
37755;1
74713;2
32434;1
44837;1
73665;1
60158;1
73667;1
44834;2
44833;1
41055;1
39276;1
29094;1
80792;1
53151;2
53150;1
41863;1
59425;2
59428;8
69169;5
67767;3
53992;2
49942;1
66231;3
75142;1
75143;1
79249;1
43440;1
81678;2
79244;2
59455;1
59458;1
59457;1
80783;3
75942;1
76569;1
89718;1
66244;2
66243;1
60138;2
42636;1
66242;1
56161;1
59440;2
43455;1
67779;1
56164;1
79257;6
81668;2
92440;6
58399;1
39294;1
79250;1
66240;5
38178;2
69176;1
53188;2
67741;1
65635;5
32400;1
31778;1
80759;5
41083;1
44889;1
67745;1
76535;3
49922;9
75123;2
67749;2
66217;1
44886;1
67747;1
44887;1
87587;1
59477;3
56138;1
79262;1
41085;1
53183;1
53181;5
46170;1
66223;1
75923;2
49930;4
41091;2
38159;2
67752;2
49932;1
37796;1
65624;1
42614;3
67754;2
60112;1
65627;1
66225;45
80747;1
49937;1
67757;1
44876;1
76545;1
81642;1
44043;2
81636;1
69197;3
69198;1
69196;6
80750;1
76523;3
64199;7
51087;3
81584;1
47733;2
67004;3
81580;2
76529;4
50300;3
38139;1
72558;3
54690;1
56237;2
51092;1
72560;1
81597;1
34608;1
72564;1
54697;3
67012;3
65659;1
54696;5
81594;1
76514;1
49851;1
38113;1
48273;1
79351;1
56227;2
44121;2
65665;2
44125;1
42650;1
47719;1
49859;3
44129;1
54684;1
49856;1
81560;2
71486;1
76507;1
89739;10
49853;2
72532;1
48394;8
48393;2
48286;1
79341;1
71496;1
42663;1
51883;6
42665;1
44117;1
81579;2
44114;1
71490;5
49845;3
34622;1
42667;2
51884;9
42668;1
47700;4
56202;1
72508;2
48383;2
39210;2
61305;5
61307;12
44812;1
70294;3
48259;4
64980;6
70299;1
45631;1
87534;1
92394;1
48370;7
39200;6
48375;2
61316;1
60997;4
64979;2
47762;1
87528;1
39204;1
64163;1
65693;1
83855;1
89784;1
64171;1
59501;5
49895;1
47752;1
64967;1
54643;6
64966;2
66188;1
54644;6
79318;1
37832;1
37831;1
66189;5
83822;1
60192;2
77201;1
77200;1
45612;1
60196;5
64176;2
31058;1
62891;2
92372;1
64184;8
31040;2
59510;6
39221;3
64949;2
59519;1
89768;1
47743;1
70283;1
47741;1
79307;1
87504;1
77212;2
54636;2
64950;4
64185;24
31046;1
77213;1
89766;2
63497;1
64111;4
61340;2
50382;1
77222;1
46208;1
51003;3
64940;6
64941;2
71422;1
51007;2
62879;1
48217;1
64118;1
46207;1
64945;4
34678;1
84002;1
68493;5
68496;16
68492;1
45670;1
63490;2
50372;4
77236;1
70266;1
77237;1
50370;2
64120;3
88694;1
45664;3
37015;2
71433;2
51018;1
77239;1
34687;3
71435;1
62884;3
51824;3
36755;2
48227;1
51818;1
58407;1
63480;6
64134;5
88684;1
51025;3
51022;1
70237;4
64130;3
63474;10
64132;6
36745;1
86428;1
68478;1
48327;5
62854;8
51028;1
62855;11
64921;2
62858;3
51027;1
51807;2
64147;3
88672;1
45642;2
50354;2
78701;1
77255;2
88677;1
84014;1
68489;1
78707;2
51801;1
86419;2
36735;2
84012;1
51802;1
45648;1
50359;6
36732;1
62868;2
61338;1
64911;1
51038;1
61339;1
71409;1
64905;8
58429;1
84914;2
58421;1
84915;2
48304;8
52450;1
51875;1
48302;1
50347;1
62830;1
86408;1
62832;1
61388;6
61389;1
52459;1
82677;1
61382;1
50341;2
51046;3
51870;1
77260;6
37042;1
37045;2
62846;4
52460;2
82681;1
88657;2
52465;1
51869;4
88655;2
52469;4
51058;2
77273;1
37051;1
35263;1
34654;4
50322;1
62812;2
50324;1
50320;1
52478;5
34659;1
77285;2
57316;1
37020;1
62820;1
34667;1
64108;5
35246;1
71454;2
64107;14
72586;1
77297;1
51077;4
71452;1
70200;5
51073;1
77295;1
45680;1
37031;1
51839;1
78660;1
52561;2
85930;1
52560;1
33147;3
68405;1
85932;1
55377;2
88713;1
52563;1
68401;3
69026;1
70400;2
75289;2
78661;1
77981;1
69938;5
78666;2
58499;1
75294;1
77081;4
69031;1
85921;1
80827;1
55364;5
69037;1
85922;1
52553;4
88725;2
77994;2
82854;2
77995;9
58490;1
84994;1
52557;3
77990;4
78654;1
82852;1
82851;1
84998;4
57365;2
77076;1
40681;2
52543;1
66314;1
69005;5
30346;1
68423;1
88735;2
88734;1
69950;1
85953;1
78645;4
77078;1
90932;1
88733;1
53206;1
57379;1
74183;1
40676;1
90123;3
77062;1
58477;1
58476;1
69010;1
85939;1
80852;1
69013;3
52531;3
66320;1
53210;4
85940;1
82870;1
74690;1
74691;1
82871;2
66327;1
48507;2
70411;6
73507;5
84171;1
76490;1
58468;2
57389;1
52524;1
86572;1
74114;2
50274;1
58463;1
84172;1
46215;2
46218;1
36535;1
63302;1
84178;2
35404;1
33190;2
52508;2
43391;1
74125;3
52512;2
52513;1
74630;2
86582;2
84956;2
57392;11
84957;1
58452;1
86585;3
84954;5
58451;4
30351;1
74637;1
36544;1
36543;1
74633;1
53234;1
85967;1
74634;6
36550;1
73529;1
36551;1
68461;1
81703;1
58443;2
50297;1
84989;1
74131;1
63321;1
84984;1
35428;2
73530;1
50295;1
63325;1
55355;1
73533;1
78607;8
53246;1
69911;1
35420;2
78604;1
85997;1
40630;3
68450;1
82826;1
74142;1
80808;1
74651;1
81700;1
74653;1
74655;1
63337;3
68456;5
80802;2
68453;1
80800;1
68459;1
80805;1
88707;2
68458;1
37620;1
47788;3
60977;1
37622;3
83086;2
75205;1
60971;12
60049;6
83871;1
73554;2
76457;1
67826;3
76456;1
73550;4
56290;1
76453;1
81730;1
67827;1
40621;2
41755;1
39381;1
41759;2
53261;2
83080;1
37633;1
53274;1
83860;2
37638;2
67833;4
37636;1
40608;1
67839;1
76461;1
83866;1
81718;1
81719;1
59548;1
47793;4
47792;4
53271;1
83891;2
53288;1
83892;3
54731;1
37643;1
60952;1
66398;5
60061;2
55319;1
54734;5
83894;1
81755;1
67846;1
29876;1
74620;2
69080;1
29870;1
69082;1
37641;1
60947;3
53280;1
66391;1
69089;8
67854;6
73569;1
37656;1
83073;1
44971;1
59520;1
73560;1
32537;2
76485;3
87695;1
87692;1
41727;1
41726;1
37651;1
83070;2
74608;1
53294;2
60957;1
69094;1
69099;1
69098;10
76410;1
75246;2
74199;1
75247;1
73590;1
60930;4
65515;1
67860;5
89805;1
65519;4
69066;2
80884;2
46296;2
38287;1
69063;1
60925;8
69064;2
41799;4
79382;1
79381;1
79398;1
73584;2
76422;3
32519;1
32514;1
69969;2
89025;1
78699;2
66342;2
73589;3
67876;7
67877;8
60937;1
69074;1
37674;1
80872;1
89020;1
56269;2
89022;5
48191;2
81759;1
59574;1
42762;1
76434;1
32508;1
60020;1
78684;2
79368;4
81798;1
59571;1
56274;2
69994;2
92306;1
81790;1
66355;2
37688;1
66351;2
69990;1
69044;5
60909;1
78679;1
81785;1
54702;2
42752;2
78675;1
76446;1
67898;7
66367;1
73015;3
73016;1
69986;3
69052;1
41763;2
67890;1
37690;1
81779;1
29197;1
41765;1
75270;1
89859;5
72414;1
31849;1
47833;1
92219;1
51775;1
64889;2
71368;8
34739;4
64885;2
79479;1
65544;2
34738;1
83017;2
79462;3
79463;2
56338;10
39300;2
91773;2
48165;1
39305;1
81691;1
64878;1
79469;1
65554;5
83910;1
89840;1
79464;1
71370;2
65551;4
83006;1
65550;5
56369;3
83915;2
56367;1
48173;3
49993;4
51798;1
71389;3
47851;2
76404;2
31863;1
76401;1
56361;2
34715;1
71381;3
72430;1
51792;1
71383;1
79457;3
38260;1
91799;1
48183;1
51787;3
87601;5
72449;2
65530;1
79443;1
51780;2
64893;3
79447;1
65533;1
89861;1
71394;2
73072;4
64050;2
83937;1
65588;1
39359;2
47872;1
48114;3
70393;11
48116;1
44913;1
70390;1
38201;1
66294;2
92255;1
59637;2
65590;3
64063;1
73060;2
60081;1
34708;1
64069;1
64068;1
34706;2
54758;1
60891;2
44920;1
60086;1
65593;4
87628;3
60894;2
37701;3
38203;1
48131;1
60092;1
73092;3
83961;1
65560;4
65561;2
60881;1
67813;1
64862;3
60095;7
87654;3
54789;6
54786;1
64866;1
79417;1
64865;3
83031;4
44939;1
61421;1
45517;2
39337;1
54782;8
67810;13
37734;1
61423;1
60884;1
83034;1
39338;2
38223;2
48498;2
56313;1
83028;1
45502;3
64047;8
54779;1
65575;1
64852;1
44949;1
79406;1
61439;3
87647;1
79407;2
64853;2
64856;1
64855;1
64858;2
61434;10
45505;1
37723;1
61433;8
62974;5
61443;3
86546;1
64017;1
61447;9
86541;2
70357;2
84147;1
50240;1
86540;1
51949;1
68350;2
68353;6
62985;1
48437;1
61454;1
36610;4
86534;1
86532;1
77135;1
64025;2
70364;1
84139;1
45525;1
64022;2
88796;2
70365;1
77138;2
84137;1
64020;2
58546;3
88791;1
90094;1
48432;1
90093;1
36641;1
77109;1
71305;1
64825;2
34799;1
63376;1
62990;1
63372;1
77102;3
33217;2
90089;1
64817;1
57419;1
51709;2
46316;1
77926;1
91701;2
51700;4
77921;1
46312;1
64815;3
64816;1
48104;1
51703;1
61479;3
84110;7
64000;1
61473;2
70387;2
70388;7
51920;1
50253;1
86552;1
71308;2
58529;1
90946;1
61481;1
63393;4
72450;2
82775;1
71320;1
82772;1
45575;2
77953;2
88766;2
77951;1
48408;3
51736;3
91719;2
71325;2
48404;1
62933;2
34774;1
77959;1
34771;1
33236;5
62934;3
37144;1
51729;3
51727;1
57435;7
51988;2
77177;1
90959;1
51987;3
71330;3
61492;1
82785;2
63383;13
82786;1
90955;1
63389;1
51985;1
70322;5
61499;3
71337;7
62940;1
34789;1
77948;1
51722;2
62936;25
62937;5
37151;1
58504;1
90960;2
57427;5
52579;4
47818;1
70331;6
71341;2
71342;1
72475;1
48425;1
71345;2
71344;1
34755;1
77978;1
71348;3
37164;1
35396;3
62960;1
77962;1
47808;1
72486;1
48412;1
52583;1
71358;3
33242;1
86519;1
51960;1
86516;1
52587;1
77967;1
51739;6
86509;1
37176;3
48410;1
91753;1
46357;1
55237;3
54103;4
54102;1
84272;3
85876;1
70502;1
78965;1
43289;1
82014;1
43287;1
63200;5
52624;2
40518;1
63201;1
52621;1
79081;1
73400;1
32692;1
63215;3
78955;1
55953;2
55229;14
52616;1
55959;1
40507;1
43297;1
43298;1
40517;1
46363;1
49143;1
43912;1
43911;1
33775;1
46335;1
36417;2
55927;1
52643;2
85851;1
43267;1
86213;1
85850;2
82938;1
85849;1
41241;1
40540;1
49133;1
85842;1
78979;1
85841;1
46347;1
55930;1
36427;4
74997;1
36426;4
82930;1
43277;3
41259;2
68793;2
67594;2
67593;1
69838;2
70546;1
77883;1
57481;1
86279;1
90816;1
57484;2
68783;17
60344;1
68786;7
49119;2
60349;4
48612;2
69835;3
49113;2
46391;4
46397;1
57486;1
58128;3
40569;3
57488;2
58125;1
57492;2
78996;1
52659;2
82069;1
55912;1
55914;1
78994;3
52657;4
85823;1
48626;3
60335;4
68778;1
68776;1
85819;1
55909;4
45390;1
58115;1
82988;2
66417;1
83599;1
67548;2
45368;1
30441;1
66416;1
86255;1
64301;4
45366;1
55255;1
77866;3
82071;1
67546;2
85808;1
45361;2
57466;1
57467;5
66426;2
69808;1
83588;2
52678;2
86266;2
43943;1
67553;5
69800;1
68756;1
69801;2
66420;3
68754;1
83582;1
60311;26
43947;1
67557;10
48605;10
46384;4
45374;2
82969;1
79001;1
54807;1
29794;1
58169;2
39041;1
75381;1
39043;1
39048;3
39873;2
67524;1
47487;3
67522;2
43205;1
74947;2
58166;1
68748;1
73497;6
53756;1
49706;1
81435;1
67526;5
83577;1
73496;4
56994;2
56993;1
48090;2
81419;1
58157;1
80531;1
31546;1
54178;5
74930;2
66488;2
54820;1
67532;1
66484;2
54823;2
75394;1
69869;1
49717;1
42166;1
42165;4
86290;1
81409;1
48088;1
47462;1
39850;1
47463;6
36497;1
74918;2
53771;7
68722;6
74924;1
47467;1
53773;2
76778;1
75365;1
83553;1
76773;2
76774;2
67508;1
47475;1
38394;1
39079;3
56977;1
39849;2
68713;8
74911;2
69842;6
66469;2
60354;1
80506;1
39842;1
53763;2
79035;2
58173;2
75374;1
73113;1
69847;1
89146;3
33791;1
72836;2
80587;1
53707;4
59656;2
31595;2
54856;5
53715;1
29758;1
68707;1
73458;8
39007;7
47443;1
39837;3
54146;4
54850;1
56957;1
80575;1
47452;1
82904;1
56953;1
79052;1
53703;2
54868;2
75350;2
82911;2
89912;1
72835;1
32653;2
54137;1
47458;1
69890;3
72815;1
41283;2
39026;5
74959;1
56946;1
41288;3
80560;1
79062;1
83506;1
56942;1
56943;1
75321;1
52601;1
87784;3
39817;1
54834;5
59674;1
52605;1
85898;1
66495;1
66496;1
47428;1
54124;1
74969;1
66498;1
85897;1
47422;2
53730;1
66499;2
80558;2
41280;1
69882;1
80556;1
72808;4
72809;2
79072;1
83501;1
62102;8
89101;1
39809;1
60391;5
39807;2
60390;1
37996;1
73427;1
39802;2
62103;9
73424;3
75318;1
47535;3
81384;1
76724;2
38339;1
62169;1
72757;1
61545;2
39906;1
65443;2
39908;2
59720;8
80494;2
59726;1
49672;1
39915;1
81393;1
49667;4
81395;1
72764;2
54897;4
75306;4
61553;4
61554;1
87765;1
54898;5
62150;1
48025;2
49660;1
44328;1
54882;1
61521;8
61522;5
61525;1
72731;1
47515;1
76704;1
62657;2
51693;1
87751;1
87754;1
81364;1
34813;2
73197;3
65463;1
51691;1
91098;1
80472;3
80470;1
80477;1
49647;2
62139;5
48004;7
38326;1
48599;2
87745;1
71297;3
81375;1
71298;11
71295;1
65477;1
71293;1
73186;2
42096;1
59754;1
59753;2
59752;1
48597;1
56900;2
61528;8
71261;1
73173;1
81346;1
56000;2
72791;4
35961;1
51677;1
48059;2
72799;4
54099;1
50539;2
35077;1
56007;1
89040;1
34848;1
53799;1
49629;3
73164;1
81353;1
81354;1
44377;1
71274;4
65410;9
34849;2
53790;1
61513;1
76756;2
50535;1
76755;1
38382;1
38383;3
61508;8
38388;2
61507;1
89055;1
62185;5
81321;1
62695;2
62189;1
50526;2
35986;5
54077;1
91879;1
38357;1
65425;1
54071;2
59705;1
54075;1
62182;1
89078;1
62175;4
65434;2
51641;3
65432;1
81334;1
72783;1
81335;1
49609;4
50514;4
50513;3
54089;3
50516;3
71259;1
76738;1
72785;1
71256;1
48041;1
54081;2
91897;2
91891;1
54086;1
50509;2
59713;1
77021;1
57575;3
78000;1
57576;1
91033;1
52693;1
51632;6
48549;1
35922;1
52694;2
35921;2
34875;2
35924;1
77853;1
77025;1
78007;1
77024;2
50584;5
70457;2
63297;1
57567;1
51619;1
85910;2
91869;1
71237;1
51625;2
64320;13
77037;1
77033;1
63286;1
77036;2
64321;5
91010;2
84220;1
48527;2
84222;1
34896;2
77833;1
35014;1
77839;1
50566;2
64330;1
78023;1
48529;1
55176;1
71216;4
48516;1
50558;2
78907;1
50555;4
78017;2
78019;2
84218;3
64341;2
70441;3
48518;2
77820;1
78909;3
90895;3
65482;6
57533;1
90888;1
88468;1
70496;7
64353;1
64354;3
78910;1
64355;1
78914;1
36520;2
46447;2
55994;2
36522;1
78911;1
55992;7
77814;1
46445;2
78919;2
57528;1
57526;1
88450;2
92196;1
91062;1
49194;1
63245;2
65494;4
61596;4
90899;1
65496;5
88452;1
78921;2
61592;3
84230;1
36511;2
38307;1
91827;1
49160;1
91054;1
64370;1
77002;1
78932;5
70478;1
88446;1
64373;2
70477;1
43198;1
90867;1
77005;5
36502;3
84263;2
48550;1
48553;2
91042;1
55965;2
78943;1
55967;4
64385;1
61571;5
64386;1
78949;1
61575;1
62620;10
84253;2
91800;1
55964;1
77788;1
86332;3
52768;1
53815;1
46459;2
28938;1
68685;3
68683;1
41957;1
58229;2
78096;1
28948;3
53800;2
78851;2
52757;1
36302;1
86347;4
85726;1
36304;2
52752;1
36305;1
40415;2
45290;1
55118;5
66515;1
86352;1
66514;1
43165;1
53000;1
46470;1
42916;1
40407;1
70618;6
58201;2
48709;1
52736;1
55109;1
70612;1
66526;1
86364;1
86361;2
53017;1
53016;5
66522;2
85747;2
33861;2
53014;1
55102;2
86369;1
49029;1
68690;1
46480;1
46481;1
49023;2
49020;3
68691;3
70609;3
78081;1
66530;4
55138;3
48715;1
55133;3
67667;8
30564;1
77743;3
45248;2
67669;1
66539;3
66536;3
30563;1
58262;3
45249;5
45245;1
57589;4
78050;1
41910;1
46493;2
36346;2
77756;2
67677;1
78897;1
28985;1
68637;3
40456;1
58256;1
78063;3
67671;1
85713;1
80613;3
55156;1
52784;1
82172;1
52782;1
85716;1
80616;1
36356;1
68666;3
62802;1
48730;1
78888;1
69715;2
70664;3
33837;1
70661;1
45260;2
36352;1
55153;1
67699;1
55145;2
82185;1
60215;1
80606;1
36367;1
80607;1
66564;1
69703;1
60217;7
28963;1
68659;2
78870;1
60210;8
78044;1
58234;1
41115;2
40430;1
40431;1
54040;4
53061;1
56866;1
75481;1
81529;1
67627;9
79147;1
79992;6
81533;1
42016;1
79999;1
54910;5
60249;3
74801;1
68601;15
49803;1
83671;1
49802;1
80631;1
54030;1
47592;2
47590;7
75492;2
75491;1
81516;1
56023;1
67636;3
32759;1
76664;1
75496;1
73233;1
54922;1
60237;1
54038;5
49812;4
53079;4
67633;9
60234;6
54034;2
36398;2
54060;1
80665;2
56036;1
54928;1
76672;1
81554;1
44177;1
31671;2
73245;1
58285;2
49829;4
58284;3
67647;2
79970;2
74820;2
53873;3
49826;1
54067;1
39996;1
49823;1
53872;1
60269;3
69756;1
66595;2
54930;1
74823;1
68622;1
53087;2
53094;1
79133;3
58278;1
42992;2
60250;1
54943;4
79963;1
76682;2
54944;1
58271;2
53864;3
49839;26
60254;4
76688;1
39988;1
54054;3
67650;1
42996;1
69747;2
74812;2
59797;4
56822;3
44191;1
56056;1
56058;2
56827;2
41167;1
69777;2
53020;1
54950;2
47549;4
47548;1
73316;2
54001;2
72700;3
59791;1
31694;1
82113;2
52725;7
76692;13
41985;1
59787;2
39150;2
59786;2
42060;1
39157;1
80677;1
56815;1
56813;2
74837;1
69767;1
41170;1
56809;2
53842;1
39927;1
85762;1
60270;1
79166;1
59777;2
53041;2
41971;1
56846;7
56849;2
69792;10
41186;1
41185;1
72724;4
67601;1
53830;1
74866;1
54022;4
53047;2
79939;3
74869;2
79934;3
54026;4
89213;1
67608;4
89211;1
81513;1
59763;3
83638;1
56831;1
56837;2
39137;1
89207;1
67610;3
53058;1
69784;7
54012;4
41194;2
54983;1
85786;1
34103;1
39948;1
74859;1
53055;2
72710;1
54987;1
60294;3
82104;1
29627;1
67618;1
75471;1
67615;6
83641;2
42089;1
67616;1
34938;1
81487;1
51572;3
44200;2
59861;5
75410;2
87982;1
64297;2
81489;1
47631;1
62776;7
62029;1
47633;1
62028;3
51577;9
75417;2
61646;1
51579;2
37952;3
51578;2
49774;2
80596;1
80595;1
59866;1
92022;1
90792;9
62010;14
51563;1
87863;1
34948;1
65355;2
71174;1
62782;2
87860;2
34947;1
75401;2
47621;2
37944;2
47620;1
49765;6
37940;3
59874;1
83705;2
59873;2
62795;2
71182;2
34912;1
62792;3
62041;4
62043;3
64277;1
75439;2
65327;1
47658;5
37974;1
72630;1
59849;1
49792;2
38450;1
57614;6
59840;1
64272;1
64284;5
71192;1
72640;1
37964;1
51587;1
61676;1
47643;1
61675;2
38460;1
49780;1
49784;1
59853;3
92032;1
59857;1
65309;3
71128;4
51537;1
49737;1
87838;1
50403;5
38479;1
72655;2
87833;1
61603;1
65301;2
81441;1
63196;4
62065;1
71121;3
87831;1
62066;3
87044;1
63199;3
56100;3
56103;3
59825;3
63191;3
63192;2
56108;3
35174;2
35173;1
51529;2
31612;1
51528;2
49724;3
62059;1
65318;2
61615;3
61614;1
76619;2
61613;1
38489;1
76618;1
63184;2
71132;4
63187;2
62052;3
63189;4
62057;1
81456;1
63188;1
73263;1
76611;4
34030;1
61605;4
61606;1
38486;1
59837;1
61623;3
71145;4
51556;1
34950;2
37930;1
50421;1
71149;1
49759;1
50426;1
34954;1
62088;2
34956;1
44269;2
56121;3
44264;1
62080;1
44262;2
35190;1
59803;2
59805;1
38494;4
49751;1
61618;1
74902;2
50411;2
72686;2
34056;2
76636;1
49748;4
61630;2
76631;1
71151;1
81479;1
79200;4
79203;1
87038;1
47607;1
87037;1
62074;2
56118;2
56117;3
87030;1
34053;2
61628;4
78142;1
70548;1
63152;2
88520;1
50441;1
45338;1
77714;2
48647;1
77712;1
46504;1
48643;1
48642;4
50429;1
49098;2
49093;5
57663;2
63143;3
70566;1
62098;6
70569;11
62099;1
45324;1
63145;19
84332;1
55055;1
88515;2
64229;3
35126;1
50435;1
64228;1
64227;1
62701;1
87918;1
63172;2
45352;2
57696;1
57694;1
63175;1
78127;1
70577;1
35156;1
35159;1
71102;1
48664;2
88549;1
46520;3
77736;1
62711;7
87920;1
71109;1
91996;2
55070;3
63161;1
77722;5
64203;2
70588;1
71111;1
46516;3
50451;3
64207;1
35147;1
87938;1
35146;1
64204;3
51506;4
70583;5
77726;2
43074;2
92063;1
92062;1
49041;1
62730;6
70590;3
46547;1
46549;6
50483;2
88562;1
65388;2
88561;2
65387;5
78103;1
88566;1
65384;12
65392;1
58304;2
58301;1
55095;1
84377;1
46531;1
78823;1
48677;2
62746;4
63103;2
65396;1
90756;3
64262;1
57653;1
57654;1
49064;1
64237;4
35114;1
86327;1
62752;2
46564;1
88589;1
43098;1
88587;2
64233;2
63132;1
45311;1
64236;1
57647;1
65372;4
49075;1
48691;1
38422;4
35103;1
48697;3
78801;1
64248;1
50499;2
86315;1
50498;7
78806;3
35107;4
78805;1
78808;1
65374;1
88577;1
65375;1
84356;1
88572;1
50496;1
64244;1
59574;1
61118;1
52771;1
51227;1
54254;1
53896;1
56193;2
54396;1
54100;3
54493;1
59951;5
52621;1
54417;2
52949;1
54499;2
55376;1
53579;1
56430;2
53806;1
53896;1
55222;1
60614;1
53462;1
52037;1
55959;1
55958;1
55424;4
58589;1
58588;3
54036;2
53666;2
55057;1
57350;1
60586;7
53085;2
59882;1
61070;1
56224;7
54533;3
51691;1
53770;2
53695;1
56691;1
52926;2
54687;2
58007;4
52155;1
55403;1
54287;1
58278;4
55173;1
54344;1
61069;1
52937;1
53419;1
56567;1
59858;2
56563;2
53215;1
56622;2
53216;1
54550;1
56822;3
54458;3
52000;2
52453;1
54557;1
54455;3
53526;1
52084;1
55472;1
52524;2
56156;1
51138;1
61306;4
55818;1
55811;1
58462;5
58463;1
56006;2
60079;1
56054;1
53128;1
53127;2
52994;1
59108;2
52206;1
60848;1
53423;1
59441;4
56582;3
57065;3
55518;5
56894;1
60711;1
51472;2
58595;2
56510;5
56327;1
54579;3
54075;3
54500;2
52873;3
54072;2
57316;2
59770;1
53934;3
52266;1
52771;8
57647;2
60215;1
56284;1
56143;1
52583;1
53449;2
53110;2
53725;2
54984;1
54199;1
54636;2
60873;3
55961;10
57444;13
58007;1
