62361;1
54102;2
63922;2
67163;1
55949;1
52624;1
59495;2
47901;2
69662;3
52241;2
63918;1
62563;1
52247;1
63409;1
62353;1
62355;2
78953;2
52031;1
58353;1
52819;1
69144;3
63004;1
52836;1
50871;2
67781;1
50875;1
52643;1
55918;1
75164;2
68523;1
78374;1
75976;3
69151;1
74794;1
47930;8
62534;1
63029;1
69625;1
70543;2
63858;1
63964;5
68783;2
68786;1
69835;1
63849;2
58128;2
57488;1
58125;1
52283;1
61819;1
57492;1
55912;2
63848;2
55914;2
61835;1
71639;1
40754;1
58659;3
63030;1
63840;1
68776;2
53137;1
74778;2
50661;2
51913;1
55467;1
62597;1
49513;1
61800;2
69602;2
58141;2
58348;1
63046;7
70903;1
67546;1
74768;1
58847;7
70022;4
67198;1
63053;1
66690;1
61804;1
63817;1
73690;2
53374;1
59958;1
73695;1
47988;3
74744;1
55436;3
70048;2
47290;1
66274;3
70778;1
80536;1
47094;1
56199;2
59412;1
39467;1
67526;1
53365;1
48090;1
68346;2
49913;1
74737;2
66877;2
63074;1
66484;2
66678;4
70780;1
59682;6
54823;1
68340;3
55038;1
53353;1
66863;1
67708;5
47270;1
53357;1
60753;1
53979;1
70746;2
55412;1
66868;3
47463;1
66257;1
53771;2
63870;3
68722;1
74717;1
53773;2
63984;4
63985;4
53555;1
58189;1
39647;1
47075;2
76770;1
60155;1
52296;3
56184;2
70054;1
54602;1
70757;3
70964;1
66859;2
74914;1
74913;2
68713;1
66469;1
60357;3
55018;2
55015;1
53540;1
55016;1
38194;1
69848;2
47946;2
61194;2
61196;2
66238;2
53992;1
63651;1
79249;1
70083;1
62518;1
53715;1
70733;1
72196;1
54146;1
59253;9
68309;1
63640;1
53980;1
65600;2
70071;1
80134;1
70744;1
74492;1
66240;1
62125;2
70994;4
70708;1
63639;2
59472;1
62500;1
53591;1
56138;1
39688;1
54834;4
59674;3
66623;1
60510;2
72171;1
52876;1
66498;2
66499;1
53181;1
50197;1
70718;1
70093;3
60524;1
53584;1
63618;1
66062;5
60390;2
52888;1
69197;1
74271;1
69196;1
59079;1
62103;1
72162;1
72169;1
65443;3
76911;1
59094;2
55543;2
59720;2
56240;1
55544;1
60822;1
75702;1
67004;2
76529;1
72362;1
54690;1
54897;3
66608;2
61553;1
81185;1
56237;5
73917;1
55555;1
61159;2
54697;2
67014;1
54882;1
61521;2
72734;3
61522;1
65071;2
68287;1
61126;1
60801;5
71480;1
54684;1
72538;2
81560;1
57745;1
80477;1
62139;1
76114;1
76117;1
74449;1
54482;1
65857;3
59754;1
59753;2
49845;1
56900;1
51884;1
68812;1
55787;1
60858;2
50543;1
54099;1
76345;1
61307;2
65014;2
76340;1
57072;3
56007;1
71270;3
56408;2
71274;1
65410;2
53790;2
47760;1
41629;1
66844;4
60997;1
65004;2
61118;3
56608;1
54657;1
60852;1
70680;1
62189;1
54071;2
57094;1
68245;3
65806;1
60196;2
60842;1
62182;1
72780;1
51641;1
62175;1
68232;2
59510;1
39221;1
57992;1
68806;1
72785;1
57793;1
77217;1
64950;3
68238;2
64185;3
70258;1
57576;1
64940;1
51007;1
64118;1
58573;1
51221;1
58574;1
61750;1
51632;1
68496;2
70451;2
54219;1
69350;2
70457;1
50584;1
63297;1
64120;1
67207;2
55190;1
76177;3
57971;2
64320;1
71028;1
64321;1
64134;13
70237;2
77043;1
64132;1
56698;4
58558;1
71012;2
57059;1
57943;1
77838;3
64517;1
63274;1
56416;2
64512;1
51217;1
69323;3
51801;1
40327;1
67912;7
56420;1
57046;3
64520;2
50558;1
50555;4
71408;1
64905;1
78017;1
76986;2
67464;3
56470;3
77268;1
57533;2
70496;1
64353;1
70497;1
71964;1
57926;1
55992;2
61989;2
72311;1
65496;2
57322;5
75559;1
71060;1
76136;3
56682;1
62812;1
57700;1
77418;1
67239;2
50320;1
57312;1
64373;1
69376;1
65239;4
71057;1
62373;1
61771;1
61770;1
62375;2
62820;1
64762;1
52483;1
54442;2
51077;1
57714;2
67226;1
75737;1
55967;2
71046;1
65226;1
62620;1
70484;1
55964;1
62388;1
56098;2
77093;2
52144;1
75698;1
64487;1
75694;1
75289;1
69938;1
58229;3
52757;3
62409;1
66507;1
51360;2
75685;3
52963;1
52966;1
58999;1
52557;2
55118;1
55394;1
78846;1
71573;1
55399;1
52364;1
58201;2
49425;1
57379;1
55109;2
67053;2
62238;1
62239;1
52944;1
53016;1
64494;1
68690;3
52531;2
66320;2
52354;2
78081;1
74696;1
70606;1
60473;5
59307;1
67667;1
66539;3
66536;5
63715;2
67268;2
57589;3
57380;2
62467;1
59104;1
51134;1
76893;1
67073;1
46760;2
74125;4
52512;2
58452;1
67273;1
57390;1
58451;1
74638;1
74633;3
52784;1
70664;1
70661;1
62488;2
50776;1
74138;1
62481;1
53246;1
58982;5
54508;2
67694;1
64450;1
61952;1
63726;2
52397;2
67297;1
52398;3
69313;2
74651;1
69315;1
68453;2
70111;1
58016;1
60971;2
58922;5
73550;3
60429;1
60630;18
81533;1
81532;3
59143;2
61050;3
53069;1
66976;5
53072;1
68208;3
47590;1
67833;2
56856;6
60030;2
58917;1
67636;1
69729;2
54922;1
53664;1
53077;1
53079;1
53271;2
65085;1
74388;1
70889;1
54734;2
58284;1
39585;1
74820;1
53280;1
67644;1
68907;1
66391;2
53087;1
53094;1
63561;5
50051;1
63562;1
73250;1
74608;1
65099;1
65777;3
56250;1
59797;1
59593;2
59594;1
53434;4
56058;1
56827;2
65519;2
52996;1
55816;2
54950;1
72051;3
52999;1
56052;7
52184;1
76697;1
59790;1
52725;2
56254;1
59582;3
75251;3
66342;1
70843;1
60937;3
56269;1
56063;1
73994;1
59574;2
59571;6
58901;2
56846;6
56849;1
66355;1
58700;4
59168;1
52979;1
53047;2
54022;1
69044;1
48948;1
60908;2
79934;1
52975;2
60909;1
52972;1
53444;2
73736;1
56831;1
59376;5
56837;1
67898;1
53446;4
69986;1
74854;1
69784;2
72084;1
74857;2
52981;2
56086;1
62028;1
71167;1
74553;1
39110;1
69680;3
64889;1
76201;1
66028;3
56338;2
75401;1
79912;1
57871;2
71377;1
81081;1
65551;1
72214;1
65550;1
56369;1
71182;2
65945;3
62792;1
49993;1
55868;1
56756;3
47650;1
71389;1
60700;2
57614;2
59840;1
55661;3
75820;1
68174;1
64284;2
56359;1
55870;2
66919;2
56760;1
72234;1
71390;1
51781;1
55671;1
71128;1
51537;1
53627;1
72655;1
39356;2
37918;1
62065;2
62066;1
63199;1
56103;1
72905;1
56104;4
70393;6
66294;1
70794;2
61209;4
63188;1
68110;1
56709;2
55611;1
65593;5
74322;1
61023;3
65981;2
50426;1
62088;1
53643;1
53640;1
56123;1
66954;1
61222;2
54782;2
65990;2
76634;2
56529;6
62074;1
56117;1
54779;3
56722;4
55639;3
56119;2
61433;1
62494;1
62974;1
54515;1
61447;1
70357;3
75887;1
71622;1
58536;4
63152;2
69499;3
62969;1
77714;1
58539;1
77320;1
76070;1
57160;2
58680;1
64025;3
64022;1
70365;1
71826;2
70569;3
62099;3
71627;1
71830;3
57167;2
76863;1
64825;2
63376;2
61879;2
75090;1
55070;2
76252;1
57819;1
51116;1
51920;2
71612;2
71809;1
71605;2
71113;2
70583;5
51506;1
57634;1
64636;3
68990;1
56772;4
56570;1
62934;1
62730;1
51727;1
50483;1
65388;1
65387;5
75649;1
75854;1
65392;1
64648;1
61495;4
52306;3
71337;3
64641;1
62940;1
62945;1
78172;1
75061;1
56780;2
61882;1
76036;1
75655;1
58503;1
57427;1
51336;1
70331;1
71342;1
71345;1
52316;2
62950;1
78168;1
56790;1
64233;3
67130;1
69464;4
57642;1
45713;1
77156;1
45710;1
51739;1
76015;2
63126;1
69264;2
65911;1
62360;1
54103;1
54102;1
57249;6
55949;2
63200;1
50895;1
70305;6
59495;1
52242;1
52241;1
69662;2
52806;4
52247;1
78959;1
52616;1
52031;2
68532;1
80723;2
47918;1
50870;1
69648;1
52643;1
69642;1
82737;1
78985;1
55918;1
68523;3
58884;1
56382;3
58885;1
78374;1
52441;1
71094;1
75560;1
74993;1
63019;1
62336;1
74048;1
63906;1
57230;1
75177;1
47930;6
57481;2
69624;1
63964;4
60344;1
40953;1
53123;1
71512;1
63447;1
73658;3
63849;2
58128;2
57488;1
63441;1
58125;1
57492;2
52659;1
71638;1
63848;2
61835;2
71639;2
61834;1
58659;1
60335;2
53137;1
74778;1
50661;2
55467;1
62597;1
59907;4
67964;1
55909;1
63453;1
67181;1
53928;1
61800;1
58141;1
69602;1
58348;2
64301;1
67186;1
57268;1
63046;1
70903;2
67546;3
58848;1
58847;2
40362;2
70022;1
57466;1
67954;2
69808;1
63822;2
67198;1
67196;1
67553;1
63057;1
52800;2
60311;1
63053;1
66690;5
61804;1
73690;1
73695;1
74741;1
80384;1
55436;1
59000;1
70778;1
80536;1
54813;1
58166;2
66689;2
48863;1
73497;1
67526;1
53365;1
75117;2
49913;1
41840;1
66484;1
70780;2
48853;2
58151;1
55038;2
53353;1
60757;4
68314;1
67709;3
53979;1
55412;1
47463;1
66257;3
53973;1
63870;2
70949;2
67504;1
53555;2
47072;1
47075;1
55003;1
52296;1
52095;3
76583;1
53153;1
73665;1
73667;1
80507;1
68713;1
70767;3
60357;2
63994;2
53763;2
55018;2
55016;1
54806;1
40736;1
60565;2
66236;1
67767;1
66238;1
59048;2
70724;1
81676;1
53707;2
70083;1
53715;1
54144;1
70733;2
54146;1
59253;2
53980;1
65600;2
59440;5
53703;1
58399;1
72973;1
55708;6
74497;1
54137;1
74499;1
59051;1
65635;1
70994;1
75123;1
59472;1
62500;1
49367;1
53734;1
56138;1
59674;2
63629;2
54129;1
60510;1
66623;1
54124;1
72171;1
66498;1
74969;3
66499;2
54123;1
72178;1
53181;1
38159;1
72808;1
50197;1
66225;8
67757;1
60524;1
53584;1
73826;1
63618;1
60390;5
66062;1
52881;1
74080;1
73427;1
69197;2
69196;2
74450;1
72757;1
72164;1
65443;1
60815;2
59094;2
55543;1
55544;2
54293;2
61146;2
65059;2
72362;1
54897;2
66608;3
61553;2
81185;1
81184;1
56237;1
66152;3
73916;1
75714;2
55555;1
72358;2
61159;2
56648;1
54697;6
65046;1
48025;1
54696;1
67014;1
61521;1
54882;2
54479;2
65660;1
60801;6
57742;2
76117;1
71298;2
74448;1
80202;1
74449;1
65857;1
72334;1
59754;1
61130;1
65261;3
55536;4
56900;1
68812;1
48059;1
54099;1
65014;2
70294;1
76341;1
56007;1
65824;1
61104;1
71270;1
51663;2
71274;1
65410;2
55793;1
53534;1
66844;5
61508;2
65004;1
54657;1
70680;2
65424;1
54078;1
53501;1
54071;1
57094;1
66188;1
54644;1
68245;2
60842;3
60196;1
64184;3
68232;1
49609;1
50513;1
57992;4
39221;1
54089;3
66172;2
53518;1
57996;1
66171;1
77218;1
50509;1
77212;1
71908;7
64950;2
60833;1
54639;1
64185;1
64732;3
67491;1
70258;1
57576;1
64940;1
64941;1
64118;2
75784;1
58573;1
58574;2
77634;1
51632;1
54219;5
68492;1
61758;1
69350;1
57969;2
50584;1
71039;1
50372;1
64120;1
57567;1
64748;1
68091;1
51619;2
48227;1
81103;1
76177;1
57970;2
57971;1
71725;1
64320;1
71028;1
71932;1
64321;1
64134;5
57553;1
64132;1
62855;1
77458;1
56698;1
62858;1
71012;1
56416;1
64147;1
54404;2
50359;2
67912;2
57046;3
56421;1
50555;2
58566;1
67464;1
48304;1
56470;4
50349;1
70496;2
57929;1
71964;1
55994;1
55992;2
76143;1
70221;1
52469;1
72311;1
65494;1
65496;1
57322;1
71060;2
51470;2
76136;1
56682;1
71065;1
62812;1
75720;1
50324;1
61971;2
57310;2
69376;1
65239;2
67433;1
62373;1
65236;2
61770;1
62375;2
64762;2
64108;1
64107;2
67226;1
57714;2
70200;1
75737;2
55965;1
82251;1
71049;1
62620;1
77685;2
70484;2
56098;3
77093;1
64487;1
68685;2
64684;2
55377;3
68401;2
40424;1
49402;1
75289;1
69938;3
53800;2
77798;1
52757;3
66507;1
52963;1
75685;1
52964;2
52966;1
51364;1
52752;1
55364;2
58999;1
52553;2
78655;1
55118;2
52164;3
71573;1
69005;2
70618;4
58201;2
70617;1
53206;1
67053;1
55109;1
62239;2
58733;1
68690;2
49020;1
74696;1
60473;1
58052;1
46210;1
46758;1
58056;2
66539;2
66536;3
67268;2
73782;2
73510;1
76892;1
52924;1
67279;1
57392;8
73505;1
59116;1
73500;1
52784;1
52125;3
77766;1
61944;1
70661;1
50776;1
63325;1
70127;2
62481;1
62487;1
58036;1
67699;1
55145;1
66564;1
67694;1
52398;1
69313;5
81306;1
58049;2
54040;1
58922;2
60971;2
60049;1
53061;1
73550;2
60429;1
60630;2
70186;1
81533;1
53675;1
68601;3
61051;2
53069;1
73356;2
67622;1
70177;1
53071;1
68208;1
53072;1
58913;2
73341;1
67636;1
53664;2
60638;1
53076;1
53668;1
53079;1
58945;1
74388;2
70889;1
65081;1
54734;2
58285;1
58284;1
68902;1
66391;2
69089;1
53094;1
63561;1
58009;1
53296;1
59137;3
66999;1
54943;3
76682;2
49839;11
53864;1
66793;1
73251;1
53294;1
54058;1
65098;1
65099;1
59797;9
59593;1
60673;2
59594;1
56058;1
56827;1
60003;1
65519;2
52996;1
72053;1
47549;1
72051;1
47548;1
52999;1
70831;1
75449;1
74844;5
56052;1
59791;3
59790;2
56254;3
49444;1
59582;1
66342;5
56813;2
60937;1
70843;1
56809;1
56063;1
59574;1
56274;1
59571;4
56846;4
69792;2
66355;1
67601;1
59168;2
65790;1
79934;2
48949;1
60908;1
52975;2
54026;2
52703;1
52702;1
54702;1
75274;1
59376;1
79531;5
69784;3
74859;1
75473;1
67615;1
75270;1
56086;3
62029;1
62028;1
61646;2
69680;1
56735;1
75803;1
75802;2
56338;5
68153;1
69286;2
66703;1
79912;1
57870;2
56741;2
61251;1
57871;1
72428;1
72424;1
59874;1
72214;1
56369;1
62792;1
75438;1
59849;7
71389;1
57614;1
57610;4
51792;1
66048;1
65523;1
56359;2
64284;1
55870;2
66918;1
65950;1
57898;1
72234;1
71391;1
65756;1
71390;2
75008;2
65533;2
71128;2
63198;1
60719;2
62066;2
56104;2
70393;1
56108;2
77377;2
51529;1
73393;2
62053;1
81454;2
61209;1
62057;1
63189;1
63188;1
61019;1
61215;1
60891;2
74329;1
55611;1
74328;1
54360;2
73064;1
65593;6
65184;1
61606;1
55619;3
61023;5
65981;1
65988;2
53643;1
67813;2
68147;1
54789;1
65567;1
61222;2
54782;1
60884;1
65174;1
51546;1
65990;1
76634;1
56529;3
62074;2
56118;1
54381;1
64047;1
54779;1
56722;1
72275;1
56119;1
76211;1
62494;2
54516;1
61443;2
54515;1
72499;1
70357;3
75886;1
63150;1
70549;1
58536;1
69499;1
67359;5
62295;1
68350;1
76070;1
64604;1
70365;2
54521;1
64601;1
70569;2
62098;1
71627;1
63145;1
71830;1
55055;2
54539;3
64825;1
63376;1
63371;1
67373;1
81231;1
78127;1
56556;1
77736;1
55073;1
71109;1
55070;2
64815;1
76252;1
57818;1
51920;2
57686;3
54540;1
71809;1
71308;2
71113;1
58529;1
70583;1
51506;1
63393;4
72450;1
71320;1
54559;1
56772;1
62933;2
62934;2
61893;1
51727;2
50483;2
65387;4
63383;1
61495;2
70322;2
51985;1
52306;1
64641;1
55299;1
62940;1
51722;1
78172;1
57124;2
55292;1
62937;2
75061;3
56780;1
76036;4
58503;1
63103;1
65396;1
65106;1
57426;1
64262;2
52579;2
72471;2
50823;1
72205;1
72472;1
71342;1
52316;1
56790;1
62752;2
62751;1
51739;1
76015;1
63126;1
54303;1
51357;1
69264;1
65911;1
50809;1
54103;2
54102;1
63922;2
71897;1
50896;2
57249;6
63200;1
52624;1
55949;1
63920;1
50895;1
70305;7
59495;2
52806;1
52247;1
78369;1
52616;1
58353;4
52232;1
74067;1
52819;2
55492;1
62341;1
52028;1
50875;1
52643;2
69642;1
68523;1
56382;2
75976;1
52441;1
63019;1
40394;1
62534;1
47930;7
80703;1
71092;1
63028;1
57481;3
69625;2
53907;1
63964;3
51270;1
60344;2
52660;1
69835;1
73658;1
63849;1
58128;2
58125;2
52659;1
55912;3
63848;2
71638;1
40755;1
63846;2
52657;1
58659;1
74778;1
63457;3
55467;1
62597;1
59907;2
67964;1
71645;1
55909;1
53139;1
57461;2
67181;1
61800;2
69602;1
58348;2
67186;1
57268;1
63046;4
67546;1
67957;2
58848;1
70022;2
57466;2
67954;1
67194;1
61812;1
63822;2
67198;2
67196;1
63057;2
60311;6
67557;2
53118;1
66690;4
55449;1
63817;1
73695;2
47989;1
70775;1
54813;1
66689;1
73497;1
59412;2
73496;1
55029;1
53365;1
67734;1
66480;1
74738;2
63074;3
66678;1
70780;2
53563;1
63889;1
58151;1
53353;1
60757;2
67709;1
66863;1
70746;2
55412;2
66868;2
66257;1
53973;1
53771;2
63870;3
47661;1
74717;1
63985;3
53555;1
47075;2
56184;1
76583;1
70054;1
53153;1
70757;1
73665;1
66859;1
73667;1
74914;1
74913;2
68713;2
66469;1
60354;2
63994;2
55018;1
55016;2
52292;1
75373;1
61194;1
47946;1
67767;1
66238;2
59048;1
63651;2
70083;1
62518;1
54856;1
70733;1
59253;1
80574;1
63640;1
65600;2
59440;2
53703;2
68105;1
74497;1
55708;3
41288;1
66493;1
70708;1
75123;1
59472;1
56138;1
54834;1
59674;1
54129;2
66623;1
54124;1
66498;2
74969;1
66499;1
53183;1
72178;2
38159;1
50197;1
72808;1
78547;1
70718;1
66225;9
65627;1
66892;1
59270;1
52055;1
60524;3
53584;1
73826;1
52881;1
60390;7
66062;3
73427;2
52888;1
69197;3
70723;1
69196;2
72166;1
68859;1
72169;1
66160;1
55544;1
54293;1
60822;4
65059;1
72362;1
54897;1
66608;1
61553;1
81185;1
56237;1
66152;2
55555;2
61159;2
50107;1
60605;1
54697;1
54696;1
67014;2
61521;2
54882;3
61522;2
72734;1
81362;1
61125;3
61126;1
60801;4
65270;1
76502;1
81560;1
57745;2
80477;1
49853;1
71298;3
54482;1
59754;1
59752;2
65261;1
55536;5
56900;2
53521;1
76344;1
65014;1
70294;2
57072;2
71274;1
65410;2
53790;1
48068;1
72522;1
60997;1
61118;3
70680;1
65424;2
76742;1
54078;1
76360;1
53501;1
54643;1
54644;1
76366;1
66105;1
68245;1
60842;3
60196;1
62182;2
49609;1
57992;1
39221;1
53518;1
66172;3
70677;2
68806;1
72785;1
71908;16
64950;4
64185;1
64732;3
70258;1
57576;1
64940;1
67923;1
64118;1
52693;1
61750;2
68496;2
81112;1
54218;1
54219;2
64535;1
69350;1
71039;1
57969;3
63297;2
50372;1
57567;2
68093;1
64748;1
68091;1
67207;1
51619;1
64930;1
55190;1
48227;1
51625;1
57970;1
71028;1
64134;7
70237;1
77043;1
64132;1
48327;1
62854;2
62855;1
56698;1
71012;2
57059;3
57943;3
50566;5
63274;1
78023;1
69323;1
50350;1
54401;2
69327;1
51801;1
51802;1
50359;1
64911;1
71216;2
64520;1
57046;1
50555;3
71211;1
58566;2
71408;2
54209;1
67464;4
61724;1
56471;1
50349;1
51872;1
57533;1
70499;1
70496;1
57929;1
64354;1
57926;1
71964;2
76143;2
55992;1
75540;1
62846;1
51866;1
54467;2
70221;1
52469;1
67243;1
65496;3
57322;4
51470;1
62812;1
67239;2
61971;1
57310;1
69376;1
64373;1
65239;1
71057;1
65236;1
61771;2
62375;2
64762;2
56663;2
64107;1
52483;1
57714;2
70200;2
75737;1
55967;1
71046;1
62620;2
77685;1
55964;1
56098;3
58099;1
55377;1
64684;1
68401;1
49402;1
69938;1
53800;1
62409;2
75685;1
52964;2
64471;1
52966;1
52752;3
58999;1
52553;1
75296;1
57365;1
70623;1
55118;2
52164;1
77076;1
70618;1
58201;2
70617;2
52736;1
62238;1
67053;1
66526;1
46077;1
55102;2
69010;1
68690;1
53210;1
66320;1
62432;1
71568;1
78081;1
52352;1
70606;1
55138;1
58052;1
46758;1
67667;1
66539;1
67268;3
63715;1
58468;2
57589;1
59104;3
55125;1
76893;1
64434;1
77752;1
52508;1
60487;3
80078;1
68637;1
46760;1
52512;1
58453;1
57392;4
52518;1
52784;1
77768;1
70119;1
63732;2
52125;1
70661;1
67280;2
50776;1
74138;1
70127;2
62481;1
58036;2
58982;1
58043;1
67699;1
55145;1
66564;1
67694;1
64450;2
69705;1
61952;2
69709;1
69313;1
74651;2
81700;1
81306;2
51142;1
54040;1
58922;1
60971;1
60049;2
53473;1
66983;1
60429;1
67627;1
56010;1
53261;1
61050;1
66576;1
53274;2
66976;1
68208;1
67833;5
47590;1
56856;3
58913;4
70170;1
60030;2
53464;1
67636;2
54922;1
60638;1
47793;1
53668;1
67633;2
53079;2
70885;1
58945;5
74388;1
65081;2
73570;1
54734;2
81756;1
39585;1
67647;1
68902;1
67644;2
53094;2
63561;1
58009;1
59137;2
50059;1
81742;1
54943;3
54944;2
69749;1
49839;9
53864;1
74608;1
53294;1
39986;1
38709;1
59797;7
60673;2
53434;4
59594;1
56058;3
52996;2
55816;1
54950;1
54001;1
70831;3
52999;1
74844;2
56052;1
59791;1
59790;3
53029;1
75251;2
66342;1
70843;1
60937;3
56809;2
80872;1
56269;2
56063;2
59574;3
78684;1
59571;2
56274;1
58901;1
56846;2
69792;2
58702;1
65790;1
58700;1
52979;1
53047;2
58701;1
48948;1
60908;1
79934;1
52970;1
55830;1
54702;1
52190;1
56831;1
79531;9
69986;3
67610;2
74852;1
69784;2
69981;1
74859;1
55829;1
74857;1
67619;1
63519;2
56086;7
75411;1
62776;1
61646;2
74553;1
51579;2
62778;1
72220;1
64889;1
75038;2
61243;1
76201;1
75039;1
68168;1
66028;1
51773;1
72019;1
51563;1
56338;2
68153;1
72209;1
69286;1
57870;2
61251;1
56741;2
57871;2
75021;1
81691;1
65554;1
56747;1
75815;1
65551;1
65550;2
59874;1
55862;1
53604;2
75438;1
72634;1
59849;4
56756;1
47650;1
60700;1
57614;1
56361;2
57610;6
75820;1
51582;1
64284;1
56359;1
55870;5
57898;3
72234;1
65756;1
71391;2
56350;3
71397;1
55671;2
71128;1
60719;2
54357;1
56100;1
56104;2
76243;1
56108;1
61613;1
73393;1
63189;1
54758;1
56709;1
74329;2
60891;1
65593;4
61605;1
72254;1
74322;1
61023;3
65981;1
53643;1
64862;1
64035;1
54789;1
77354;1
51546;1
65990;1
71151;1
79203;1
62074;2
56118;1
56117;3
54381;1
64047;1
54779;1
56722;2
72273;1
50023;1
56119;2
61433;3
54516;3
62974;1
72499;1
61448;1
61447;1
70549;1
58536;1
63152;1
69499;2
67359;1
62296;1
62969;2
58539;1
76070;1
76276;1
77320;1
58680;1
64604;1
64022;2
70365;1
54521;1
62098;1
70569;3
63145;1
71830;1
54329;2
64228;1
54539;4
61461;1
63371;2
64815;1
57818;2
51116;1
71612;2
57686;7
57685;2
71605;1
71308;1
76883;1
58529;1
70583;2
63393;4
72450;1
57634;1
64636;2
68990;1
56772;1
62933;2
62730;1
51727;2
69456;1
65388;1
65387;4
57435;3
63114;1
75854;1
63383;1
77940;1
70322;2
52306;1
71337;4
55299;2
64641;1
57124;1
61882;1
76036;3
58503;1
64262;1
52579;1
72204;1
50823;1
52316;2
78168;1
62752;2
62751;1
65902;1
46693;1
51739;1
76015;2
51357;1
77153;1
65911;1
56098;1
62360;1
54103;1
77093;1
54102;2
63922;1
67163;1
75698;1
52148;1
52045;2
63924;1
58097;1
75696;1
57249;3
50895;1
62568;1
70305;8
52560;1
47901;1
64684;1
55377;1
69662;2
63917;1
70400;1
52806;1
58229;2
52247;1
47100;1
63215;1
62409;2
66507;1
51360;1
75685;1
78953;2
52964;2
64471;2
51364;1
52031;1
58355;2
58353;2
79098;1
58999;1
52557;1
67039;1
69144;1
52028;1
62341;1
51292;1
50870;1
52164;5
58749;4
52643;1
39708;1
69642;1
55399;1
69005;1
71573;1
58885;2
70618;2
56382;4
58201;3
52441;1
63015;2
52736;1
67053;2
55930;1
64599;3
46077;1
53017;1
53016;1
75172;1
55102;2
69010;1
68690;1
57230;1
62431;1
47930;5
62534;1
62432;1
71568;1
61907;1
52219;1
48507;1
74696;2
71092;1
70411;3
60473;1
55138;3
57481;1
46210;1
69625;1
70543;2
63858;1
63964;2
66536;2
67268;1
57589;1
53123;1
63447;1
57380;1
46394;1
73658;1
73782;1
78723;1
57488;1
61819;1
52659;1
55912;2
71638;2
55914;1
76892;1
63846;2
58658;1
63030;1
60487;3
78897;1
74125;2
67271;1
67270;2
52512;2
74778;1
63457;1
57392;2
62597;1
59907;7
71645;2
52278;3
74127;1
52784;2
61800;2
80616;1
77768;1
58141;2
69602;2
58348;3
70119;1
67186;1
64301;2
57268;2
63732;1
63046;2
70903;1
77765;1
67081;1
67957;1
62488;1
50776;1
67189;1
70127;1
63422;1
58036;1
58982;2
57466;2
61812;1
63822;3
67198;3
64450;3
67694;2
69705;2
67553;1
52800;1
63726;1
60210;1
67947;1
69313;5
74651;1
69315;1
78341;1
68456;1
68453;1
66690;2
70111;1
58016;1
54040;1
54807;1
53374;1
59958;1
60049;1
74741;1
67826;1
73550;3
60429;1
70186;1
55436;2
70048;1
58166;2
66689;5
59143;1
53261;2
61050;1
73356;1
67526;1
73496;1
55029;4
53071;1
53941;1
68208;1
67833;2
56856;1
58913;3
70172;1
66480;3
75117;1
49913;2
53464;1
47383;1
60030;2
74738;1
75498;1
69729;1
53664;1
60638;2
63740;1
53668;1
53079;2
68340;2
58945;7
55419;1
60757;3
53288;1
67708;1
55314;1
65081;3
55412;1
70746;3
66868;2
66257;3
81756;1
53973;3
59536;1
63870;1
73242;1
58285;2
53556;1
70949;1
74717;1
68902;2
53280;1
67644;1
58189;1
66391;1
55003;1
47075;2
60155;1
53094;1
63561;2
56184;1
52095;2
63562;1
73569;1
59137;1
56181;1
66999;3
50150;1
53153;1
79133;1
70964;1
73665;3
74914;1
76682;1
74913;2
54943;2
54944;1
66469;1
39276;1
49839;6
66793;1
63994;3
69742;1
55018;1
74608;2
53540;2
55015;1
69848;1
69099;1
47946;1
61194;2
67767;1
59797;6
53992;2
53434;1
61198;2
59994;1
59048;1
73590;2
63651;1
56058;1
79249;1
60003;1
53707;1
70083;1
52996;1
62518;1
55816;1
72053;1
47548;1
54001;2
39422;1
69064;1
60925;1
74844;1
56052;2
73310;1
59790;8
52189;1
56254;1
54146;1
66743;1
59985;1
61188;1
66242;2
79552;1
52073;2
66342;1
59440;1
67877;1
65507;2
72976;1
70843;1
72973;1
56809;2
74492;1
66240;1
52175;1
56269;1
56063;2
55708;5
59051;1
62401;3
65635;2
59574;2
70994;2
70705;2
75268;2
66493;2
59571;2
56274;2
75123;1
63639;1
56846;6
62506;2
59472;1
53591;1
62500;1
69792;1
66355;2
79065;1
56138;1
49368;1
58700;2
53047;1
52601;1
58701;2
60908;1
48949;1
66769;1
59674;1
54129;1
54026;1
52975;1
66623;2
60510;1
52970;1
60909;3
52972;2
66498;2
55830;1
54123;1
48809;3
69896;1
75261;1
53181;1
54702;2
53444;1
73736;1
66225;10
72809;1
56831;2
53719;2
59376;1
67757;2
56837;1
66892;2
70093;1
79531;7
59270;1
53446;3
69986;1
52055;4
74854;2
67610;1
69784;1
60524;3
53584;1
72084;1
72998;2
69981;2
55829;1
52881;2
60390;1
52888;2
52981;1
69197;1
67615;1
56086;4
72753;1
72166;2
72756;1
75412;1
62028;1
81194;1
61646;1
74553;1
59094;1
59720;1
56240;1
54293;2
60822;4
37496;1
81580;1
72362;1
56338;2
75401;1
68153;2
66608;3
69286;1
61554;2
56237;1
54898;1
66152;3
57870;1
71179;1
61251;3
56741;2
55555;1
61159;2
71377;1
56742;1
60605;1
54697;1
65046;1
48025;1
54696;1
67014;2
65551;1
59874;2
56369;1
61522;1
62792;1
65945;1
75817;1
76704;1
62657;1
65071;1
62048;1
53606;2
56227;1
59849;4
61125;1
61126;1
65528;1
60801;5
72242;1
54684;1
57614;1
60700;1
56361;3
72538;1
57610;7
81560;2
57745;1
75820;1
62139;1
76114;1
55870;3
76117;1
66919;1
72030;1
51587;1
66918;1
72135;1
57898;3
65857;5
59754;1
64890;1
51780;1
65261;2
49845;1
71392;1
65756;1
71390;1
65534;1
59857;1
55671;1
51884;3
71128;1
68812;1
60858;1
72655;1
51674;1
48059;1
60719;4
63199;1
54099;1
50539;1
61307;1
80314;1
65014;2
56104;1
57072;2
56108;3
70393;2
77377;1
64159;1
65190;1
60862;1
66294;2
56408;2
61613;1
54265;1
55793;5
62053;1
56504;1
61209;1
63189;1
63188;1
72111;2
65001;1
61215;1
41629;1
66844;3
56709;1
76330;1
79421;1
73064;1
54360;1
65593;5
65004;6
61118;1
55619;1
74322;1
74531;1
71145;1
62185;1
65424;1
51556;2
65981;1
65988;1
53643;3
57780;1
53640;2
57786;1
67813;2
66188;2
59705;1
64862;1
54644;1
67810;1
65173;1
60884;1
65174;1
65990;1
64184;1
68232;1
57992;2
79203;1
53518;2
54089;2
57996;1
66171;1
56529;2
56118;1
54381;1
56117;4
77218;1
54086;2
50509;1
56722;1
71908;7
64950;5
55639;1
61433;3
76211;1
64732;4
62494;1
61443;1
57575;1
61449;1
72499;1
64940;1
67923;1
64941;2
64118;3
70357;2
54414;1
70549;1
54416;1
58574;1
58536;1
69499;1
78009;1
52691;1
68496;2
54218;1
54219;2
68492;1
62296;1
64535;1
63490;3
69350;1
57969;6
61352;1
50372;1
76276;1
64120;3
64748;1
51619;1
64930;1
67207;2
64025;1
56440;2
64022;4
55190;1
70365;2
62884;1
62098;1
76177;1
51625;1
71627;1
57970;2
63145;1
71725;1
71028;2
64321;1
64134;6
57152;1
51022;1
51715;2
64825;1
63474;1
62990;1
63376;1
63371;1
56698;2
58558;1
71012;2
50566;1
63274;1
56556;1
62711;2
75090;1
50350;1
55070;2
75086;1
69327;1
71317;1
57819;1
57818;1
57686;1
71809;1
67912;1
71216;1
54208;1
64520;1
50558;1
50555;3
71211;1
67369;1
54209;2
78017;1
70583;1
67464;6
63393;6
72450;2
56470;1
64636;2
68990;2
56772;2
51872;1
56570;1
57533;1
61893;1
51729;1
70590;1
57926;4
75647;2
78913;1
50483;1
65389;1
62396;2
57435;1
75854;2
63383;1
77940;1
62842;1
61495;1
70322;1
54467;1
52306;2
70221;1
64641;2
62940;2
56784;1
61989;2
75069;1
37440;1
65496;1
77565;2
56780;1
57322;1
64506;2
76036;4
76137;1
58503;1
56682;1
71065;1
63103;2
57427;2
57426;3
64262;1
72471;1
71342;3
76161;1
50324;2
56593;1
61971;1
62950;1
75526;1
62277;1
78168;1
57310;2
64373;1
69376;1
65239;2
65236;3
64233;1
62375;1
64762;1
69464;1
56663;2
64108;1
64107;2
54442;1
62281;1
57714;2
45710;1
55965;2
71046;1
82251;1
69264;1
51357;1
70484;1
64244;2
56660;1
50706;1
56098;2
54103;1
57344;1
77093;2
63924;1
52045;1
58099;1
63200;1
57249;3
55949;1
62568;1
70305;7
52560;1
55379;1
71595;1
52242;1
64684;5
80835;1
68401;3
63917;1
52562;1
75289;2
69938;1
52806;3
58499;2
51360;1
52616;1
52964;1
64471;2
77184;1
58357;1
58353;3
52232;1
55364;1
58999;1
64673;1
52557;1
52819;1
57365;3
55118;1
75571;1
69648;4
52647;1
69642;2
52224;1
70618;1
56382;1
58201;1
49425;1
70617;1
75976;1
52441;1
52735;1
71094;2
55109;1
67053;2
55930;1
64599;2
53017;1
75172;2
58733;1
55102;2
68690;1
63906;1
49023;1
74048;1
52531;1
66320;1
53210;1
75177;1
62534;2
62431;1
47930;5
62432;2
52215;1
52354;1
61907;1
69550;1
74696;1
70411;2
55138;1
60473;1
58052;1
57481;3
63029;1
69625;2
70543;2
63964;4
50649;1
67667;1
68783;1
66539;2
60344;1
66536;2
67268;3
53123;1
73658;1
58128;1
58125;1
51133;1
74015;1
57492;1
55912;2
63848;1
71638;1
40869;1
61835;1
52657;1
40755;2
63846;1
76890;1
71639;1
58659;1
67279;3
60487;3
68776;2
74125;1
53137;4
67270;1
74778;1
63457;1
57392;2
59907;3
67964;2
40236;1
52278;1
55909;3
57461;1
69602;1
58141;2
58348;1
64301;1
67186;1
63046;1
70903;2
67081;1
61944;1
70664;2
67546;3
67957;1
67280;1
58147;1
58848;2
62487;1
58982;2
71677;1
57466;2
67954;2
57467;1
50840;1
58043;2
63822;1
67198;1
67694;1
64450;3
67553;2
61952;3
60311;2
69709;1
52397;1
67297;1
63051;1
52398;1
62575;1
74651;2
66690;1
70111;1
58139;1
73690;1
70869;1
54040;2
53374;1
60971;1
58922;4
59958;1
60049;1
74741;1
53061;1
56866;1
60630;2
70186;3
70048;2
66274;1
81532;1
61054;1
56199;1
58166;1
66689;2
68601;1
53261;1
61051;2
59412;1
73356;1
67526;1
54624;1
53365;1
53274;1
66976;1
70177;3
68346;1
68208;3
59948;1
67833;3
58913;1
66480;1
74738;2
66877;2
63074;1
67636;2
54178;1
75498;1
69729;1
53664;3
81520;1
47793;1
66678;1
63740;1
59682;1
54823;1
67633;1
55038;1
58945;7
53288;1
70889;1
66863;1
53357;1
65081;1
55412;1
70746;1
54734;1
66257;4
53771;1
59536;1
73242;1
63870;1
73243;1
58285;1
68722;1
58284;2
70949;2
63984;1
63985;1
53280;1
67644;2
73471;1
66595;1
58189;1
66391;1
69089;2
80915;1
65095;1
58009;2
63561;2
70054;2
54602;2
52095;1
53296;1
60763;1
63562;1
59137;1
56181;1
66999;4
70964;1
66859;1
39076;1
54943;4
74913;1
76682;3
68713;2
53864;1
49839;12
60354;1
53151;2
63994;1
69742;1
55018;2
54054;1
55015;1
74608;1
53540;1
55016;1
52292;2
54058;1
69098;1
67767;1
59797;4
75953;1
61196;1
66238;1
59593;1
53434;1
70724;1
73590;1
63651;1
56827;1
65519;1
81676;1
62518;2
53715;1
72051;1
70831;1
56052;1
72197;1
70733;2
59791;1
53029;1
59790;5
80142;1
52725;1
56254;1
66743;2
54146;2
59582;5
78427;1
59253;2
59985;1
75251;1
62513;1
59440;2
66342;1
56953;1
80672;1
56813;3
53703;1
60937;3
70843;1
63780;2
56809;2
56269;1
73449;1
55708;4
53317;1
70705;1
70994;2
59574;1
78684;1
56274;2
56846;1
59472;3
56849;2
69792;3
62500;1
53048;1
49368;1
58703;1
58700;2
52601;1
54022;1
53047;2
52979;1
52065;1
80124;1
54834;2
59674;1
60908;1
60510;1
66623;1
54129;1
52702;1
66498;2
74969;1
66499;2
55830;1
72178;1
48809;4
75261;1
69896;2
54702;1
53444;1
72808;1
52190;1
78547;1
66225;7
67757;1
56837;1
70093;1
79531;3
59270;1
53446;1
69986;1
52055;1
62102;1
60524;3
72084;1
69981;2
73826;1
74857;1
60390;5
73427;1
74958;2
52885;1
56086;4
59861;1
65443;1
74553;1
61646;1
59094;2
55544;1
54293;2
69680;1
60822;1
61146;1
75038;1
37496;1
56735;1
67004;3
64885;1
66028;3
65059;1
51563;1
62782;1
68153;1
66608;1
72156;1
61554;1
56237;1
66152;1
54898;1
57870;1
73917;1
56741;1
61251;3
75714;1
55555;2
72560;1
60605;1
56648;2
64878;1
54697;1
54696;1
81085;1
65550;1
59874;2
71182;1
54882;3
38113;1
65945;1
65071;1
72634;1
56227;1
59849;8
61125;1
61126;1
56756;3
65528;1
60801;2
57742;1
59840;1
65270;1
51792;1
57610;7
55661;1
71383;1
75820;1
76323;1
56359;1
68848;1
55870;2
71298;2
53614;1
66919;1
51587;1
77581;1
57898;1
65857;2
59753;1
72449;1
55536;3
71390;1
65755;1
56900;2
65533;1
72441;1
71128;2
68812;2
55787;1
72655;1
64050;1
60719;4
54099;1
38372;1
61307;2
65014;3
54350;1
64989;1
76243;1
56108;1
70393;1
65824;1
53799;1
71274;2
65410;1
70794;1
55793;3
53790;1
48370;1
62052;1
63189;1
61215;1
72392;1
65001;1
55611;2
79421;1
65593;3
65004;3
65184;1
61118;1
54657;1
71145;1
70680;1
65424;2
65981;2
37232;1
62189;1
54078;1
65988;1
53643;3
53640;3
54071;1
62080;2
67813;1
54644;1
64862;2
80330;1
66954;1
61222;1
68245;1
60842;5
60196;2
54782;3
62175;1
65434;3
65990;1
68232;2
49609;1
71151;1
39221;1
56313;1
54089;3
53518;1
70677;1
42296;1
56529;2
66171;1
57793;2
50120;2
56117;2
64047;1
56722;1
71908;8
64950;3
64857;1
54639;1
64185;3
56119;2
61433;3
64732;4
54410;1
54516;3
54515;1
61443;1
57575;1
72499;1
70258;2
64941;2
51007;1
64118;1
75783;1
54414;1
58573;1
54512;1
70549;2
58536;1
61750;2
69499;1
51632;1
52691;1
68496;3
67359;2
77857;1
54218;1
54219;3
62296;1
62969;1
69350;1
68350;1
57969;2
63297;1
64121;1
57567;4
54421;2
67207;1
64930;2
64025;3
75796;1
64022;1
70365;2
51824;1
54521;1
64601;3
71826;2
70569;3
56448;1
62098;1
76177;2
51625;1
62099;1
71627;1
67343;1
57970;1
70461;1
57971;1
63145;2
54329;1
77230;1
77036;1
37125;1
64134;7
57152;1
61726;1
64825;1
77043;2
57050;1
62854;1
71603;1
62855;2
56698;2
51933;1
71012;3
50566;2
77838;1
64517;1
78029;1
63274;2
56556;4
71942;1
64512;1
77736;1
71109;1
50257;1
55070;1
75086;3
64814;1
57819;1
57818;2
57686;3
57685;1
67912;1
56420;1
64521;2
71605;1
54208;1
64520;1
50555;1
58566;1
71408;1
64341;1
67464;1
70583;1
63393;2
52450;1
56470;2
57634;2
64636;2
57636;1
68990;1
56772;5
77268;1
65482;1
56570;6
62934;3
70499;1
51729;1
61893;1
70590;1
57926;2
50483;2
65389;1
62396;1
55994;1
61895;1
65388;1
65387;6
55992;3
51987;1
64648;1
63383;2
61495;1
70322;1
57528;1
52306;1
54467;2
71337;1
56784;2
67243;1
75069;1
51722;1
51058;1
65494;1
57125;1
55591;1
62936;1
65208;1
57124;1
55292;1
62937;1
75061;1
77565;2
57322;1
56780;1
48677;1
76036;1
64506;3
71060;3
51470;1
76137;1
75655;1
76136;2
56682;2
71065;1
63103;1
57427;1
65106;1
57426;1
64262;3
52579;1
50823;1
71342;1
57310;2
69376;1
65239;1
71057;1
65236;5
64233;1
46693;1
69464;2
56663;2
64107;1
77156;1
57714;3
45710;1
70200;1
75737;1
55965;3
75673;2
76015;2
71046;2
63126;1
54303;1
69264;2
62620;1
77685;1
70484;1
77153;1
55964;1
50809;1
56660;3
50706;1
54102;1
78965;1
71897;1
58099;1
57249;2
68685;2
78258;1
50895;2
62568;1
70305;7
52560;1
59495;2
64684;2
69662;1
52241;1
68401;1
78663;1
49402;1
78661;2
62563;2
58229;1
52806;4
52247;1
78959;1
47100;1
52757;1
62409;1
51360;1
75685;1
52964;1
63933;1
51160;1
58353;1
58999;1
74068;1
52557;1
75296;2
82136;1
52029;1
69144;2
52028;1
58749;2
50871;1
69648;1
46477;1
69005;1
71573;4
68429;1
58884;1
70618;2
53206;2
52441;2
52735;1
52736;1
57379;1
62238;1
55109;1
67053;2
55930;1
75560;1
62239;1
74894;1
52944;1
75172;2
58733;1
55102;1
69010;1
64494;1
62336;1
63906;1
57230;1
62534;1
47930;4
61907;2
52352;1
71092;1
74696;2
70606;1
60473;4
58052;1
57481;3
69625;1
79744;1
53907;1
50649;2
63964;4
66536;2
60344;1
68786;1
67268;3
71512;1
58862;1
46394;1
62467;1
78725;1
52527;1
63849;2
58128;1
69423;1
57488;1
59104;1
58125;2
55912;1
49319;1
63848;1
76893;1
55914;1
76892;1
40755;1
61835;1
52657;1
61834;2
71639;2
58658;1
60335;1
60487;1
68637;1
46760;2
67270;1
40551;1
74778;3
57392;5
55467;1
58451;1
59907;4
74637;1
71645;1
52278;1
55909;1
57461;2
52784;1
69602;1
58348;1
67186;1
63046;4
70903;1
77765;1
70664;1
67546;5
82841;1
70025;1
62488;1
78741;1
40362;1
70127;1
62481;1
58036;3
58982;1
57466;1
62588;1
71677;2
52678;1
55145;2
61812;1
63822;2
40154;1
67198;1
64450;2
63955;1
67694;3
67553;1
63057;1
60311;3
67297;2
74651;1
53118;1
68453;1
66690;1
58139;1
63817;1
73690;3
54040;2
60971;1
58922;2
60049;2
56866;1
73550;1
60630;1
63558;1
70186;1
70048;3
70967;1
54910;1
58166;1
66689;2
68601;2
68330;1
73497;4
75387;1
59412;1
39467;1
67526;1
55029;1
70177;1
66976;2
60783;1
68208;2
67833;3
58913;3
66480;3
67734;1
49913;1
58917;2
59941;1
74738;1
66877;3
73341;1
63074;1
75496;1
54922;1
60638;3
66678;1
70780;1
53563;2
68340;1
81423;1
67633;1
55038;1
53271;3
74384;1
58945;1
53288;1
60757;1
67708;3
60753;2
65081;2
70746;2
55412;3
66868;1
66257;1
76477;1
53771;2
73242;1
63870;2
73243;1
58285;2
70949;1
53773;1
68902;1
63984;1
67644;1
63985;2
53280;1
58189;1
39647;1
55003;1
76770;1
80915;1
56184;2
63561;2
76583;2
70054;2
53296;1
59137;1
56181;1
66999;4
53153;1
59038;1
73665;2
66859;1
73667;1
39076;1
56977;1
76682;1
54943;3
69749;1
70767;1
66469;1
49839;7
60357;1
53151;1
63994;3
54054;1
55016;1
59428;1
74815;1
52292;1
38027;1
47946;1
65777;1
59797;7
66238;2
59048;1
61198;2
59594;1
53433;1
66231;1
73590;2
56058;1
56827;1
65519;1
70083;1
62518;1
72053;1
55816;1
54856;1
47548;1
38287;1
74092;1
59791;5
59790;2
52725;1
54955;1
54146;1
66743;1
59582;1
59253;3
52073;1
65600;2
59440;4
66342;1
65507;2
72976;1
52078;1
60937;1
70843;1
68105;1
52076;1
72973;3
56809;3
66240;1
56063;1
55708;1
52179;1
74497;1
59051;1
74480;1
65635;1
59574;2
70994;1
70705;2
60699;1
41288;1
70708;1
59571;2
53041;1
56846;3
62506;1
59472;1
69792;1
53591;1
62500;1
66355;1
49367;1
58703;1
58700;2
54022;1
58701;1
69044;1
79934;1
59674;1
52975;1
63629;2
54129;1
54026;1
52703;1
72174;1
52972;1
74969;2
66498;1
53183;2
66499;2
47422;1
72178;1
69896;1
38159;1
53444;2
72808;3
78547;2
70718;1
66225;7
63528;1
79531;10
59270;1
53446;2
69986;1
52055;3
67610;1
60524;1
69784;4
53584;1
69981;1
73826;2
72998;1
55829;2
60390;1
66062;1
52888;1
63519;1
74958;1
67615;1
70723;1
62103;2
56086;5
59861;1
72166;3
75412;1
62029;1
76914;1
65443;1
76911;1
61646;1
74553;1
62778;1
59094;1
59720;1
55544;1
54293;3
39110;1
60822;2
69680;2
75038;2
76201;2
67004;3
61145;1
66028;2
65059;1
75802;1
51563;1
56338;3
72209;1
61553;1
61554;1
66152;2
66703;1
79912;1
57870;1
73917;1
71179;1
57871;1
56741;2
61251;2
75021;1
55555;1
72560;1
61159;3
72424;1
56648;1
54697;5
67014;5
56747;2
59874;4
65550;2
54882;2
61522;1
62657;1
65071;1
48173;1
60602;1
55868;1
47716;1
59849;8
56756;2
54479;3
65528;1
60801;7
54684;1
57614;2
59840;1
76502;1
81560;1
57610;5
49853;1
72943;1
65263;1
55870;6
71298;2
53614;1
77583;1
54482;1
71496;1
57898;2
71490;1
61130;1
64890;1
65261;1
65756;1
55536;5
71391;3
56350;1
56900;2
75008;1
59857;2
72441;1
71128;1
68812;2
55787;2
60858;1
62065;1
60719;2
56100;1
56103;1
61307;1
65014;2
56104;1
57072;2
64989;1
56108;2
56007;1
71270;1
71274;1
53534;1
73393;2
63184;3
63187;1
56504;1
48370;2
63189;2
72111;1
72522;1
66844;2
54758;2
61508;1
56709;1
74329;3
55611;2
65593;3
65004;2
65184;2
61118;2
70680;1
71145;1
61023;2
65424;2
65981;3
65420;1
62088;3
65988;1
53643;1
53640;1
51656;1
54643;1
66188;1
54644;1
61222;1
60842;1
54782;2
65173;2
65174;1
77354;1
62175;3
65434;1
64184;3
59510;1
49609;1
71151;1
54089;2
53518;2
79203;2
70677;1
66171;1
56529;3
57996;1
77217;1
50509;1
61439;1
56722;2
71908;8
55639;1
64950;2
68238;1
61433;1
56119;2
64732;2
62494;1
77224;1
54515;1
57575;1
70258;1
61447;1
64940;1
57576;1
67923;1
64941;1
71624;1
70357;2
75886;1
54414;1
71425;1
58573;1
54512;2
58574;1
70549;2
58536;1
57963;2
69499;1
68496;2
67359;4
54219;4
62969;1
51422;1
68350;1
57969;1
63297;1
76276;1
76070;1
58680;1
49093;1
64604;1
64930;2
64025;2
64022;1
40349;1
55190;1
70569;3
62098;2
62099;1
61844;1
57970;2
70461;1
63145;1
64320;1
54329;1
77230;1
71028;3
77036;1
64321;2
64134;5
57152;1
54539;4
64825;1
51715;2
62854;1
55163;1
77458;1
56698;2
51933;1
58558;1
50566;3
56416;1
71942;1
51217;1
55073;1
69323;3
50257;1
76252;1
57818;4
51920;2
57686;5
57685;2
67912;1
68480;1
71216;2
57046;1
50555;2
64905;1
76986;1
71009;1
70583;1
61481;1
63393;5
56470;2
50349;1
64636;1
57636;1
68990;1
56772;2
54559;1
62933;1
51731;1
56570;2
62730;1
70496;1
57929;1
61582;1
70497;2
51727;1
75647;1
50483;1
65389;1
62396;1
55992;1
65387;7
65392;1
63383;1
61495;2
62842;1
61395;1
54467;3
52306;1
55299;1
75069;1
51722;1
78172;1
65494;1
57124;2
65496;2
62937;2
75061;1
75559;1
57322;1
56780;1
76036;1
51470;1
71060;1
57427;2
71065;1
65106;1
57426;2
64262;3
70331;1
62812;1
75720;1
72205;2
71342;1
67239;2
61776;2
57310;1
56790;1
62752;2
64373;1
67433;1
71057;3
62373;1
64233;2
61771;1
61770;1
62375;1
77962;1
62820;2
69464;2
72486;1
64108;1
52324;1
51077;1
67226;1
71452;2
70200;2
55965;2
55967;1
76015;1
76948;1
69264;2
62620;1
77685;1
77153;1
70484;1
64244;1
50809;1
56660;1
75282;1
56098;1
54103;1
75698;1
52148;1
79809;1
70500;1
64487;1
50896;2
58099;1
55949;1
57249;3
68685;2
62568;2
70305;5
59495;1
52242;1
68401;2
69938;1
52806;3
58499;1
63215;1
62409;1
62353;1
66507;1
66509;1
52963;1
64471;1
52966;1
52031;2
51160;1
58353;1
52232;2
47918;1
52819;2
57365;1
69144;1
55118;3
52836;1
50870;1
50871;1
46335;1
69648;1
52647;1
71573;1
75169;1
68523;2
56382;2
58885;1
58201;1
75976;2
71094;1
63015;1
67053;2
64599;1
68797;1
53017;1
52944;1
75172;2
74048;1
52531;2
53210;1
47930;7
62432;1
52354;1
51287;1
70606;1
60473;1
55138;1
57481;1
63029;1
79744;1
59307;1
69624;2
68783;1
51270;1
68786;1
60344;1
66536;1
67268;1
63447;1
71512;2
63849;2
58128;1
58125;1
63441;1
55912;1
79750;1
63848;1
61835;1
40651;1
61834;1
52508;1
67279;1
68637;1
53137;1
52512;1
63457;1
57392;6
58452;1
55467;2
58451;1
57390;1
67964;1
59907;2
71645;2
53234;1
57461;2
58348;1
67186;1
63046;5
83591;1
52125;1
61944;1
70664;3
50776;1
58847;2
40362;1
62481;1
70127;1
58982;1
58036;3
57466;1
67954;1
66426;1
50840;1
63822;1
67694;2
66564;1
64450;2
63955;1
60311;3
69617;2
63051;1
52398;1
62575;1
69313;2
74651;1
68453;2
66690;1
61804;1
51142;1
60773;1
66988;1
73690;1
53374;1
58922;1
73695;2
53061;1
56866;2
74744;1
73550;1
60630;2
70048;1
67627;1
81532;1
70967;1
53675;1
58166;1
56199;1
59416;1
66689;1
75386;1
68601;1
53573;2
73497;2
59143;1
61050;1
67526;1
55029;1
53365;1
66976;1
70177;1
53072;2
67833;2
56857;1
56856;1
58913;2
75117;1
70170;1
60030;1
47383;1
74738;1
59941;1
53465;1
73341;1
63074;2
60638;2
66484;3
53664;2
66678;1
53563;1
70780;3
81423;1
70885;1
55038;1
58945;3
53353;2
53288;2
80904;1
67709;1
79022;1
66863;1
60952;1
53979;2
70746;1
54734;1
66257;3
76477;1
53771;4
73242;1
63870;4
58285;3
39585;1
53773;2
74820;1
47076;2
68902;1
53280;1
73471;1
53087;1
66391;1
55003;1
47075;1
52296;1
63561;3
70054;1
47261;2
59137;1
55401;2
59038;1
56977;2
54943;5
74913;1
68713;1
49839;8
63994;2
81546;1
55018;2
53294;1
55015;2
55016;2
59428;1
65099;1
47946;1
56250;1
67767;1
59797;7
53992;1
53434;2
60673;2
61198;4
70724;1
73590;2
63651;1
75144;1
39141;1
65519;1
70083;2
52996;1
62518;1
55816;4
54950;1
47548;1
70831;1
74844;7
56052;1
59791;2
59790;3
52189;1
72196;1
66743;1
39837;1
53839;1
59582;2
59985;1
61188;1
75251;1
53980;1
59440;2
66342;1
56953;1
53703;2
60937;2
68105;1
72973;2
56809;1
70744;1
66240;1
52175;1
56269;2
56063;1
55708;5
74498;1
59051;2
65635;2
70994;1
59574;3
78684;1
59571;4
56274;2
56846;2
62506;1
59472;1
66355;3
67601;1
59168;2
58700;2
54022;1
52601;1
53047;1
52065;1
63629;1
66623;1
52975;1
60510;1
60909;2
66498;1
74969;2
66499;1
47422;1
48809;1
72178;3
53181;1
75261;1
69896;2
49932;2
72808;1
50197;1
66225;7
76446;1
56831;1
70093;1
79531;10
52055;3
74854;1
67610;2
60524;2
69784;3
73826;2
63618;1
54016;1
74857;1
66062;1
52981;1
52885;1
70723;1
62103;2
56086;12
72164;1
64395;1
62029;1
76914;2
61646;1
51579;1
59094;2
55543;1
56240;1
55544;2
54293;1
60822;3
72360;1
75800;2
66028;3
65059;1
56338;1
68153;1
66608;1
61553;1
81185;1
37282;1
54898;1
73917;2
61251;1
56741;1
61159;2
60605;1
56648;1
54696;1
65738;1
67014;1
56747;1
61151;1
59874;2
57774;2
56369;2
38113;1
55868;1
59849;7
61125;1
61126;1
56756;2
60801;6
57614;1
72538;1
56361;1
57610;4
55661;1
57745;1
61122;1
49853;1
68174;1
62139;1
64284;1
48004;2
55870;1
53614;1
74448;2
72137;2
57898;2
77581;1
51883;1
65857;3
59754;2
56760;2
59752;1
65853;1
65261;3
65756;2
71391;1
55536;2
56900;1
55671;2
51884;2
72441;1
64999;1
71128;1
53521;1
60858;1
50543;1
60719;2
54355;1
54099;1
56103;3
61307;1
65014;3
70294;3
57072;1
56108;1
70393;1
65190;1
71270;1
70794;2
55793;1
56406;1
48370;1
61209;3
61018;1
61019;1
65001;1
66844;1
61508;3
74329;1
56709;1
65593;7
65004;1
82576;1
56608;1
81047;1
61606;2
54657;1
39493;1
70680;2
39494;1
71145;1
65424;3
65981;2
62185;1
70688;1
53643;1
57780;2
53640;1
54644;1
54789;1
66954;1
68245;1
60842;1
60884;1
62891;1
77354;2
65990;2
64184;1
57992;1
50513;1
56313;1
54089;2
70677;1
71259;1
56529;1
62074;1
50120;1
56117;2
77218;1
64047;1
71908;6
64950;1
55639;1
61434;1
72275;1
54639;2
76211;1
56119;1
64732;4
62494;1
54516;1
61443;1
54515;1
57575;1
64118;1
75783;1
58574;2
70549;2
77634;1
69499;2
68496;1
70451;1
54218;1
54219;4
62296;1
51422;1
68350;4
57969;2
50584;1
61352;1
50372;1
64120;1
54421;1
57567;2
51619;1
64022;1
55190;1
51824;2
62884;1
71826;1
56448;2
62098;1
57973;1
57970;2
70461;1
63145;1
64320;3
77230;1
71028;1
64134;6
51022;2
61726;1
63474;1
64132;1
57050;1
62855;1
63372;1
77102;1
55163;1
56698;1
58558;1
57694;1
50566;1
77838;1
51306;2
63274;1
56416;1
84225;1
75090;1
64147;1
69323;1
55070;1
69327;1
57686;2
71809;1
57685;1
71216;2
64521;1
71605;1
57046;6
50558;1
56421;1
58566;2
54209;1
71408;2
64905;1
51500;1
58529;1
71009;1
67464;4
63393;3
48304;1
56470;1
57634;1
68990;2
54559;2
62933;2
56570;1
57533;2
70499;4
70497;1
70590;1
57926;1
69456;1
55994;1
65387;2
76143;1
57435;1
63383;1
64648;1
61495;1
70322;1
54467;2
52306;1
71337;2
64641;1
55299;1
62940;1
72311;1
77276;1
75069;1
78172;1
65494;2
61882;1
64506;2
71060;2
51470;1
56682;1
58503;1
63103;2
71065;1
51336;1
64262;1
52579;2
70331;1
77970;1
71342;2
72577;1
52316;2
67239;2
61971;1
52478;1
69578;1
56790;1
62752;2
69376;2
62274;1
65236;1
64233;1
61771;1
61770;1
62375;2
62820;1
69464;2
56663;1
51077;1
57714;2
67226;1
45710;2
57851;1
70200;1
75737;1
55965;1
76015;2
55967;1
71046;1
71049;1
77153;1
56098;2
54103;1
77093;1
71798;1
63922;1
78965;1
50896;1
58099;1
55949;1
68685;1
57249;5
64486;1
63920;2
50895;1
79087;1
52560;1
70305;2
78763;1
47901;1
80835;1
52562;1
70400;2
49402;3
75289;1
69938;1
52806;3
52247;1
58499;1
63215;1
52757;4
62409;1
66507;1
52616;2
64471;1
52752;1
58353;4
79098;1
55364;1
80723;1
52164;1
52647;2
69642;1
55922;1
71573;1
58884;2
51293;1
58885;1
56382;3
70618;3
58201;2
75976;1
52735;1
52736;1
57379;1
71094;1
55109;2
67053;2
55930;3
74894;1
53016;1
58733;1
62337;1
68690;1
74794;1
49023;1
52531;1
49020;1
66320;2
62534;2
47930;5
62431;1
52354;1
52219;1
61907;1
51287;1
74696;1
57481;1
78210;1
69625;1
59307;1
53907;1
79746;1
63964;1
51270;1
66536;3
58468;1
67268;1
53123;1
71512;1
58128;2
52659;1
71638;2
55914;1
64434;2
40754;1
61834;2
58658;1
58659;1
46768;1
63030;1
60487;2
68776;1
52512;3
57392;5
57390;1
62597;1
67964;1
52278;1
55909;1
78990;1
74633;2
52784;1
62305;1
61800;2
52782;2
69602;1
58348;1
57268;2
63046;2
52125;2
69813;1
70903;2
77765;1
61944;2
77766;1
70664;2
58847;2
40362;1
70127;3
62487;1
70022;1
58036;1
58982;3
54508;1
57467;1
63825;1
61812;1
55145;1
63822;2
67198;1
63955;1
67694;1
47369;1
63057;1
60311;2
63053;1
48605;1
52397;1
63438;1
62575;1
69313;3
74651;1
40250;2
68453;1
66690;4
61804;1
58049;1
70111;2
58139;1
73690;1
60971;1
53374;1
73550;3
60630;1
60429;1
70186;1
47290;1
67827;1
70775;1
66274;2
56010;1
70967;1
60626;1
54910;1
54813;1
59416;2
66689;1
68601;1
73497;2
53261;1
67526;1
39467;1
55029;1
54624;1
53365;2
53274;2
53071;2
68208;2
67833;2
53364;1
58913;1
67734;1
50038;1
60030;1
74738;1
67636;1
63074;2
54922;1
53664;1
60638;3
59548;1
66678;1
53563;1
67633;2
73346;1
68340;2
58945;2
53353;2
53288;1
80904;1
70889;1
74249;1
67709;1
67708;2
53357;2
60753;2
55314;1
53979;1
55412;1
66257;2
73676;1
53771;2
47661;1
73242;2
63870;2
73243;1
70949;2
63984;1
67644;1
53280;1
63985;3
73471;2
53555;4
66391;2
53094;2
46800;1
63561;1
65095;1
52095;1
63562;1
59137;1
66999;1
73665;3
66859;1
39076;1
70958;1
54943;1
69749;1
68713;1
70767;2
66469;1
53864;2
49839;10
60354;1
53151;1
63994;1
54054;1
55018;1
79570;2
69742;1
53540;1
53294;1
55016;1
52292;1
54058;1
69848;1
59797;7
66238;1
59593;2
74199;1
59594;3
59048;1
53434;1
73590;4
63651;3
56827;1
79180;2
65519;2
52996;1
54950;2
47549;1
59455;1
70831;2
60925;1
56052;1
39286;1
59791;1
53029;1
59790;2
52725;1
54146;1
49444;1
59253;4
59985;1
61188;1
63640;1
74298;1
75251;1
59440;2
80672;1
65507;1
56813;1
53703;1
72976;1
70843;1
60937;2
52076;1
72973;1
56809;1
70744;2
56269;1
52179;1
55708;3
74498;1
74480;1
53317;1
62401;1
70994;1
56274;3
58901;2
56846;4
41189;1
69792;6
62500;2
56849;2
53734;1
58702;1
59168;4
58700;2
58701;1
53047;1
80124;1
54834;1
48948;1
63629;1
66623;1
60510;2
52970;1
52972;1
52876;1
47422;2
66499;1
54123;1
48809;2
55830;1
72178;2
75261;2
53181;1
66762;3
54702;1
75274;1
80553;1
66225;10
80747;1
67757;2
56837;1
66892;1
70093;1
69058;1
79531;10
52055;1
62102;1
67610;2
69784;2
69981;1
72998;1
72084;1
55829;2
66062;2
60390;3
74958;1
75473;3
52981;1
52885;2
79179;1
59079;2
75270;1
56086;2
72162;1
72164;1
72169;1
65443;1
61646;2
59094;1
55543;1
55544;3
60822;2
61146;2
75038;1
56735;1
64885;1
66028;2
75802;1
51563;1
54690;1
66608;2
68153;1
61553;1
69286;2
81398;1
54898;1
61251;1
56741;2
72428;1
72358;1
72560;1
56742;1
54697;3
67014;3
56747;2
65551;1
65550;2
59874;2
49851;1
61522;1
65945;1
65071;3
66043;1
49993;1
53606;1
56227;1
53604;1
72634;1
47716;1
59849;10
71389;1
54479;1
60801;7
57614;1
57610;6
81560;1
75820;2
55661;1
76114;1
55870;1
65263;3
74448;1
54482;1
65857;1
59754;1
72334;1
71490;1
72234;1
65261;1
61130;1
55536;2
56900;1
56350;1
55671;3
68812;1
55787;1
56202;1
63198;2
62065;1
48059;1
60719;3
50539;1
56103;1
61307;1
72905;1
65014;2
54350;1
70294;2
48259;1
57072;1
70393;1
60862;1
56408;1
65410;2
55793;1
54265;2
63187;1
61209;1
63189;1
72111;1
61019;1
66844;1
74329;1
60891;3
65593;2
54360;1
65004;2
65184;2
61118;2
72254;1
54657;1
70680;1
71145;1
62185;1
61023;2
65981;2
64171;1
76742;1
54078;1
53643;1
57780;1
67813;1
59705;1
64862;2
80330;1
66954;1
68245;2
67810;1
54782;1
60196;1
60842;2
77354;1
39338;1
51641;1
65434;1
65990;2
76634;1
68232;1
59510;1
57992;4
39221;2
54089;1
66172;3
53518;2
70677;1
57996;1
56529;1
62074;3
56117;3
77218;2
54086;1
61439;1
71908;11
56722;2
64950;1
64858;1
61434;1
64185;2
68238;2
50023;1
56119;3
64732;2
62494;2
54516;1
64940;3
57576;1
64941;1
57032;1
71624;1
70357;1
64118;1
71622;1
58573;2
70549;3
58574;3
58536;2
57963;1
61750;3
69499;1
51632;2
52691;1
68496;1
54310;1
67359;1
81112;1
54218;1
54219;2
62296;1
62295;1
51422;1
69350;2
68350;3
57969;5
63297;2
50372;2
54421;1
57567;2
76279;1
64748;1
68091;1
67207;2
64025;1
64022;1
55190;1
51824;1
56448;1
81904;1
70569;1
71627;1
62099;1
57973;1
57970;1
67343;1
63145;1
71830;1
71028;1
81038;1
64134;2
54539;2
70237;1
63474;1
64132;1
62854;1
63372;4
63371;1
55163;1
56698;3
61879;1
71012;3
57059;1
50566;1
77513;1
63274;1
55073;1
69323;2
55070;2
75086;1
69327;1
54401;1
57818;1
51116;1
64910;1
57686;4
67912;1
69220;1
56420;1
71605;1
71216;4
78111;1
57046;1
56421;1
58566;2
71308;2
58529;1
67464;2
61481;1
63393;2
48304;1
56470;2
57634;1
50349;1
64636;3
54559;1
56772;2
65482;2
57533;1
62934;1
70496;1
57929;1
67251;1
61891;1
75647;1
78913;1
50483;1
62396;2
55994;1
61895;1
65388;2
65387;6
57435;1
51987;2
51866;1
61495;1
54467;1
52306;2
61395;1
71337;1
55299;2
62940;1
52469;1
72311;2
75069;1
62936;1
65496;1
77565;2
75061;1
48677;1
61882;1
75559;1
57322;1
76036;2
64506;1
56489;1
51470;1
71060;2
58503;1
57426;1
77970;1
72205;1
75720;1
71342;3
52316;1
67236;1
67239;3
52478;1
78168;1
56790;1
62752;2
69376;1
62274;1
65239;4
65236;1
64233;1
63130;1
61770;1
62375;2
62820;4
64762;1
56663;1
64108;1
67226;1
57714;1
45710;2
71452;1
70200;1
75737;2
51739;1
76015;1
67424;1
71046;1
71049;3
48559;1
69264;1
51357;1
65911;1
77685;1
77549;1
56660;1
55964;1
56098;2
62360;1
73609;1
52146;1
71798;1
53815;1
63922;1
71897;1
58099;1
57249;3
63920;1
52561;1
70305;7
47015;1
55377;1
71595;1
64684;3
69662;1
68401;3
63917;1
70400;2
49402;1
62563;1
69938;3
52806;4
58499;1
47307;1
62350;1
62353;1
52757;1
62409;1
52963;1
75685;2
64471;2
51160;2
58355;1
58353;3
52553;2
52557;1
62418;1
55493;2
69144;2
55118;3
46335;1
75571;1
69648;1
50875;1
71573;1
69005;2
55918;2
75164;2
68523;1
70426;1
58884;1
56382;2
68525;1
58201;1
53206;1
52735;1
40011;1
52736;1
67053;2
55930;1
64599;2
68797;1
62239;1
53016;1
55102;2
69010;1
64494;1
49023;1
57230;1
62431;1
62534;2
75177;3
47930;6
64692;3
52354;2
52215;1
51287;1
74696;1
70411;1
63028;1
55138;1
60473;1
58052;1
57481;3
69625;1
59307;1
70543;1
79744;1
53907;2
69624;1
50649;1
63964;2
66536;2
60344;1
67268;2
57589;1
63447;1
71512;1
78624;1
62467;1
58128;1
57488;1
63441;2
58125;1
51134;1
52283;1
51133;1
55912;1
55914;1
71638;1
79756;1
64434;1
76892;1
52657;3
76890;1
41036;1
77899;1
58659;1
63030;1
60487;1
64439;1
68637;1
74125;1
74778;1
57392;4
71548;1
59907;3
74638;1
55909;2
74633;1
53234;1
46222;1
57461;1
52784;1
67181;2
40640;1
62305;1
58141;1
69602;3
52782;1
58348;1
67186;1
70119;1
57268;1
63046;3
70903;1
70664;1
67957;4
74768;1
74767;2
50776;2
71533;1
67189;1
58847;1
58986;1
62481;1
70127;1
53246;2
53932;1
62487;2
70022;1
58982;3
57466;1
67954;2
67193;1
61812;1
55145;1
63822;2
67198;3
67694;4
64450;1
67196;2
63057;1
61952;1
47369;1
60311;1
63726;1
69617;1
63053;1
48605;1
52397;1
69313;2
74651;1
66690;3
61804;2
58139;1
54040;3
58922;2
60971;1
73554;1
53061;1
56866;2
73550;1
60630;1
70972;1
67627;1
70775;1
69875;1
66274;1
70967;1
60626;3
54910;1
56199;2
58166;2
66689;3
73497;1
53573;1
53756;1
59412;1
73496;1
55029;1
53365;1
66976;1
68346;1
68208;1
67833;2
47590;1
58913;2
66480;1
70170;2
53464;1
60030;1
74738;1
70981;1
67636;1
54178;2
53664;1
60638;1
53563;1
70780;2
53668;1
53079;1
53271;1
58945;3
60757;2
67709;1
67708;3
66863;2
53357;1
47270;1
53979;1
66868;1
73676;1
63870;5
70949;1
47076;1
67504;1
68902;2
63984;1
63985;1
67644;1
66595;1
73471;2
75362;1
66391;1
80915;2
52296;1
63561;1
56184;4
78504;1
76583;1
52095;2
54602;1
73569;1
53296;1
63562;2
79576;1
59137;2
66999;2
53153;1
39079;1
73665;1
70964;1
66859;2
76682;2
54943;6
41055;1
69749;2
68713;2
70767;2
60357;2
49839;12
39844;1
60354;1
63994;4
81546;1
55018;1
54054;1
53294;1
55015;2
55016;1
74815;1
69099;1
65098;2
69098;1
65099;1
59797;6
66238;3
59593;1
53434;1
61198;1
59048;1
60673;1
73590;1
63651;1
56827;1
65519;4
54856;1
47549;2
53715;1
72051;1
61095;1
70831;1
52999;1
74844;1
56052;1
59790;5
56254;1
52189;2
66743;1
39837;2
54146;1
59253;1
78427;1
59786;1
59985;1
63640;2
66242;2
52073;3
66342;1
59440;1
80672;1
67877;2
53703;1
60937;4
61086;1
68105;1
72973;1
80872;1
63780;1
56809;3
52179;1
74497;1
55708;1
54137;1
53317;1
70705;1
70994;1
59574;2
70708;1
59571;1
56274;1
69994;1
75123;1
58901;1
56846;1
59472;2
56849;1
69792;1
66355;3
56138;1
53047;1
54834;2
60510;1
63629;1
66623;1
52975;1
52703;1
52702;1
60909;2
66498;1
66499;3
72178;1
48809;1
69896;1
53181;2
53444;1
75274;1
73736;1
66225;8
56837;2
67898;1
79531;9
52055;1
69052;1
62102;1
67610;2
60524;6
69784;2
53584;2
73826;1
55829;1
74859;1
54016;1
52881;1
60390;3
66062;3
69199;1
73427;1
52981;2
52885;1
59079;1
69196;2
56086;9
72756;1
72950;2
72164;1
62776;1
62029;2
66160;1
65443;1
61646;1
59094;1
55544;1
54293;1
60822;3
64888;1
61146;1
61243;1
75038;1
65059;2
75802;1
54690;1
54897;1
62782;1
56338;4
68153;2
66608;2
61553;1
69286;1
68295;1
81185;1
54898;1
66152;2
56741;1
61251;2
55555;2
61159;1
56648;1
54697;2
65046;1
54696;2
67014;1
65550;2
59874;4
54882;2
61521;1
62792;1
82364;1
65945;1
65947;1
53604;1
75438;1
59849;5
61125;1
71389;2
65528;1
76404;1
60801;5
57742;1
57614;1
72538;1
65270;1
59840;1
76502;1
81560;1
51792;1
57610;5
71383;1
57745;2
62139;1
48599;1
55870;3
71297;1
72135;1
72137;1
54482;1
57898;1
76316;1
71490;2
61130;1
71392;1
65261;3
55536;3
56900;1
71390;2
55671;3
71128;1
55787;2
60858;1
50543;1
48059;1
60719;1
62066;1
56100;1
56103;4
72905;1
65014;4
57072;3
64989;1
70393;4
56108;1
51529;1
61104;2
71270;2
71274;1
65410;1
54265;1
70794;2
53534;1
63184;1
61209;1
63187;2
63189;1
63188;1
60997;2
61508;1
74329;1
74328;1
55611;1
73064;1
65593;5
65004;3
61118;2
61606;2
74322;1
70680;1
71145;1
65424;2
62185;1
61023;2
65981;4
37232;1
65420;1
65988;1
53501;1
53640;1
60881;2
67813;1
54643;1
68147;1
66188;1
65567;2
54782;1
60842;2
67810;3
65173;1
60884;1
70278;1
70671;1
65990;1
68231;1
57992;1
54089;2
79203;2
66172;2
53518;1
70677;1
56529;2
54381;1
64047;1
54086;2
71908;6
68030;1
64950;2
61434;1
60833;1
56119;1
64732;5
62494;1
54515;1
57575;1
70258;1
64941;2
67923;2
51007;2
64118;1
70357;3
58573;2
70549;1
58536;1
63152;2
51632;1
69499;1
67359;1
68496;5
54219;2
62296;3
58539;2
50584;1
57969;6
76853;1
50372;1
76276;1
57567;4
64120;3
64748;1
76379;1
67207;1
64604;1
64930;2
77135;1
64601;1
71826;1
48227;1
62098;1
70569;3
76177;1
61844;1
62099;1
57970;1
57971;1
63145;1
64320;2
54329;1
77230;1
64229;1
71028;1
77036;1
64134;4
54539;2
51022;1
70237;1
64825;1
64132;1
62854;1
62855;2
63371;1
56698;1
61879;1
71012;2
77838;1
50566;1
57943;1
56556;2
64147;1
71109;1
69323;1
71317;2
61473;1
57819;1
51116;1
57818;3
54541;1
62868;1
57686;7
67912;2
71216;1
56421;1
58566;2
70583;1
67464;4
63393;7
56470;2
56772;2
65482;1
51731;1
56570;1
57533;2
62730;1
61582;2
70497;1
64353;1
57926;1
61891;1
55994;1
65387;2
64648;1
63383;1
57528;2
52306;1
55299;1
62940;1
56784;2
75069;3
65494;1
57124;1
65496;1
56780;1
64506;2
76036;5
51470;2
71060;3
57427;1
63103;2
71065;1
65106;1
52579;2
77974;1
70331;1
62812;2
61971;1
67239;1
52478;1
75526;1
57310;1
56790;1
62752;1
69376;1
71980;1
65236;2
64233;2
65902;1
62375;2
62820;1
64762;1
69464;1
56663;1
64108;1
77156;1
54442;1
45710;1
55965;1
75673;1
51739;1
71047;1
71046;1
69263;1
70484;2
50809;1
