29508;1
37096;1
69122;1
78356;3
75596;3
52045;1
50895;1
63921;1
70305;1
69662;1
52423;1
78351;1
73616;2
52806;1
78369;1
71881;1
86720;1
62356;1
37081;1
69679;1
40799;1
84894;2
80725;1
68530;1
55493;2
80722;1
62342;2
63004;1
89348;1
79820;1
67781;1
50874;2
29000;1
69648;1
36214;1
75160;2
36216;1
50878;1
46673;1
84887;2
30200;1
58885;1
33973;1
58886;1
68525;1
58888;1
52441;1
58871;1
85656;1
75172;1
29017;1
74048;1
57230;1
74044;1
75177;1
74042;1
80703;2
47257;1
63029;2
53906;1
53907;1
40763;1
69624;1
63858;1
55472;1
64584;1
73653;1
73654;1
63447;1
84860;1
71512;1
35300;1
86471;1
63441;3
63979;1
39636;1
40753;1
63846;1
40754;1
63972;1
45212;1
79853;2
89376;1
63840;1
78323;1
73642;3
59902;1
35310;1
61829;1
57297;1
84854;1
74025;1
53139;2
63453;4
74023;1
63832;2
64566;1
45223;1
69606;1
32489;1
57262;1
40362;1
53932;1
50396;3
64558;1
69613;1
41019;1
61812;1
78344;2
79870;1
58832;1
50836;1
53118;1
50839;1
74001;1
61804;1
86467;1
46109;2
76596;1
81631;2
56193;1
49345;1
43402;1
54612;1
49341;1
55021;1
41061;1
41060;2
43403;1
80382;1
55436;1
41478;1
59000;2
30695;1
63068;1
43013;1
39666;1
40724;1
56199;1
59416;1
39669;1
55029;3
47284;1
54624;1
83767;1
53941;1
59947;1
81624;1
44851;1
73687;1
83760;1
60178;2
74737;1
59017;1
55424;1
74738;3
43415;2
59016;1
60580;1
70783;1
41077;1
70780;1
60586;1
41847;1
40711;1
55038;1
36295;1
87540;1
44843;1
47270;1
53979;1
63089;2
59021;1
41047;1
70755;1
59433;1
49326;1
30281;1
53555;4
43705;1
59437;1
73665;1
39277;1
70767;1
39276;1
74707;1
49338;1
55018;2
53540;1
60565;2
30689;1
48833;1
69169;1
66236;1
67767;1
43052;2
52084;1
43440;1
56154;1
49385;2
60533;1
59456;1
72982;2
59458;1
80783;1
39286;1
75942;1
49956;1
66242;1
52073;2
52071;1
44892;1
67779;1
44897;1
75159;6
72976;1
92440;2
68105;1
85634;1
32930;1
32400;2
80759;2
59977;2
49922;3
76535;1
36250;1
75123;1
67749;1
52061;1
60512;1
52066;1
81647;1
79263;1
46177;1
43036;1
48809;1
66223;1
67754;1
66225;4
59966;1
36262;1
52051;1
81642;2
83788;1
44043;1
52057;1
69197;1
46181;1
69196;1
43027;1
59079;2
80750;1
44533;3
74454;1
76105;1
72164;1
68856;1
82243;1
68029;1
30622;1
81193;1
56243;1
64193;1
54293;1
37491;1
85092;1
47733;3
76529;1
50300;1
72558;1
72156;1
92358;1
85086;1
82232;1
81187;2
55753;1
31435;2
54697;1
67012;1
42688;1
67014;1
47722;1
74432;2
65276;2
55729;1
56224;2
30601;1
48796;1
48270;2
48798;1
84492;1
47716;1
37474;1
47719;1
31014;1
54684;1
65272;1
43787;1
68848;2
48392;2
79340;1
79341;1
38510;1
42663;2
44117;1
42660;2
65261;1
47700;1
42668;1
72508;2
68819;1
84435;1
48382;2
84434;1
48383;1
68818;2
39210;1
61306;3
61307;3
70294;2
64158;1
43769;2
48789;1
55793;5
92394;2
47761;1
48370;2
83318;1
48375;2
44827;1
41436;1
61316;1
39204;1
54260;1
44821;1
80462;2
80463;1
70682;1
64171;1
48753;1
53505;2
84458;2
47752;1
79318;1
60196;1
54244;2
64184;2
59513;2
39220;1
39221;3
53517;2
53518;2
68806;2
57793;1
39228;1
41412;1
71908;4
83833;1
64950;1
64185;2
71901;1
89766;1
50938;3
67491;3
45678;1
51003;1
64941;1
51007;2
29595;1
52497;1
48212;1
61750;1
75500;1
68496;1
42202;1
48342;1
81113;1
54219;1
64535;3
75508;1
64538;1
75501;1
86432;1
37015;2
76172;1
64128;2
77239;1
48227;1
48223;3
81103;1
84404;2
54228;1
61744;1
77230;1
71939;1
84913;1
63474;1
45659;1
86428;1
71403;1
62854;1
50367;1
56698;1
58418;2
84413;1
40309;1
34159;1
61735;1
61736;1
85033;2
40320;1
64147;1
78701;1
77257;1
71948;1
78707;1
84014;1
51801;2
62868;1
61338;1
64910;1
36730;2
48315;1
35201;1
54208;2
77644;1
77251;1
58421;1
52450;2
48304;3
48302;1
61382;2
50341;1
69590;1
61380;2
51469;1
81154;1
76956;1
81150;1
78288;1
81157;1
52460;1
82681;1
62846;1
40304;1
45163;2
50338;2
52469;2
88655;1
37440;1
71060;2
71065;1
72579;1
50324;1
85071;1
52478;1
75526;1
68872;1
57310;1
85075;2
77285;1
71057;1
42222;1
44550;1
82266;1
61770;1
62820;1
34667;1
71454;1
52483;2
34663;1
51078;1
82663;1
57714;3
75537;1
61765;1
71047;1
82251;1
71049;1
77687;2
51839;1
56660;2
69526;2
51378;3
52144;1
58097;1
52561;1
55377;1
68401;1
77988;1
75289;1
78661;1
78666;2
40286;1
52130;1
75294;1
51369;1
78266;6
75685;1
78267;1
58999;1
78262;1
55364;1
88725;2
52557;1
84994;1
78655;1
78654;1
84998;1
48901;3
57366;1
36119;1
77076;1
62241;1
88311;1
78239;1
52543;1
55397;1
30346;2
77078;1
53206;1
57379;1
34337;1
29157;1
52151;1
47329;1
87200;1
80852;1
51384;1
64494;1
55387;1
53210;2
66320;1
85940;1
61907;1
46782;2
74696;1
53216;1
45107;2
39727;1
76490;1
58468;3
63715;1
60477;2
91286;1
43388;2
58463;1
85971;1
76497;1
85973;1
35404;1
59108;2
86184;1
35803;1
46769;1
76898;1
40659;1
50958;1
74630;2
57392;13
84957;1
57390;1
84954;1
58451;2
84955;2
74637;1
40236;1
36543;1
36550;1
69507;1
61944;1
52120;1
81709;1
84158;1
84159;1
35428;1
84984;1
47376;1
78607;1
53246;2
32589;1
47367;1
47369;2
63726;1
74142;1
74651;1
81700;1
63337;1
37621;1
44969;1
37622;1
70869;1
42706;1
86140;1
74600;1
73550;1
60429;1
36178;1
41755;2
39769;1
73943;2
39381;1
47399;4
53675;1
43828;1
61055;1
61054;1
60967;1
41324;1
75217;1
37638;1
36189;1
49216;1
49215;1
60444;1
60445;2
66775;1
60442;1
29841;1
59548;1
43836;1
47792;1
48958;2
53668;2
65084;1
73577;1
37643;1
54731;1
60952;1
55319;1
39781;1
36198;1
83894;1
81756;1
67846;2
43844;3
32137;1
88396;1
61073;1
60947;1
68902;2
79764;1
58007;1
65095;2
67854;1
58003;1
58006;1
59520;1
44971;1
76485;1
44973;1
83884;1
39795;1
83070;1
53294;1
60462;1
73970;1
81778;1
32528;1
36133;1
69979;1
73590;3
61092;2
80879;1
65519;1
52996;1
55816;2
52997;1
37660;1
38289;1
52184;1
86616;1
66743;1
59182;2
78696;1
73584;1
69969;1
42731;1
61081;2
69965;1
73589;2
69074;1
63780;3
79390;1
52179;1
43323;1
78689;1
42762;1
81799;1
56274;1
72070;2
69049;1
59168;1
86631;1
52979;1
37685;1
69990;1
52970;1
60909;1
78679;1
42752;1
54702;1
49277;1
36161;1
75278;1
76446;2
69989;1
43338;1
52981;1
60425;1
75270;2
60424;3
32870;1
38649;1
64090;1
42388;1
48154;1
74553;2
71369;3
89859;2
64888;1
64885;2
79479;3
51773;3
37593;1
83017;1
79462;1
81281;2
72015;2
56338;1
44409;1
39300;2
57870;1
89846;1
56741;1
92209;1
56742;1
71377;1
83910;1
65550;2
72959;1
56369;1
83915;1
68970;1
53606;1
74570;1
77592;3
31869;1
56756;1
56361;1
71381;1
79458;1
79457;3
57890;1
49982;1
77583;1
65950;1
72447;1
56760;2
64088;1
72441;1
71394;1
65961;2
65198;1
53625;1
82306;1
54357;1
83937;1
72905;1
60079;1
70393;4
44911;1
44913;1
70390;3
43864;1
48471;1
65187;1
48888;1
64063;4
73060;2
43865;1
74529;1
72918;1
34706;1
54758;1
83048;1
37705;1
60087;1
65185;2
44926;1
38204;1
82328;1
65981;1
48897;1
60092;1
53643;3
73092;1
53640;5
74534;1
83961;1
64862;1
64036;2
54789;1
79417;1
65174;2
48493;1
48141;1
31829;2
74549;1
92273;1
64047;1
64852;1
44949;3
61439;1
64856;1
83429;1
60873;1
64857;1
45505;1
86546;1
46303;1
77916;1
61449;1
61448;1
45033;2
86541;1
71822;1
45925;1
67353;3
62296;1
36610;1
86534;1
76865;1
58546;2
54329;1
48432;2
45930;1
64825;1
74105;1
61465;1
61464;1
91315;3
75623;5
58518;1
45017;1
31383;1
45014;1
46316;1
91701;3
48109;1
78195;1
64816;2
84110;1
64814;1
61473;1
70387;1
70388;1
71809;1
77507;2
51315;1
84524;1
76884;1
77501;2
81224;2
48454;1
61481;1
71320;1
82772;1
82778;1
91331;1
88766;1
48408;1
68398;1
45070;1
48404;1
51731;1
71322;1
81256;1
51320;1
77573;1
68397;1
76049;1
76811;9
69456;1
75646;1
76812;1
81250;1
71863;1
57435;4
91326;2
61491;1
61492;1
71330;2
61493;1
70322;1
51724;1
71337;1
56784;1
91724;1
82782;1
77949;1
62937;1
65104;2
77565;1
45974;1
37151;1
62268;1
75656;1
75659;1
51336;1
37544;1
71341;1
56798;3
36600;1
77556;1
62278;1
45987;1
75662;1
56790;1
51343;1
62274;1
47402;1
37160;1
62960;1
46693;1
71351;1
77156;1
44461;1
57851;1
71358;1
77968;1
77967;1
51738;1
76015;1
69469;1
47414;2
51357;1
51359;2
55233;1
36436;1
59204;1
55237;1
84272;1
58622;1
52621;1
50613;1
52243;1
52241;1
85207;1
79081;1
52247;4
73400;2
63215;2
66402;1
84284;1
36443;1
78958;1
82029;1
47006;1
71685;1
49558;1
52231;1
79614;2
52237;1
85471;1
51292;1
52643;2
58607;1
52647;2
49524;1
41241;1
78979;1
55930;1
36427;1
68797;1
78972;1
43277;2
82046;1
78975;1
47932;1
67980;1
78586;1
70543;1
46892;1
57484;1
68783;1
69835;1
49113;2
46391;2
51274;1
91102;1
69423;1
46896;1
69422;1
45380;1
41226;1
85424;1
45385;1
77891;1
71638;1
42120;1
30455;1
40174;1
68775;1
30457;1
85823;1
48626;1
60336;1
40551;1
86961;1
70943;1
62597;1
55909;1
83182;1
58113;1
83599;1
45368;1
67548;1
86927;1
82981;1
70903;1
83979;1
85815;1
62583;2
69407;1
62588;2
67954;1
69808;1
58638;1
83588;1
82971;1
40982;1
60311;2
66422;1
83585;1
46384;5
70017;1
62570;1
85415;1
70507;1
33331;1
52256;2
83992;1
58139;1
71669;2
68335;1
79001;1
53374;1
50189;1
66470;1
79688;2
73883;1
39873;2
49705;1
69875;1
73128;1
80189;1
47094;1
43201;1
54813;1
73497;2
42152;1
73496;2
47981;9
53365;1
66874;1
53363;1
53364;1
63680;2
89531;1
80531;1
74257;1
74936;2
69868;1
39869;1
54821;1
79018;1
79019;1
54823;1
81423;1
47087;1
42165;3
60755;2
53353;1
81409;1
60757;3
44274;1
53357;1
66863;1
53771;2
80163;1
73103;1
53773;1
83552;1
76778;1
60362;1
73473;1
76773;1
67504;1
76774;1
73471;1
47072;2
58189;1
42135;1
89155;1
67509;1
52296;1
46800;1
70054;1
60764;2
40193;1
60763;1
52298;1
47475;1
39079;1
74907;1
46803;1
66859;1
74914;1
39849;1
54157;1
68713;2
73466;1
53763;2
79035;1
58174;1
61195;2
61198;1
79642;1
78510;1
83528;1
53707;2
59656;2
70083;1
80145;1
53715;1
36075;1
62112;1
75345;2
73458;1
54146;1
39837;1
46826;2
61188;1
68300;1
83518;1
53703;1
47044;1
89912;1
54137;3
47458;1
79665;3
53317;1
69891;1
72815;1
74284;2
63639;1
46833;1
78539;1
62506;1
56943;1
61179;1
47033;1
75321;1
54836;2
73818;1
66051;1
54834;2
53739;1
52605;1
54129;1
74282;1
54124;1
74969;1
32685;1
47422;1
41280;1
50197;2
72808;2
53307;2
82500;1
59275;2
72809;1
66067;2
78549;1
47026;1
47970;1
39809;1
60391;2
73427;1
32675;1
90494;1
73424;2
72757;2
37291;1
65053;1
76721;1
54490;1
66160;2
60815;1
73934;2
82441;1
72367;1
43539;1
44735;1
59726;1
36953;1
65059;1
82442;1
43534;1
61141;1
81980;1
41679;1
54897;1
54890;1
80224;1
37283;1
81398;1
89097;1
75714;1
50107;1
44748;1
44745;1
48023;1
48020;1
82433;1
31232;1
61520;1
44328;2
61521;1
72734;1
61522;1
44329;1
65071;1
54889;1
65463;1
65848;1
48998;1
61126;1
54479;3
61123;1
81966;1
81969;1
48009;1
48599;1
71298;1
65477;1
73186;1
54482;1
44725;1
65853;3
82412;1
65851;1
55536;2
56900;1
48591;2
89049;1
56000;1
60858;1
72791;2
50543;1
44770;1
54092;1
43578;14
77475;1
61106;1
56007;1
87720;2
92108;1
61513;1
35977;1
44785;1
66844;1
43560;1
61508;1
77465;1
35064;1
49620;1
37248;1
64704;1
62185;1
62695;1
57984;2
50526;2
54076;1
54077;1
91879;1
50523;1
76749;1
45883;1
45881;1
48032;1
44755;1
72380;1
50117;1
65806;1
62182;1
65801;1
81331;1
62175;1
36980;1
71251;2
65432;2
65809;1
68232;1
41614;2
41610;2
42499;3
82452;1
68239;1
43547;1
60832;1
57575;3
91034;2
75782;1
51223;1
51220;1
54417;1
52693;1
78009;1
52694;3
46400;1
77028;1
69350;1
78007;1
46409;1
57969;4
63297;1
54421;1
85284;1
67932;1
45876;1
83158;1
51619;1
56440;1
76376;1
51232;3
84604;3
84602;1
51625;2
57971;1
70464;1
64320;2
56449;1
63286;2
71741;3
44799;1
67900;1
58558;3
77838;1
43983;1
82492;2
38797;1
69327;1
84627;1
76396;1
54404;1
56420;3
55176;1
78907;2
58568;1
56421;1
58566;2
78903;1
56425;3
91441;1
83105;1
78909;1
84638;1
36912;1
63254;1
70496;1
91431;2
45437;1
57929;1
64353;1
61582;1
91436;1
46447;1
55994;2
36522;1
55992;1
30145;1
84647;1
54467;1
57526;1
61989;2
61983;1
83111;1
84237;1
69385;1
56489;1
31271;2
38302;1
36511;1
81947;1
29338;3
84654;1
84655;2
49160;1
75723;2
77418;2
67236;1
45802;1
75721;3
42424;1
61562;2
58597;2
81916;1
81917;1
49177;1
48553;2
84666;1
85482;1
90886;1
54442;2
67226;1
42414;3
78940;1
55967;1
71709;1
35917;1
69365;1
62620;1
46410;1
81922;1
84252;1
48556;1
46065;1
46064;1
52764;1
53812;1
86332;1
74880;1
40002;1
46459;1
85104;1
59340;1
85105;1
71595;1
78459;1
51179;1
79505;1
49401;1
41957;1
45282;2
47113;1
52342;1
28948;2
53800;1
58211;1
62409;1
51160;1
36304;2
52752;1
87462;1
51164;1
47109;1
62418;1
82136;1
86354;1
50729;1
55111;2
71573;1
59320;1
46470;1
70618;1
78070;1
52736;1
67054;1
40012;1
67053;1
55109;1
74894;1
53016;1
66522;1
58733;1
42911;1
53010;1
49023;1
78441;1
62431;2
52359;1
68691;1
64692;1
52354;1
50744;3
50746;2
67662;1
55138;1
58769;1
77743;1
91484;1
45248;3
77744;3
45249;1
30563;1
86806;1
77740;1
40045;2
51138;1
86816;1
82191;1
62463;1
51133;1
70148;1
73780;1
40869;2
55123;1
78892;1
40034;1
80079;1
52373;1
86826;1
70137;1
78472;2
82172;1
48730;1
45266;1
78885;2
50776;2
85301;1
87455;1
70127;1
62487;2
80622;1
40845;1
52771;1
58777;1
48747;4
69702;2
60217;2
78870;1
50787;1
41115;1
54040;2
46914;1
74360;1
53473;1
70186;1
32351;1
79147;1
32350;1
49805;1
47193;1
42016;1
49487;1
47192;1
66576;2
72290;2
53894;2
80631;1
54030;1
70177;1
73751;1
53071;1
68208;1
47590;1
39196;1
70172;1
75491;1
56028;1
36775;1
53464;3
68200;1
53465;2
42023;1
69729;1
69728;1
73233;1
54922;1
54038;5
49812;2
67633;1
60234;1
88110;1
90319;2
46003;1
44174;1
81554;1
44176;1
76671;1
58284;1
53875;1
69752;1
80060;1
79562;1
49823;1
54930;1
74371;2
53094;1
74372;2
80653;1
73772;1
81539;1
73779;1
69749;1
60254;1
76688;1
60258;1
39986;1
68610;1
83681;1
54058;1
46954;1
53434;2
46025;1
88962;1
50084;1
82614;1
39141;1
46956;1
53022;1
72700;1
74843;1
82606;2
74844;2
52720;1
52725;4
82113;1
49441;1
49444;3
63509;1
47151;1
63507;1
46014;1
46015;3
82625;1
61285;1
80677;1
56815;1
74396;1
41566;1
47558;1
47557;1
82618;1
75457;1
56809;2
46012;1
39927;1
47179;1
79166;1
63539;1
59777;1
41971;1
41970;1
41189;1
58700;3
54022;2
41599;1
54026;2
52703;2
54029;2
58706;1
46045;1
46042;5
89214;1
78407;1
46941;1
79534;1
90349;1
53058;1
54987;1
47163;1
63519;1
46030;1
65345;1
83703;1
81486;1
44203;1
44205;1
61641;2
79908;2
41529;1
62776;1
75414;1
51577;1
75418;1
61648;2
72222;3
80595;1
69680;1
75035;2
76208;1
76206;1
66028;1
55641;1
38956;2
62010;3
83713;1
69286;1
47621;3
49764;1
49765;1
39102;1
65738;4
83708;1
75029;1
75815;1
59873;2
38971;1
47657;1
47658;1
88087;2
84799;1
44617;1
60700;1
84793;2
75823;2
91507;1
36832;1
68174;1
64284;1
66919;1
77381;1
38468;1
81867;1
77385;1
59853;1
59858;1
44627;1
75007;1
36846;1
74305;1
72658;2
71128;1
51537;1
49737;1
50403;1
51539;1
38479;1
62066;1
37351;1
61202;1
44635;1
56100;1
59825;2
63193;1
76243;1
56108;3
38475;1
77377;1
66938;1
59828;1
49724;1
76615;1
61615;1
76619;1
73392;2
63184;2
72661;1
81455;1
81456;1
63189;1
74329;3
50004;1
50006;1
82576;1
81894;1
72254;1
76234;1
74322;1
71145;1
71149;2
44264;1
62080;1
76229;2
61222;1
66957;1
44650;1
43696;2
50013;1
45783;2
77354;1
79209;1
50414;1
44255;2
62074;1
38899;2
45799;3
44665;1
81068;1
74340;1
56119;1
75881;1
48641;1
34084;1
78142;2
71624;1
54512;3
63152;1
77714;1
46502;1
84728;2
46504;1
48642;1
84748;1
44684;3
44686;1
84741;1
64604;2
64601;1
50431;1
70566;1
92090;1
70565;1
63145;2
55055;2
84333;1
57153;1
83262;1
40478;1
45352;3
78123;1
50466;1
48666;1
76260;1
56556;1
56554;1
46520;1
77736;1
62711;1
55073;1
40480;1
76252;2
37326;1
51116;1
83276;1
69220;1
46519;1
46516;1
71111;1
62726;1
30547;1
70583;1
43074;1
69257;2
55688;1
64636;1
54557;1
42541;3
49047;1
85375;1
75840;1
55085;1
84777;2
46542;1
70590;1
46549;2
64257;1
75854;1
42532;1
48671;1
56586;1
45707;2
91549;3
52312;1
84751;1
30012;1
57115;1
63130;1
86321;1
54588;1
67124;1
67123;1
92077;1
84766;1
85128;1
83238;1
81829;1
88577;1
69264;3
50496;1
64244;1
50809;1
75596;1
37092;1
52045;1
50895;1
70305;2
52423;1
57242;1
52806;2
71881;2
37087;1
79816;1
74061;1
36246;2
82750;1
75983;2
68532;1
66203;1
37074;1
52029;2
33020;1
62342;1
55491;1
52028;1
63004;1
50870;1
69140;2
50871;1
75571;1
75160;3
46674;1
63005;2
50878;3
69642;1
82744;1
33978;1
82741;1
58884;1
58887;1
63015;1
52844;1
58871;1
75172;1
79839;3
84875;1
57230;1
40399;1
74042;1
75965;1
71092;1
63029;2
61821;1
63858;1
40763;1
78314;1
52009;1
45203;1
73653;1
84860;2
71512;1
73658;2
76095;1
61817;1
84869;1
49317;1
39636;1
41800;1
61834;1
63972;2
45212;1
87126;1
63840;1
79851;1
58857;1
86074;1
74778;2
63457;2
59902;2
55467;1
78714;1
84858;1
74020;2
53139;1
74023;1
63834;1
39603;1
79866;2
45223;1
74767;1
78330;1
58848;2
29932;1
53932;1
63422;1
53109;1
78743;1
50840;1
41019;1
63825;2
69613;1
61812;1
63822;1
52800;1
40356;1
50838;1
74000;1
61804;1
84836;1
55449;1
83777;1
81631;3
56193;1
73690;1
39663;1
59958;1
44862;2
75103;1
75106;1
41060;1
67720;1
55436;2
59006;3
32421;1
86794;1
88276;1
32018;1
47684;2
49346;2
53573;1
43722;1
59412;1
55029;1
39675;1
54628;1
53941;1
49917;1
60174;1
73686;2
67734;1
60178;2
59017;1
55424;1
59016;3
53563;1
60586;1
48852;1
67705;1
29978;1
81613;1
87540;1
67708;1
37743;1
73678;1
66257;1
73676;1
53146;1
86023;1
47661;1
53556;2
59021;1
59437;1
53555;1
55003;2
56184;1
41440;1
56181;2
73665;1
44835;1
44834;1
41053;1
48839;1
35727;1
70767;3
46606;1
44087;1
55018;2
48831;1
40733;1
53540;1
55016;1
59428;1
40736;1
60565;1
60566;1
40737;2
66654;1
66236;2
43052;1
42646;1
59994;1
66231;2
49386;1
56154;1
49385;1
52089;1
60533;1
59458;1
41894;1
59040;1
67775;1
75942;1
49391;1
67777;1
53980;2
60138;1
66242;1
52073;1
56160;2
75159;2
56162;1
92440;3
72976;2
58399;1
48810;2
72973;1
52075;1
66240;1
70744;1
74497;1
67741;1
80759;1
46178;1
36250;1
83798;1
83797;1
65631;1
60513;1
60512;1
52066;1
72179;1
86736;1
72178;3
48809;2
46170;1
74482;1
42612;1
66225;2
80391;1
49371;1
44873;2
81642;1
83788;1
44043;1
43021;1
69196;1
44533;1
74455;1
68859;1
82242;2
68026;1
31037;1
64199;1
31036;1
76529;1
72558;1
44545;2
44544;1
84480;1
85088;1
51092;1
79328;2
60605;1
72564;1
54697;2
67012;1
54696;2
42688;1
57774;1
49851;1
38113;1
74432;2
81172;1
56224;2
30602;1
48797;1
48796;1
47716;1
71485;1
65660;1
71486;1
43787;1
82214;1
48394;3
76118;1
79340;1
79341;1
64992;2
71496;1
42664;2
44117;1
81579;2
65261;1
44119;1
47700;1
64999;1
38500;1
55787;1
84432;1
48778;3
72508;1
48382;2
74411;1
48383;2
84434;1
61305;1
80450;1
70299;1
64980;1
45631;1
83849;1
43769;2
74428;3
83848;1
53530;1
55793;2
54265;1
47761;2
48370;1
54260;1
56607;1
64168;1
31064;1
70680;2
48753;1
53505;1
66188;1
54644;2
70270;1
87512;1
54646;1
64174;1
54244;1
64184;2
70678;2
39221;2
53518;1
70677;1
68806;1
64949;1
47743;1
77212;1
71908;7
64185;2
80446;1
50938;1
61340;1
84009;1
70258;1
51007;1
35234;1
68493;1
68496;1
81111;2
54219;4
85013;1
71039;1
75501;1
77236;1
50929;1
86432;1
36753;1
48336;1
64128;1
71436;1
40349;1
48227;1
58407;2
85005;1
67488;1
61744;1
92708;1
51025;1
64135;1
63472;1
70237;1
70234;1
86428;1
45155;1
71012;1
62848;1
64517;1
85030;2
61736;2
85033;1
61733;1
50354;1
78701;4
40322;1
50352;1
45645;1
36738;1
78707;1
51801;1
51802;2
64911;2
45141;1
54208;2
64521;1
83377;1
77644;1
84420;1
77251;1
48304;2
57721;1
51047;1
61382;3
50341;2
61380;1
71961;2
77260;1
85057;1
61796;1
78288;3
44580;1
52460;1
45163;2
51866;1
50338;2
70222;1
36718;1
70221;1
52469;2
46570;1
82273;1
76966;1
83397;1
83398;1
42231;1
71060;1
71065;1
62812;2
72575;1
50324;1
52478;2
68872;1
71057;1
57316;1
65237;1
62805;1
76164;1
61771;1
81139;1
62820;1
35249;1
35246;1
45187;1
52483;1
62822;1
77297;1
57714;2
70205;1
70200;1
67424;1
71046;1
68887;1
45189;1
82257;1
44565;1
77687;1
51378;2
78660;1
75699;1
52148;2
64487;1
36571;1
71790;1
51375;1
52560;1
55377;1
70400;1
78661;1
74158;1
69938;1
78667;1
34314;1
78266;3
78267;1
85531;1
58999;1
84990;1
84997;1
52557;3
77992;1
84998;2
48902;1
48901;2
36119;1
88317;1
52164;1
33665;1
78238;1
80861;1
40681;1
78235;2
69008;2
68429;1
71765;2
57379;1
69553;2
62239;1
71764;1
47329;1
64498;1
64497;2
69010;1
64494;3
80852;2
69013;1
64492;1
55387;1
52531;2
40297;1
88744;1
45104;1
85561;1
76491;2
78219;1
58468;1
47357;1
60477;2
39724;1
58462;1
76497;1
85971;1
52907;1
45118;1
60483;2
76892;1
50961;1
52508;1
67277;1
50962;1
46763;1
47346;1
40659;3
52512;1
74630;1
57392;9
50288;1
84957;1
86585;1
40235;1
59116;1
36548;1
53233;1
74634;1
86596;1
40266;1
74131;1
47376;1
63321;1
35428;1
29109;1
50295;1
87251;1
74666;1
53246;1
73537;1
40630;1
52111;1
50983;1
50985;1
81700;1
80800;1
70869;1
83086;1
83087;1
60971;4
42706;1
60049;1
74602;1
76454;1
83876;1
49200;1
58929;1
47399;1
49207;1
49208;2
53673;1
61054;1
53677;1
86146;1
46714;1
41324;1
53274;1
83860;1
37638;1
73947;1
83866;2
46722;1
46721;2
41742;1
49215;1
63743;1
46720;1
60442;2
59548;1
47793;1
79798;1
53288;1
73577;1
75228;1
83061;1
70889;1
54731;2
66398;1
61070;1
88394;1
81755;1
81756;1
43844;4
69082;1
68902;2
65095;4
65094;1
67854;1
49238;1
66793;1
86686;1
53294;1
60462;2
69099;1
75247;2
36133;1
73590;1
90583;1
80281;1
65519;1
52996;1
55816;1
55818;1
46293;2
41799;1
52184;3
59180;2
52188;1
66743;2
59182;1
35897;1
79383;1
44995;1
81760;1
80277;1
73589;1
69079;1
74597;1
60937;1
73999;1
56269;1
48191;2
72877;1
76434;1
41396;1
75268;1
80899;2
60901;1
59168;1
52979;1
86631;1
72074;1
69990;1
60908;1
52970;1
85504;1
49277;2
41382;1
76449;1
73016;2
43337;1
55829;1
81779;1
85516;3
60425;1
72950;1
64090;2
55843;1
32876;1
74553;2
89858;1
72414;1
47833;1
64889;1
56735;1
64885;1
79479;2
37593;1
83017;1
81281;1
56338;1
83002;1
56742;3
56749;1
71370;3
56369;1
83915;1
72933;1
68971;2
92242;1
53606;1
74570;1
53604;2
45097;1
77592;2
76403;1
56361;1
71381;1
79458;1
68981;1
38658;1
76802;1
72033;1
82357;1
49982;1
48183;1
57898;1
45083;1
64087;1
44012;2
83447;1
53627;1
84577;1
54357;4
74516;1
74509;1
65585;1
83055;1
44913;1
48116;1
70390;1
43864;1
66294;1
84589;1
59636;1
64063;8
73060;1
68920;1
89883;1
54758;2
60891;1
83951;1
89885;1
83048;1
65185;1
84556;1
48130;1
65988;1
80329;1
83961;1
37739;1
67812;1
54789;1
83031;2
60882;1
65174;2
84568;1
74549;1
83028;1
83026;1
64047;1
64852;1
44949;1
61439;1
87647;2
83970;1
45505;2
50249;1
72493;1
71822;3
69499;2
54310;1
77536;5
51949;1
76070;1
36610;2
86534;1
64022;1
71826;1
75611;1
76865;1
75614;1
88791;1
77520;1
76863;1
45029;2
81205;1
44488;5
45930;1
51710;2
40218;1
63376;1
61461;1
63371;1
77102;1
61879;1
75623;5
58518;1
45017;2
76052;1
50257;1
84110;2
70388;1
51920;2
51315;1
61861;1
51316;1
84524;2
76884;1
61860;1
77501;4
51310;1
71320;1
68990;1
45070;1
61488;1
37147;1
51731;1
76046;1
76048;1
76049;1
75647;1
76811;11
69456;1
57838;1
61491;1
29482;1
34241;1
51724;1
71337;1
51722;1
65103;1
62936;1
57427;1
51336;1
71341;3
71342;1
37572;1
86527;1
77978;1
71347;1
71348;2
78169;1
77556;1
45987;1
77554;1
77550;1
76839;1
47402;1
46694;1
77961;1
69464;1
45587;1
71351;1
51968;1
77960;1
57851;1
71359;1
75673;1
76015;1
54303;1
47414;1
57444;2
54103;2
82961;1
43287;1
52624;1
50614;1
62568;1
47015;1
52242;1
85207;1
52247;1
73400;1
66402;1
78955;1
55953;1
36443;1
71688;2
47006;3
59212;1
85216;1
56393;1
51291;1
52643;1
58607;2
43269;1
80992;1
67992;1
82938;1
85223;1
56382;1
79622;1
78579;1
49135;1
40940;1
78979;1
68797;2
85846;1
43276;1
82046;1
86222;1
49535;1
85457;1
62534;3
52215;1
57481;1
68786;1
60344;1
40954;1
52661;1
36476;1
69835;1
60349;1
46391;1
50651;1
46393;1
40561;1
49112;1
45380;1
40569;1
40566;1
55912;3
78997;1
78994;1
48626;1
50662;1
86962;1
87324;1
41231;1
69433;1
86283;1
55909;3
83182;3
49513;1
86252;1
67548;1
67181;1
30441;1
64301;1
82981;1
82078;1
70903;2
83979;1
83983;1
62583;1
58640;2
83981;1
57466;1
62588;1
52266;1
57467;1
83586;1
69808;1
83588;2
52678;1
40982;1
40984;1
70914;1
60311;1
48605;2
46384;3
62571;1
62570;1
82969;1
52256;1
58139;2
68335;1
54807;1
53374;1
80928;1
66470;1
79688;2
70975;1
54184;1
39873;1
70048;1
74266;1
79682;1
49705;1
83574;1
68745;1
70967;1
60769;1
54813;1
68330;1
73497;1
47981;9
53365;1
81419;1
80936;1
80938;1
88816;1
48091;1
53364;1
80531;1
74257;1
60378;1
83560;1
66484;1
79019;1
54823;1
75395;1
47992;1
81409;1
68314;2
74249;1
79023;1
81408;2
53357;1
60752;1
47462;1
48088;1
74918;1
50672;2
80518;1
53773;2
73473;1
76773;3
67505;1
53776;2
52296;2
60766;2
70052;1
47475;3
86980;1
74907;1
50155;2
39076;1
74913;1
68713;1
73466;1
79035;1
79036;2
69847;1
78513;1
61198;4
72838;1
62520;2
63651;2
83528;1
70083;1
53707;1
54856;1
83536;1
62112;1
83534;2
82506;2
73458;2
54144;1
82505;1
47443;1
82509;1
88032;1
68309;1
63640;1
61188;1
88048;1
62513;1
68300;1
47953;1
53703;2
54865;1
83522;1
82911;1
80139;1
72835;1
54137;4
79665;2
53317;1
60792;1
56945;1
79062;3
65898;1
83506;1
46833;1
62503;2
56942;1
60797;2
41697;1
53736;1
66496;1
54124;1
47428;1
61170;1
54123;1
53307;4
82500;1
72809;1
78549;1
79077;1
47971;1
82009;2
62102;2
82004;1
60391;1
73427;1
74271;2
50190;1
62103;1
73424;3
47535;1
62677;1
64395;2
92521;1
66160;1
81388;1
60815;1
80494;1
72367;2
44735;1
59726;1
49672;1
54897;2
54890;1
80225;1
81398;1
44331;1
62150;1
60811;2
44748;2
55550;1
44745;1
65046;1
43522;1
44328;1
61520;2
72734;2
47515;1
65071;2
65465;1
71282;1
76329;1
61124;1
61126;1
43514;2
80470;1
44711;1
81966;1
81968;1
48004;1
71297;1
71298;1
65477;2
51680;1
54482;1
73186;1
44725;1
65857;1
55536;1
81972;2
61133;1
36949;1
60858;2
72799;1
54092;3
43578;10
61106;1
48067;1
44785;2
38388;1
61508;1
92117;1
62694;1
57984;1
62697;1
54077;1
45880;2
38357;1
45883;1
54071;1
59705;1
82468;1
72380;1
66103;1
36977;1
66105;1
65806;2
82463;2
81331;1
72780;1
60827;1
62175;1
71251;1
41614;1
54089;2
48041;1
43540;1
57990;1
68238;1
43547;1
74209;2
51227;1
57575;1
83144;1
57576;1
67923;1
91033;2
67924;1
75782;1
54414;3
52693;1
34871;1
77857;1
56430;1
77853;1
57969;2
63297;1
45461;1
64743;1
54421;2
64748;1
42472;1
51232;2
55190;1
56448;1
51625;3
57971;3
64320;2
71741;1
51202;1
84613;1
35012;1
77458;1
84220;2
58558;1
34896;1
31928;1
70435;1
57949;1
84225;1
77831;1
45458;1
51217;1
69323;2
54404;2
56420;1
78907;1
48516;3
58568;2
58566;1
34361;1
48518;1
84637;1
45828;1
65482;1
63254;1
70496;1
57929;1
46447;1
55994;1
55992;2
78918;1
77811;1
30145;1
52206;1
84647;2
28611;2
54467;1
36920;1
63245;1
57937;1
65499;1
81946;1
84659;1
84654;2
84655;3
85494;1
77418;1
49160;1
64758;1
45802;3
83122;1
69376;1
81916;1
78933;1
84666;1
56461;1
55967;1
57912;1
62620;3
55961;1
46065;1
46064;1
59348;2
77789;1
59340;1
64681;1
78453;1
64684;1
79503;1
40808;2
79505;1
45286;1
67028;1
41957;1
45282;2
52342;1
47113;2
74871;1
53800;2
52757;1
67030;1
51160;1
68673;1
51164;3
59354;1
62418;1
67035;1
85112;1
47104;2
67039;1
53007;1
46086;1
87491;1
55111;2
85754;1
36312;1
41144;1
71573;1
46470;1
62443;1
34549;1
39501;1
34542;1
50730;1
40011;1
53017;1
40802;1
58733;1
55102;1
53010;1
58730;1
46480;1
59331;1
59332;1
49020;2
87483;1
78441;1
62431;1
64692;1
62432;1
52354;2
86802;2
50744;1
58763;1
55138;1
31095;1
82196;1
48715;1
78493;1
80082;3
67667;2
45248;2
67669;1
58262;1
45249;1
77740;1
58265;1
86816;2
78053;1
78498;1
82191;1
73782;1
62463;1
40465;1
51133;1
77756;2
67677;1
55123;1
78892;1
80079;1
43113;1
40860;1
71548;1
50769;1
70137;1
36341;1
52782;1
48730;2
45266;1
70664;2
41108;1
78031;1
71533;1
62487;2
78476;2
51151;1
40827;1
60211;1
48747;1
36368;1
60217;1
54901;1
69705;1
77773;1
30576;1
50788;2
41118;1
69315;1
80642;1
54040;1
80641;1
74360;1
50794;1
56016;1
60633;1
39567;1
63558;1
80048;1
56010;1
80049;1
47193;5
60626;1
54910;1
53067;2
66572;1
60249;1
74801;1
53066;1
66575;1
83671;1
49803;1
72290;1
53069;1
63540;2
80632;1
73751;1
54031;1
47592;1
53071;1
68208;1
47590;1
56857;1
75491;2
70172;1
50039;1
56028;1
73753;2
53464;2
53465;1
81516;1
70174;1
66973;1
47187;1
69729;1
54922;2
73236;1
39968;1
54038;3
49812;2
54060;1
53085;1
39992;1
80665;1
56036;1
73767;2
81554;1
80069;1
49823;1
53087;1
53094;1
74372;1
53486;1
79133;1
68224;1
79963;1
54944;1
69749;1
56042;1
54054;1
60258;2
68610;1
67650;1
69747;1
60259;1
56058;1
65770;3
82612;1
61295;1
53022;1
47549;1
54001;1
82606;1
74844;1
39938;1
52725;1
49441;1
63509;1
52709;1
59390;1
46014;1
35601;1
42060;1
38925;1
59789;1
46016;1
47147;1
46015;1
56816;1
56815;2
74396;1
56813;1
73305;1
47558;1
80668;1
85768;2
56809;1
52711;1
52710;1
62401;1
60697;1
53041;2
56849;2
69792;2
41185;2
72724;1
37888;1
58703;1
58700;2
54022;2
53047;2
54028;1
83656;1
52702;1
54029;1
49460;1
46045;1
46042;5
79167;2
47168;1
53444;1
46941;2
59763;1
65786;1
56837;1
79534;1
79536;1
53446;2
53449;1
53058;1
54012;2
69784;1
74859;1
54016;2
47163;1
75473;1
46030;1
79178;1
81487;2
64299;1
69297;1
44205;1
38054;1
79908;1
62775;1
75417;1
61646;1
71168;1
51579;3
51578;1
79901;1
72222;1
80595;2
61240;2
76204;1
82545;1
75038;2
36814;1
75039;1
68168;1
76206;1
66028;1
75800;1
62010;1
68151;1
47621;5
44600;1
83215;1
75024;1
83708;1
81084;1
44225;1
47657;1
47658;1
81859;1
84799;1
49791;1
84798;1
75013;1
36836;1
43653;2
43654;2
66048;4
75823;1
91507;1
38043;1
51582;2
65332;1
65335;1
83736;1
37964;1
77381;1
81867;1
44217;2
66928;1
75008;1
44627;2
74305;3
72658;1
71128;1
51537;1
72655;1
76628;1
65301;1
71121;2
56100;1
56103;1
43679;1
63193;1
82586;1
35175;1
72264;1
77377;1
76242;1
30079;1
31612;1
61615;2
76616;1
76619;1
61613;1
71132;1
63184;1
37343;1
81455;1
71130;1
44238;1
36865;2
61217;1
60711;1
45774;1
72254;1
81897;1
50422;1
71149;1
44264;2
81076;1
79210;1
35190;1
36876;1
72288;1
77354;1
45783;1
47600;1
50414;2
49746;1
79200;1
44255;2
56118;1
56117;1
65711;1
61239;1
35180;1
50409;1
45799;1
61230;1
55639;1
44662;3
56119;3
77332;1
42585;1
54515;3
76289;1
84733;1
71625;2
75886;1
54512;1
70549;1
85194;1
63156;1
30513;1
48647;1
84728;1
46504;3
77717;1
48642;1
44684;2
55051;1
50429;2
49093;1
49092;1
64604;1
69206;2
34488;1
54521;1
70566;1
62098;1
84336;1
45327;2
63145;2
84332;2
64228;1
84738;1
91965;1
57153;2
64612;1
45352;3
71602;1
77317;1
69233;1
88543;1
50466;1
84707;1
56554;1
77736;1
77735;1
35144;1
76252;1
83271;1
51116;2
71612;1
46519;2
46516;1
71113;1
70583;1
77726;1
92063;1
49047;1
85376;1
54559;1
56570;1
49041;1
55085;1
86306;1
46549;1
65389;1
64257;1
65387;1
75854;2
30009;1
58301;1
83250;1
75069;1
81803;1
78829;2
68196;1
91549;1
72205;1
30019;1
50822;1
56593;1
83225;1
85395;1
56598;1
63136;1
43098;1
92077;1
52324;2
36808;1
75045;1
76293;1
50499;1
76291;1
43087;1
50491;1
64244;3
50495;1
50809;1
75592;1
62360;3
78358;1
37096;1
80744;1
75596;1
63924;1
52045;1
46654;1
59499;1
70305;3
75994;1
63917;1
69124;2
71881;3
62353;1
63933;2
46663;1
36246;1
34213;1
58353;1
74067;1
84894;1
52819;1
80728;1
55493;1
33020;1
69144;1
62342;1
55492;2
36691;1
52028;2
50871;1
69140;1
63005;2
69642;1
82744;1
58884;1
80717;1
58886;2
58887;1
68521;1
52441;1
71094;1
79834;1
75560;3
64597;1
50882;1
75172;2
63019;1
79839;1
40399;1
58879;1
47259;1
53907;1
61821;1
69624;1
55472;1
73653;2
84860;4
63441;1
53127;1
74783;1
61819;1
63979;1
39636;1
63848;2
61834;2
63972;1
79853;1
63840;1
79851;1
58857;1
86074;1
63457;1
55467;2
89372;1
84858;1
74020;2
73641;1
82711;1
59905;1
53139;1
63453;1
77608;1
62305;1
77607;1
63942;1
64566;1
45223;1
63427;1
82701;1
29932;1
40362;1
91169;1
63825;1
46647;1
41019;1
63822;1
79877;1
63053;1
30237;1
79870;1
53118;2
63948;1
74001;1
78732;1
84836;1
46109;1
63817;1
84834;1
81631;2
49345;1
44862;1
74741;1
75106;1
41060;2
67720;1
55436;1
80382;1
47290;1
74739;1
66274;1
43011;1
47684;2
48867;3
48863;1
55028;1
55029;1
54624;1
53941;1
83762;1
81624;1
44851;1
73687;2
44858;1
47697;2
67734;1
75117;2
60178;1
59017;1
55424;1
74738;2
43415;3
63074;3
81615;1
53563;1
39678;1
48855;1
60586;1
67705;1
55419;2
44843;1
83755;1
76572;1
53979;1
41044;1
47660;3
47661;2
59021;1
41048;1
70754;1
66661;1
59437;1
43707;1
39647;1
55003;1
80357;1
76583;1
74716;1
70757;3
44834;1
41053;2
80797;1
70767;1
53151;2
55018;3
40733;1
55016;2
60565;2
59428;1
32044;1
60566;1
66654;1
66236;1
67765;1
59994;1
81670;1
49386;1
43444;2
49382;1
60533;3
72982;1
59458;1
59457;1
86750;1
88238;1
59042;1
53980;1
75159;7
56162;1
85632;1
70744;1
66240;1
43049;1
70742;1
80759;4
41084;1
41083;1
59977;1
49922;1
46178;1
75123;1
60512;1
59477;1
81647;1
52873;1
41085;1
72171;1
48809;2
38159;1
66225;5
44873;2
52051;1
81642;1
54197;2
59076;1
59075;1
87186;1
59079;1
43027;1
72166;1
82242;1
81195;2
76911;1
81193;1
30623;1
54293;3
80410;1
37496;1
47733;4
76529;1
44544;1
42277;1
84480;1
85086;1
81187;1
44549;2
31437;1
76918;1
79328;1
60605;1
54697;2
54696;2
38113;1
74432;3
30601;1
55722;1
48270;1
56618;2
65660;1
49859;1
54684;1
31724;1
43787;1
42255;1
65265;1
48394;1
54287;1
72137;1
42664;1
81579;1
65261;1
55787;2
72508;1
84436;1
74411;1
84435;1
84434;1
48383;2
47771;1
61305;1
65290;1
61306;3
70294;1
48259;2
64989;1
68066;1
45631;2
64158;1
74428;1
43769;1
48785;1
74429;1
48370;1
41435;1
72522;1
80463;1
83320;1
48753;1
43757;1
53505;2
39232;1
70684;1
47752;1
48238;1
70274;1
54643;1
79318;1
70270;1
45612;1
71910;1
54243;1
59513;2
84460;3
53518;4
70677;1
68806;1
70672;2
57793;1
44800;1
71908;3
68030;1
31046;1
64185;2
80446;1
50938;1
84931;1
61340;1
50382;1
84009;1
64941;1
71423;1
51007;2
76185;1
36766;1
84002;1
48212;1
71030;1
61750;1
76995;1
68496;2
54219;1
51424;1
61753;2
84929;1
64538;2
75501;1
50372;1
77237;1
64120;2
45664;1
61737;1
48336;2
71433;1
77239;1
40349;1
48227;1
85005;1
76177;1
45124;1
85009;1
54228;1
85003;1
51025;1
51022;1
71939;1
70237;1
70234;1
36745;1
82690;1
48327;1
62855;2
56698;2
71012;1
61319;1
85039;1
61732;1
61736;2
78701;1
50350;1
71948;1
70241;1
64910;1
64911;1
71412;1
83377;1
71408;2
77644;4
84420;1
84914;2
77251;2
52450;2
48304;2
57721;1
45174;1
62832;2
82677;1
51872;1
61382;1
50341;4
46586;1
61796;2
78288;1
77671;1
50338;2
51058;1
77273;1
85041;1
83397;1
83398;1
71060;2
51472;1
71065;2
75551;1
71445;1
52478;1
57310;1
69578;2
77285;2
77695;1
62373;1
44550;1
78294;2
56663;1
45187;1
64107;2
35245;2
78292;1
51077;1
82667;1
46599;1
82250;1
45680;2
77685;1
56660;2
75282;1
69526;2
75698;1
52148;1
64487;2
58099;2
78258;2
71790;1
52561;1
75289;1
74158;1
78668;1
85535;1
77081;1
78266;10
51365;1
71782;1
58999;1
78262;1
78261;1
52553;1
84997;1
77995;1
74674;1
58490;1
82856;1
84998;1
36119;1
78237;1
55399;2
34341;2
52546;1
53206;2
70809;1
69553;1
70409;2
62239;1
71764;1
52944;1
64498;1
64494;1
69013;1
88745;1
55387;1
52938;1
53210;2
48501;2
82870;1
74691;1
74692;1
61907;1
46782;2
45104;1
85562;1
76490;1
78219;1
58468;3
52102;1
60477;2
74114;1
58462;1
58463;1
46215;1
73516;1
59104;1
63302;1
86182;1
78222;1
45118;2
60483;1
78221;1
46769;1
52924;1
76890;1
52508;1
50962;1
39734;1
40659;1
76898;1
74630;1
86582;1
61924;1
57392;4
84956;1
84954;3
78616;1
36543;1
53234;1
87256;1
85586;2
87257;1
52125;1
50976;1
58443;1
52120;2
40267;1
84989;1
84983;1
63321;1
35428;1
74666;1
53246;1
69912;1
40630;1
47367;1
37613;1
47369;4
64459;1
67297;1
74651;1
81700;1
47365;1
63337;1
68456;1
58048;1
68458;1
58971;1
42706;1
37625;1
60049;1
87273;1
67826;1
60429;1
83876;1
41755;2
81729;1
86658;1
43828;2
53673;1
35858;2
53261;1
41750;1
46714;1
58914;2
47381;1
49216;1
46721;2
41742;1
63747;1
49215;1
60445;1
48958;2
73577;1
83892;1
70889;1
49224;1
58947;2
74620;2
43844;1
69082;2
68902;1
53280;2
68907;4
58006;1
59520;1
66793;1
53294;1
74608;1
69099;2
73970;1
69098;1
65099;1
81778;1
86609;1
36133;1
73590;1
60930;1
69978;1
67860;2
48925;1
55816;3
69066;1
37660;1
60925;1
41799;1
52184;1
66743;1
59182;1
79398;2
73580;1
32514;1
81760;1
80867;1
73589;1
70843;1
48191;1
52179;1
73994;1
60020;1
43320;1
81798;1
72070;3
80899;1
86125;1
66351;1
52975;1
41777;1
66762;1
54702;1
41383;1
43808;1
76446;1
73015;1
43337;1
86641;1
48938;1
55829;1
85516;1
52981;2
52198;1
60424;2
38649;1
48154;1
74553;1
72416;1
72414;1
71368;1
49973;1
64885;1
71364;1
51773;2
83017;1
72018;1
81281;1
81284;1
56338;4
65149;1
39300;1
56741;1
83409;1
56742;2
83005;1
65551;2
83004;1
56369;1
83915;1
72933;1
68970;1
31300;1
48173;1
53604;4
66718;1
56361;1
71381;3
51792;1
79458;2
65950;1
72936;1
64890;1
64088;1
65534;1
79447;1
65961;1
65198;1
65197;1
83939;1
64050;1
54357;5
72905;1
65585;1
70393;1
65195;1
65187;1
59637;1
59636;1
64063;4
48885;1
34706;1
47869;1
73063;1
65593;1
60087;1
87629;1
65185;1
48479;1
47866;1
47890;1
56327;1
53643;1
80329;1
64862;2
64035;1
54786;1
83031;5
60882;1
65173;1
41306;1
65174;1
74549;3
56312;1
83028;1
45502;2
64856;1
64857;2
61443;1
46303;1
86546;1
61449;3
45033;1
72493;1
83486;1
69499;1
77536;2
54310;1
37518;1
45523;1
45937;1
45029;2
44488;1
37125;1
77109;1
74104;1
51715;1
74105;1
61464;1
62990;1
77102;1
91315;2
37534;1
45550;1
75623;10
76874;1
45014;1
50257;3
91701;1
86557;1
48109;1
64815;1
84110;3
61473;1
77507;1
61861;1
71308;1
58529;1
61860;1
77501;5
82778;1
77951;1
61483;2
55280;1
44434;1
76049;1
76811;8
67313;1
75646;1
76812;1
51987;2
91324;1
71330;1
63383;1
70322;1
51726;1
78171;1
82782;1
77949;1
35363;1
61882;1
45974;5
77568;1
76036;1
69443;2
75659;1
77974;1
71342;2
82794;1
48425;2
86524;1
86527;1
71347;1
77556;3
44458;3
56790;2
62274;2
46693;1
47808;1
69464;1
71351;1
47802;1
57851;1
71358;3
51350;1
47414;1
57444;2
84272;1
86907;1
63200;3
52621;1
47015;2
78559;1
85207;1
62563;1
87374;1
73400;2
84284;3
55958;1
71688;1
79098;1
50626;1
47006;1
84280;1
85475;1
85217;1
85471;1
43912;1
43914;1
46335;1
55927;1
52643;2
85220;1
43909;1
56382;1
41241;1
51293;1
79622;1
49135;1
78979;1
68797;1
74997;1
43277;1
67980;1
82923;1
62534;1
49124;1
70546;1
90814;1
69836;1
70543;1
86275;1
46892;1
68783;1
68786;1
52661;1
70924;1
40953;1
51278;1
46391;1
46393;1
68781;1
51272;1
70001;1
69422;2
46896;2
45385;1
42126;1
78998;1
58110;1
78997;1
71638;1
66449;1
78994;1
71639;1
30455;1
70938;1
60335;2
67576;2
50662;1
40558;1
86283;1
55909;1
83182;3
58115;1
83599;1
67181;1
82982;1
69813;1
83979;1
46373;1
83988;1
58640;1
67954;3
83586;1
66426;1
69808;1
58638;1
82970;1
40154;1
40982;1
67196;1
40984;1
68756;1
60311;2
46384;1
62570;1
69410;1
83991;1
71669;1
81429;1
54807;1
68332;1
59280;2
53374;1
50185;1
39872;1
70048;1
79682;1
68740;1
47096;1
73497;1
67526;1
47981;7
83577;1
42160;1
66874;3
29782;1
48095;1
79697;1
60780;2
70981;1
83560;1
69865;1
39472;1
68340;1
73487;1
53353;1
53357;2
66865;1
47462;1
47463;1
89919;1
74918;1
53771;2
53773;3
76773;2
73473;1
47079;1
58189;2
67509;1
80166;1
42134;1
52296;2
46800;1
80910;1
47475;3
78503;1
78502;1
46803;1
66859;1
50155;1
74913;1
69842;2
53763;1
52292;1
69848;1
61194;1
61198;1
72838;1
32254;1
83528;3
53707;3
83536;1
80145;1
73837;1
83534;1
73458;1
82505;1
39837;2
68309;1
79052;1
80139;1
88043;1
54137;1
79665;2
72815;1
79062;1
63639;1
46833;1
62506;1
56943;1
47960;3
53734;2
42177;1
41691;1
52601;1
54836;1
54834;2
66051;1
29737;1
66496;1
61170;1
47422;2
54123;1
69896;1
41280;2
82503;1
72808;1
53307;1
72809;1
70093;1
66067;1
82009;1
62102;1
85880;1
39809;2
73826;2
66062;1
47435;1
69884;1
87381;1
47535;1
75318;2
72752;1
72756;1
92521;2
65443;1
80212;2
59720;1
72367;2
43539;1
59726;1
76303;1
72362;1
81980;1
41679;1
75306;3
62151;2
55555;2
44748;2
48025;1
43522;1
65047;1
54882;1
61522;1
44329;1
72731;1
65071;1
54889;1
68280;1
68287;2
71282;1
61126;2
54479;2
44716;1
48004;1
65477;2
51680;1
54482;2
44725;3
65853;1
49640;1
81972;1
81971;1
72737;1
56000;1
65402;2
50543;1
65408;1
54099;2
65013;1
43578;6
76341;1
57072;1
61106;1
60862;1
73164;1
71270;1
87720;1
34840;1
61513;1
65001;1
44787;1
41629;1
57065;1
44785;1
64704;1
39494;2
39495;1
37232;1
81327;2
65420;2
62694;1
54078;1
35986;2
54077;1
91879;1
72387;1
54071;1
45881;1
57094;1
72380;1
54072;1
65806;2
43557;1
60827;1
65434;1
51641;1
62175;1
71251;1
57992;2
50513;1
41610;1
48041;1
91891;1
50509;1
35457;1
60832;1
64732;1
83144;1
57576;1
67923;1
91033;1
75782;1
51223;2
51220;3
51221;1
52694;2
57969;9
54421;2
67205;1
83158;1
51231;1
51232;6
55190;1
56448;1
35024;1
51625;2
70461;1
64320;1
77842;1
63286;2
64321;3
51202;1
57050;1
44799;1
77835;1
84222;1
84223;1
77833;1
51611;1
64336;1
35949;1
43983;2
84225;1
77831;1
69323;2
78010;2
54401;1
67917;2
56420;1
58568;1
50558;1
48516;1
58566;1
56425;2
48518;2
78909;1
54455;1
65482;1
90895;1
70496;1
84248;1
57929;1
64354;1
57926;1
46447;1
55994;3
55992;1
46445;1
30145;1
84642;1
56484;1
57527;1
84647;1
54467;2
61989;2
67243;1
61983;1
83111;2
55591;2
61596;1
69387;1
65496;1
65498;1
78921;1
56489;1
63249;1
42421;1
84655;2
45802;2
67239;1
75721;4
67235;1
72302;2
78932;1
61562;1
90867;1
57013;1
81916;1
81915;1
81917;1
84668;2
30127;1
75737;1
45816;1
45403;1
61575;1
46410;1
70484;1
48556;1
46065;1
77784;1
68685;1
64681;1
51179;2
79503;2
79505;1
49402;1
78093;1
40422;1
46992;1
45282;1
47113;1
53800;4
74873;1
52757;2
62409;1
86347;1
82165;1
82166;1
68673;1
52752;2
51164;1
59354;1
45296;1
62418;4
40415;1
53007;1
55111;1
71573;1
59320;1
46470;1
70618;2
47136;1
78439;1
50730;1
67055;3
52736;1
55109;1
33868;1
53016;1
85747;1
55102;1
53012;1
42911;1
82142;1
58730;1
53010;1
68690;1
64692;2
58763;1
67661;1
48715;2
78493;1
58769;2
45248;1
86373;1
45249;1
58262;1
30563;1
40047;1
40045;2
67065;1
58265;2
57589;4
86816;2
78498;5
46493;1
73782;1
51133;1
73780;1
31080;1
55123;1
80079;1
86826;1
50769;2
70137;1
80613;1
52784;1
55155;1
78885;2
67081;1
50776;1
70127;2
84802;1
78476;1
78477;1
54508;1
82182;1
52771;1
60211;1
67699;1
85701;2
66562;1
60217;1
69709;1
43133;1
52397;1
69315;1
47582;1
50794;1
70186;1
44158;1
80048;2
56010;2
60626;1
47193;1
42985;1
72290;4
49801;1
46909;1
63540;1
73751;1
53072;1
47590;1
86866;1
75491;2
56028;1
73753;1
53465;1
68202;1
81523;1
73342;1
80033;2
54922;1
54038;1
49812;1
73760;1
80665;1
73766;1
81554;1
76671;1
39585;1
67647;3
40877;1
60269;1
66595;1
68625;1
80065;1
74823;1
36399;1
53087;1
74371;1
74372;1
53094;1
58278;1
39170;1
42992;1
54943;2
69749;2
58271;1
60254;1
56042;1
54054;1
60259;1
74812;1
39528;1
46954;2
46029;1
56822;1
53434;1
47158;1
46025;1
69777;1
53022;1
73316;1
90388;1
74844;2
83633;1
44198;1
49444;1
59787;1
52709;1
42929;1
80677;1
56815;1
74390;1
47558;1
47557;1
69767;1
56809;1
39531;1
69792;2
47561;2
65793;1
46939;1
72724;1
58702;1
58703;1
58700;2
54022;2
54974;1
54028;1
54026;1
67608;1
81513;1
58706;1
46045;1
46042;3
89615;1
59769;1
80008;1
53444;1
80692;1
63528;2
83638;2
56837;2
79536;1
53446;2
67610;1
69784;2
73219;1
74859;1
54987;2
47162;1
63519;1
75473;1
46030;1
67616;1
81486;1
59861;1
41529;2
79908;1
62029;1
51577;1
47635;1
51579;1
62778;1
72222;1
69680;2
36816;1
75035;1
75038;1
76208;1
75039;1
59866;1
68168;1
38956;1
62010;2
54997;1
75401;1
68153;1
38961;1
69286;2
38064;1
47621;8
43621;1
82537;2
75024;1
30998;1
81084;1
44606;1
59873;1
62792;1
75439;1
87899;1
47658;3
38458;2
61265;1
75012;1
60700;1
75827;1
66048;2
65335;1
72640;1
66919;3
77381;1
72648;1
75003;1
82555;1
83729;1
61278;1
55671;1
74305;1
65309;1
49737;1
50403;1
61603;1
65301;1
62066;2
63199;4
56100;3
44635;5
59825;1
43679;3
56108;4
77377;1
55604;1
49724;1
61615;1
61614;1
76619;1
73393;1
81455;1
44238;1
74329;3
50006;1
72254;1
66946;1
35160;1
81897;1
45778;1
71149;2
50426;2
44264;1
76229;1
59802;1
68146;1
72284;1
66954;1
61222;1
79497;1
77354;3
72685;1
72686;1
74903;1
47600;1
50414;3
76631;1
79200;2
62074;1
56118;2
56117;1
44662;3
56119;1
77331;1
71625;2
37312;1
54512;4
63150;2
63152;1
84728;1
76276;1
77323;1
76279;1
49093;1
64601;1
70569;1
70565;2
63145;4
58685;1
57153;1
64612;1
45352;5
71602;1
70574;1
57694;1
84329;2
70577;1
48666;1
50466;1
46520;1
77736;2
71105;1
55073;1
81027;2
78399;1
55070;1
76254;1
87415;1
78112;1
46516;3
71111;1
77726;1
70583;1
83244;1
43074;1
84772;1
64636;1
42541;1
54557;1
49041;2
70590;1
46549;1
75839;1
58304;1
48671;1
85364;1
56582;1
75061;1
78823;1
43069;1
91549;1
54578;1
75864;1
52316;1
30012;1
45701;1
35114;1
84363;1
57115;1
63134;1
43098;1
86321;1
84766;1
50498;1
84355;1
69264;2
50496;1
64244;2
50809;2
78358;1
78356;1
63924;1
52045;1
79808;1
52044;1
70305;2
63918;1
46156;1
69124;1
63408;1
52806;1
78369;1
29038;1
37081;1
77182;1
52037;1
77184;1
86721;1
36246;2
82750;1
30210;1
69135;1
90632;1
66203;2
84890;1
78757;1
52819;2
80728;1
37074;1
69144;1
63004;1
52028;1
52836;1
89343;1
79820;1
67781;1
37079;1
69648;1
36214;1
63005;1
52025;1
50878;1
46673;1
78788;1
80718;1
58885;1
80713;1
71094;1
62332;1
75560;1
69151;1
75172;1
63019;1
86705;1
79839;1
84875;1
75177;1
58374;1
69158;1
78382;1
69625;1
53906;2
53907;1
40763;1
49302;1
33080;2
78313;1
45203;2
87131;1
73653;2
53123;2
73654;1
71512;1
84860;3
71510;1
61817;1
63441;2
74015;1
63979;1
63848;2
62317;1
69635;1
82707;1
62318;1
61834;1
63972;1
51908;1
79853;1
63030;1
58857;2
73642;1
74778;5
59902;2
55467;2
78715;1
84858;1
63942;1
79863;1
78331;1
63047;1
41002;1
50393;1
63422;1
63825;1
46647;1
63955;1
68550;1
63438;1
79870;1
58832;1
78341;1
50836;1
53118;2
84830;1
74001;2
55449;2
63817;2
73690;1
56193;1
73695;1
39663;1
87172;1
47688;1
67720;1
80384;1
63062;1
55436;2
47290;1
32421;1
59000;1
70775;1
86796;2
43721;1
66274;1
39666;1
59412;1
55029;1
54624;1
49351;1
80378;1
83762;2
79891;1
75117;1
74737;1
59017;2
37774;1
60584;1
70781;1
53563;1
60586;1
63889;1
48853;1
67705;2
44840;1
55419;2
49320;1
53979;2
47661;2
87156;1
59021;1
70754;1
59433;1
53555;2
47278;1
43705;1
43707;1
39647;1
63874;1
55003;1
47261;2
56181;3
74716;1
70757;1
41053;1
48839;2
29094;1
53151;5
44087;2
52098;1
55016;3
69169;1
67767;1
43053;1
59994;1
66231;1
49386;2
75142;1
42643;1
68508;1
43444;1
81678;1
56154;1
88239;1
60533;1
59457;1
39286;1
49956;2
60138;1
65600;1
52073;3
59441;1
44897;1
75159;4
72976;1
92440;1
52075;1
72973;1
85635;1
66240;1
74497;1
69176;1
74499;1
32400;1
87194;1
80759;1
49922;2
75123;2
66218;1
81653;1
52061;1
60508;1
52065;1
41491;1
43035;1
52876;1
72178;1
53181;1
87181;1
49930;1
67754;1
66225;2
85607;1
44873;1
49375;1
44043;2
29059;1
85616;1
59075;1
69197;1
43027;1
70723;1
80750;1
74455;1
72164;2
67410;1
72169;1
76911;1
64194;1
81193;1
84474;1
54293;1
85092;2
31032;1
47733;2
49875;1
50300;1
72558;1
44545;1
54690;2
44544;1
65242;1
85086;1
85085;1
81187;1
81180;1
51092;1
31437;1
76512;1
38532;1
81597;2
81598;1
54696;3
42688;2
57774;2
49851;2
35295;1
76126;2
44512;1
55729;1
48270;1
34619;1
65660;2
49859;1
65270;1
54687;1
72532;1
48394;1
79341;1
74448;1
42663;1
34628;1
81579;1
47700;1
68812;1
72508;1
48383;2
68818;1
48259;1
64989;1
65683;1
83849;1
43769;1
74428;2
83847;1
55797;2
83848;1
55793;3
83313;1
72518;1
48370;1
44500;1
48375;2
60997;1
54260;1
64168;1
31064;1
43759;1
70680;1
48757;1
48759;1
83321;1
43757;1
59501;2
84459;1
84458;2
48233;1
48238;1
54643;1
54644;1
79318;1
41400;1
89772;1
83823;1
45612;1
64174;1
84464;1
64184;1
59510;1
84460;1
39221;2
53518;1
42296;1
70672;1
48358;1
72501;2
47744;1
71908;6
80446;1
89766;1
45679;1
84931;1
67491;1
45678;2
84009;3
64940;2
64941;1
46206;2
61750;1
42202;1
54219;3
64535;1
84925;1
37414;1
45670;1
64538;1
85014;1
61352;1
50372;1
50929;1
68093;1
51824;1
48227;1
54229;1
45125;1
84404;2
85009;1
63474;1
82690;2
84025;1
35217;1
62854;1
62848;1
58418;2
83366;1
61732;1
61735;1
85030;2
64512;2
61736;1
61715;1
78701;2
50909;1
36738;1
64910;2
64911;1
84428;1
54208;1
31493;2
54209;1
64905;1
83373;1
77646;1
76986;1
48304;3
52450;3
76141;2
61388;1
51872;1
50341;2
61380;1
71961;1
76954;1
75547;1
71964;2
76146;1
37059;1
78272;1
51866;2
52469;2
51058;1
37440;1
77273;1
83397;1
64506;2
83398;1
75553;1
76137;1
56682;1
51472;1
62812;1
50323;1
34653;1
50324;1
38565;1
52478;4
68872;1
65239;1
71057;1
61771;1
65230;1
78294;1
34667;1
64108;1
45187;2
64107;6
52483;1
57714;1
70200;2
46594;1
82250;1
67424;1
65226;2
77685;1
44565;1
77687;2
56660;8
62388;1
85523;1
51378;1
79705;1
52141;1
79709;1
85528;1
69023;1
58097;1
78255;1
58099;1
64487;1
71790;2
51375;1
55379;1
55377;1
88713;1
75289;1
69938;1
43346;1
78667;1
78666;1
77084;1
79715;1
78266;6
52966;2
79713;1
58999;1
55364;2
78261;1
77995;1
58490;1
84994;1
52557;1
84998;1
88317;1
62241;1
78239;1
53206;2
46771;1
85557;1
70405;1
58477;2
64497;1
64492;1
52531;1
66320;1
74691;1
74692;4
46782;1
46210;1
73507;2
39727;1
76490;1
63713;1
47357;1
74640;1
85972;2
43388;2
46218;1
59104;1
45118;2
60483;1
87224;1
84181;1
76890;1
50961;1
87228;1
52508;2
43391;1
86582;1
57392;8
67273;1
84954;1
50289;2
40237;2
36543;1
74633;2
79722;1
63736;1
61943;1
37600;1
86596;1
40267;1
84158;2
82844;2
85990;1
29109;1
50969;1
87251;1
73533;1
58986;1
73537;1
52119;1
69519;1
40630;2
47369;1
50983;1
87249;1
50979;1
40250;1
74653;1
58978;1
80800;1
68459;1
58016;1
44969;1
60977;1
75205;1
74600;2
60049;1
74602;1
76457;1
73937;1
36176;1
58929;1
40621;1
43828;1
61054;1
30791;1
41324;1
75214;1
39774;1
47383;1
46721;1
60445;2
53664;1
43836;1
47793;2
79798;1
83892;2
75228;1
54731;3
81756;1
74620;1
70891;1
32137;1
43844;3
76470;1
69080;1
60458;2
61073;1
60947;2
53280;5
58007;1
65095;2
58009;1
67851;1
65090;1
81742;1
63766;1
53294;2
60462;1
81778;1
32528;1
73590;1
70824;1
69063;1
41799;2
32113;3
52188;1
59182;3
76422;1
32514;1
81760;2
75251;1
61081;2
80867;1
73589;2
67876;1
59197;1
61086;1
63780;1
52175;2
89022;1
52179;1
81759;2
78689;1
41396;1
56274;1
67882;1
66351;1
72074;1
52975;1
41392;1
66762;5
54702;3
42752;1
36166;1
75274;2
76446;1
73015;2
69986;1
48938;2
36168;1
60424;5
38649;1
72953;1
55843;1
74553;1
72416;1
72414;1
56730;2
64888;1
83018;1
64885;2
79479;3
51773;1
65917;1
72018;2
79462;1
81281;1
56338;3
82339;1
66703;1
39300;1
91773;1
56741;1
56742;2
49289;2
65554;1
79464;1
71370;3
65551;2
72959;1
65550;1
49283;2
56369;1
82364;1
82369;1
31300;1
74570;1
66718;1
53604;1
77591;1
77592;2
45097;2
34710;1
76404;1
76403;1
51792;1
44422;1
72030;1
82356;1
82357;1
65950;1
48183;1
57898;1
51787;1
87601;1
71392;1
65534;1
72441;1
44012;1
83447;1
65961;1
82306;1
64051;1
30766;1
54357;1
83937;1
72905;1
65584;1
39359;1
60079;1
65195;2
65973;1
70794;2
59637;2
70792;1
64063;3
73060;1
60081;1
43865;1
89883;1
54758;1
89885;1
54360;1
73064;1
65185;2
60894;1
47865;1
47866;1
74531;2
82325;1
47890;1
48897;1
53643;4
80329;2
37739;1
83031;1
67810;1
65174;2
60885;1
83434;1
83432;1
84568;2
48144;1
74549;2
56313;1
54381;1
83026;1
64047;1
65575;1
44949;1
87647;1
41315;1
83970;1
61433;1
61449;1
45033;2
34272;1
71822;2
83486;1
83485;1
84530;1
77536;2
67353;1
62296;1
62295;1
62299;1
76853;1
36610;1
51945;1
64022;1
77528;1
75615;1
71830;1
44487;1
45029;1
44488;1
51710;1
37125;1
64825;1
74105;1
61464;1
63372;1
77102;2
40210;1
51303;1
61879;1
75623;4
58518;1
44498;1
45014;2
48109;1
91701;1
51700;1
46313;1
64816;1
51703;1
84110;1
61473;1
70388;1
50255;1
78190;1
71809;1
51315;2
61861;1
51918;1
67369;1
84524;1
77501;4
76884;1
61860;2
82775;1
29491;1
77953;1
45579;1
61483;2
48408;1
77950;1
51736;1
78182;2
71322;1
81256;1
76811;3
69456;1
75645;1
51988;1
51987;1
71330;1
63389;1
91320;1
70322;2
71337;1
61499;1
51726;1
56784;2
82782;1
65103;1
62936;1
45974;2
76036;3
78179;1
51336;1
52579;1
71342;1
48425;3
56798;2
86529;1
77556;1
44458;1
62274;1
47407;1
47404;1
65902;1
77156;2
62281;2
57851;1
51350;1
76015;2
86509;1
37177;1
45991;1
76010;1
90034;1
42358;2
57444;2
36438;1
84271;1
84272;1
82014;1
86907;2
63200;1
55949;2
52621;1
86232;1
50614;1
47015;1
52243;1
85207;1
78554;1
87374;1
52247;1
46368;1
84286;1
84284;2
84285;1
71688;2
52232;1
47006;2
84281;1
47916;1
47915;1
43912;1
33771;1
52643;2
67992;2
56382;1
47926;2
78579;1
78979;1
55930;1
36425;1
74997;1
62536;1
41259;1
52215;1
40937;1
64796;1
82051;1
68786;3
40954;1
40953;1
60349;1
69835;3
40561;1
46896;1
69422;1
83196;1
70539;1
46899;1
34464;1
55912;2
58110;1
78997;1
78994;1
52657;1
42120;1
60335;1
85823;1
85824;1
69821;1
89570;1
70943;1
40558;1
69433;2
86283;1
83182;2
58113;1
83599;1
66417;1
67181;1
58141;2
40165;1
77866;1
67957;1
67958;1
69407;1
70022;1
83981;1
52266;1
57467;1
66426;2
69808;1
58638;1
40982;2
86266;1
43943;2
67553;2
68756;1
82088;1
60311;4
83585;1
48605;1
70012;1
46384;2
62575;2
62570;1
34430;1
85415;1
53385;1
45372;1
83990;1
50646;2
83992;1
58139;2
68332;2
70975;1
39048;1
39876;1
47487;1
83573;1
36034;1
60769;2
68748;1
42156;1
47981;4
53365;1
66874;2
88816;1
60787;1
53364;2
74927;1
74257;1
60378;2
79691;1
74935;1
70979;1
67532;1
54820;1
79019;1
75395;1
47087;2
58151;1
60755;1
60757;1
79023;1
53357;1
81408;3
74918;2
53771;2
70949;1
68720;1
53773;1
76778;1
47079;3
76774;1
58189;2
67508;1
80166;1
48071;1
80915;1
60766;4
53343;1
74237;1
47475;1
39079;1
74907;1
74913;1
68713;1
73466;2
39844;1
79036;1
52292;1
80155;1
69847;1
78513;1
61198;1
53707;2
62518;1
54856;2
83538;1
53715;2
82920;1
36075;1
62112;1
54144;3
82506;1
73458;2
47443;1
68702;1
82509;1
39837;1
63640;1
42829;2
31580;1
53703;1
83522;1
74970;1
54132;1
54137;1
79665;2
53317;2
72815;2
74959;1
79062;3
46833;2
47965;1
78539;2
62506;1
63636;2
56943;1
47960;1
61179;1
31577;1
49561;1
54836;1
41691;1
52601;1
54834;4
47031;1
66054;1
54129;1
54124;3
74969;1
47422;1
82500;2
79071;1
66069;1
66895;1
60391;1
73424;3
75318;1
47535;1
47531;1
76724;1
72757;2
39900;1
61545;1
39909;1
64395;3
80212;1
59720;1
73934;1
72367;6
59729;1
65059;4
81980;1
81393;1
72764;3
75306;2
61553;1
48026;3
54898;4
62150;1
75717;1
44748;1
55550;1
44745;1
92157;1
48025;1
84688;1
43522;1
81991;1
82432;1
44328;1
54882;1
61521;1
34810;1
61522;2
44329;1
68282;2
68287;1
73197;1
71282;1
76329;1
30886;1
61126;1
54479;1
76325;1
62139;2
72744;1
48004;1
48599;1
59750;2
71297;1
71298;2
65477;2
51680;1
35492;1
80205;1
73186;2
54482;1
44725;2
59752;1
65853;1
56902;1
82411;1
55536;5
61133;2
60858;1
65402;1
72791;3
50543;1
54099;1
77473;1
82487;1
43578;3
60862;1
44785;2
50144;2
60836;1
39494;1
65420;1
45880;1
72387;1
82464;1
54071;1
45881;1
82468;1
50518;1
66105;1
50113;1
65801;1
82463;1
81331;2
51641;1
65434;1
35452;1
71251;1
62173;1
68232;1
57992;1
82456;1
91891;2
57990;1
35457;1
82451;1
68238;2
38756;1
64732;1
34376;1
45472;1
57575;2
57576;1
75783;1
54414;3
51223;1
51220;1
51221;1
35036;1
52691;1
77857;1
52694;3
71716;1
91476;1
35928;1
46409;1
57969;6
64743;1
85284;1
64748;1
82092;1
56440;1
51232;2
84602;1
56448;2
51625;4
81900;1
64329;1
64320;2
71725;1
77037;1
64321;6
71741;1
51202;1
31284;1
44799;1
77834;1
84223;1
78029;1
77831;2
82492;1
67917;1
56420;1
48516;2
78907;1
78017;1
31916;1
84218;1
48518;1
64341;1
77820;1
31266;1
91427;1
54455;1
55583;1
84247;1
70499;1
57927;1
63254;1
70496;2
45437;1
64353;1
55999;1
78914;1
46447;3
55992;1
77811;1
46445;1
91069;1
54467;3
61989;1
61982;1
83111;1
61596;1
78921;2
36511;1
36516;1
84659;1
77413;1
84655;1
91057;1
85277;1
31248;1
45802;1
75721;1
77005;1
58597;2
84263;1
84666;1
85482;1
54442;1
84660;1
85489;1
55967;1
45809;1
69361;1
70485;1
61571;1
62620;2
84252;1
48554;1
77786;1
74880;1
82154;1
77789;1
78453;1
64684;2
79505;1
47119;1
40424;1
49402;2
49401;1
47113;1
53800;4
52757;1
46050;1
51160;2
51164;2
85337;1
47106;1
77790;1
62418;1
85112;1
78843;1
82137;1
55111;2
86359;1
36312;1
42920;1
71573;2
59320;1
78070;1
52736;1
70612;1
33868;1
53017;1
53014;1
55102;1
82141;1
42911;1
53010;2
58730;1
42521;1
49020;1
62431;1
52354;3
78086;1
50744;1
70609;1
55138;2
48715;2
45248;1
77743;1
58261;1
45249;2
40047;1
58265;1
57589;2
86816;1
78053;1
78498;2
51134;1
67679;1
91491;1
55123;1
46099;1
71544;1
71548;1
78472;2
82172;1
52784;1
48730;1
70119;1
45266;1
78885;2
70664;1
28958;1
41108;1
78031;2
50776;1
85302;1
51159;1
36352;1
70127;1
84802;2
55153;1
54508;1
40845;1
52771;1
60211;1
48747;1
69705;1
77773;1
69709;1
78870;2
60210;1
50788;3
40050;1
69313;1
50787;1
41115;1
62476;1
70113;1
70188;1
54040;1
80640;1
53061;3
60633;1
83674;1
80048;1
75489;1
56010;1
80049;1
47193;2
74801;1
40897;1
53896;1
66576;2
72290;2
73356;1
53894;1
28592;1
73751;2
47592;1
47590;1
75492;1
39195;1
75491;1
70170;1
53464;3
73753;1
53465;2
67636;1
73341;1
73342;1
49818;1
75498;1
80033;1
36388;1
80030;1
73236;1
60237;1
54038;4
49812;1
86873;1
74388;1
73760;1
73765;1
56036;1
46003;1
44177;1
58284;1
76677;1
67647;1
69752;1
39996;1
54067;2
49823;1
80657;1
54930;1
80065;2
53087;1
79578;1
74371;1
53094;1
74372;1
86884;1
74378;1
79133;1
36798;2
69749;2
53864;1
40096;1
60258;1
68610;1
69747;1
74812;1
65777;1
46954;2
65779;1
46952;2
53432;1
56058;1
56827;1
65770;2
60670;1
61295;1
61291;1
82607;1
47545;1
83633;1
44198;1
52725;2
49444;1
59786;1
79196;1
47147;1
56815;1
47558;2
53033;1
47557;1
69767;1
80668;1
56809;2
52711;1
52710;1
62401;1
59777;2
65795;1
56846;1
69792;1
56849;3
47561;1
35638;1
41185;1
58703;1
42969;1
58700;5
54028;2
54026;2
52702;3
54029;1
49465;1
81513;1
49460;1
46042;6
83638;1
56837;2
53446;1
82645;1
39138;1
53059;1
47575;1
54018;1
67619;1
63519;1
67615;1
83641;2
41521;1
81487;1
34934;1
44205;1
75412;1
79908;1
61641;3
47633;2
47635;1
61646;1
51579;2
62778;1
49774;1
72222;3
80595;2
76206;1
81098;1
38956;1
38064;2
47621;8
34941;1
62019;1
43621;1
30997;1
66017;2
65738;3
83708;1
81083;2
81084;1
75815;1
44225;2
51593;1
68181;1
81859;1
49792;1
84799;1
75013;1
84798;2
43653;1
44617;1
82560;1
57614;1
60700;1
55661;1
59844;1
75823;1
51582;1
65335;4
68173;1
41553;1
77381;1
77387;1
81872;1
83729;1
74309;2
65755;1
74305;3
71128;1
72658;1
65309;1
50403;2
66929;1
38479;1
65301;1
62066;1
63199;4
44635;3
56100;1
56103;2
59825;2
56104;1
76244;1
76615;1
61615;3
76619;1
81455;1
63188;1
87054;1
73263;1
73262;1
68110;1
74329;1
81047;1
72280;2
50426;2
79494;1
44269;1
62080;2
65702;1
68146;1
72284;2
76226;2
61222;1
66957;1
76223;2
44650;1
50013;1
77354;4
45783;1
47600;1
50414;1
49748;1
44255;1
56118;1
56117;1
81061;1
45799;3
56119;5
76211;1
77332;1
54515;3
77331;2
71625;1
78142;2
34477;1
54512;1
70549;1
84349;1
50441;1
77714;2
46504;1
84748;1
50429;1
84741;1
49093;1
64604;1
54521;1
78138;1
70569;3
45327;1
62099;1
70565;1
63145;1
56541;1
84332;2
30522;1
64229;1
50435;1
57153;1
40476;1
83262;1
63172;1
45352;1
69233;1
46524;1
50466;1
84707;2
46520;4
77736;1
75090;1
55073;1
63161;1
87415;2
81020;1
83276;1
64626;1
45757;1
71111;1
46516;2
76251;1
84772;1
92062;1
64636;1
42541;1
65388;1
65384;1
83253;1
75854;1
42538;1
52306;1
75069;1
56582;1
45707;2
72204;1
72205;2
57653;1
84751;2
85396;1
86329;1
45317;1
46564;1
29237;1
57115;1
69276;1
67130;1
57647;1
67123;1
45717;1
50810;1
83232;1
52324;1
84766;1
48695;1
81829;1
76293;1
78806;1
57103;1
78805;1
86319;1
88577;1
50491;1
50495;1
50809;1
29507;1
75596;3
52049;2
37092;1
50899;1
79808;1
50896;1
52041;1
50895;1
70305;5
69662;1
59491;1
69125;1
52806;1
63408;1
29031;1
62356;1
85679;1
40799;1
36246;1
34213;1
58353;1
69670;1
84894;1
78360;1
68530;1
58896;1
63417;1
52819;1
80728;1
62342;1
55492;1
52028;1
75575;2
36691;1
79820;1
29000;1
63005;1
82745;1
58884;1
58886;1
68525;1
58887;1
71095;1
62332;1
75172;1
29017;2
63019;2
75569;1
79839;1
74048;1
40394;1
78775;1
75177;1
58879;1
71092;1
55487;1
84870;1
63853;1
63029;1
69625;1
53907;1
69624;1
40763;3
33080;1
45203;3
53123;3
84860;2
63447;1
61817;1
29959;1
86471;1
74783;1
61819;1
49317;2
63848;2
46622;1
40754;1
41036;1
63972;1
51908;1
79853;1
89376;1
74778;1
59902;1
36688;1
74020;2
61829;1
74025;2
53928;1
77607;1
78331;1
79863;1
41002;1
87113;1
45223;1
69606;1
63427;1
84055;1
78330;1
36657;1
40362;1
58849;1
63825;1
63822;1
68550;1
53118;1
78731;1
63817;1
60183;1
59958;1
74741;1
83772;1
80382;3
55436;1
86796;1
43011;1
48863;1
55028;1
55029;1
54624;2
49351;1
73686;1
59943;1
74737;1
37773;1
63074;3
74729;1
70783;1
41077;1
59407;1
43739;1
81616;1
60586;2
40710;1
63889;1
79292;1
55419;1
83753;1
70746;1
55412;2
41044;2
47660;1
53556;1
59021;1
39263;1
70754;1
43705;1
53555;1
44072;1
63874;1
56184;1
40727;1
52092;1
55403;1
70757;1
73665;1
60562;1
70761;1
66657;1
70767;2
52098;1
40733;1
55018;1
59425;1
53540;1
59428;1
30689;1
55012;1
42643;1
43444;2
75145;1
38183;1
60533;1
59456;1
59457;1
80783;1
59040;1
75942;1
60134;1
36280;1
60138;1
52071;1
53986;1
44897;2
75159;3
92440;1
72973;1
74492;1
38179;1
70742;1
38175;2
74499;1
69176;1
42625;1
80759;1
67745;1
44889;1
49922;4
46178;1
36250;1
49362;1
52061;1
49367;3
56138;2
49368;1
33523;1
86736;1
79263;1
79262;1
66626;1
41085;1
59065;2
52876;1
72178;1
67754;1
66225;3
60112;1
56143;1
76545;1
60523;1
59466;2
54197;1
54199;1
52888;1
80750;1
82248;1
74454;1
68859;1
72164;1
82241;1
68029;1
30622;1
68851;1
81193;1
54293;1
37491;1
31036;1
38138;1
47733;1
91657;1
49875;2
49874;1
72558;1
44545;1
38143;1
44544;2
65242;1
66608;1
85086;1
85085;2
55753;1
68015;1
31437;2
51096;1
79328;2
81597;1
54697;2
72564;1
54696;1
72566;1
57774;1
38113;1
72142;2
74432;3
76125;2
81172;1
68830;1
56224;1
55720;1
48796;1
55721;1
71480;1
31014;1
72538;1
71486;1
43787;1
82214;1
68848;1
48394;1
65263;1
35698;1
81575;1
81579;1
65261;1
44119;1
82208;1
68812;1
55787;1
48778;1
74413;3
68819;2
84436;3
48382;2
84434;2
44812;1
64989;1
65683;1
64159;1
45631;1
64158;1
48789;1
70691;1
55793;1
48370;1
31474;1
48375;1
60997;1
54260;1
87522;1
48753;1
43757;1
59501;1
84458;1
53501;1
48233;2
77209;1
64967;1
54643;1
54644;1
45618;1
79318;1
41402;1
41401;1
45612;1
71910;4
64184;2
84460;1
53517;1
39221;2
53518;3
70677;1
39229;1
47743;2
41414;1
71908;7
68030;2
64185;2
80446;1
71901;2
50938;3
50380;1
84931;1
70254;1
45679;1
61340;1
84009;1
51003;1
51000;2
64941;1
51007;3
35234;1
36766;1
61750;1
85016;1
68496;2
81111;1
54219;3
85013;1
64538;1
64120;1
61737;1
71434;1
76171;1
40347;1
71433;1
48227;2
58407;1
45127;1
45124;1
76177;1
45125;1
84404;1
34188;1
75513;1
88684;1
51022;1
50365;1
70237;1
61726;1
82690;1
48327;1
51812;2
62855;2
56698;2
56691;1
71017;1
77657;1
61736;2
34162;1
84922;1
78701;2
50909;1
50350;1
35206;1
51801;3
51802;1
64910;1
64911;2
45141;1
48315;2
54208;1
84425;1
54209;1
84420;1
83373;2
76986;1
84914;1
84915;1
52450;1
48304;1
50347;1
62830;1
62832;1
57720;1
52459;1
51872;3
83382;1
71961;1
67456;1
75547;1
78288;1
52460;1
40303;1
51869;1
50338;2
52469;3
77276;1
51058;1
85041;1
71976;1
64506;2
77666;1
37051;1
56682;1
76131;1
35263;1
50324;2
52478;4
69578;2
81131;1
57316;1
77695;1
82269;1
77696;1
44557;1
81139;1
61770;1
65231;1
65230;1
62820;2
64107;1
52483;1
78293;1
57714;3
82250;1
82251;1
71046;1
77295;1
45189;1
65226;3
77685;2
51378;1
52146;2
77093;1
58097;2
58099;1
71790;1
78258;3
52561;1
33147;1
46256;1
80835;1
52562;1
70400;1
40283;1
75289;1
78668;1
69938;1
78667;1
78666;1
33699;1
34314;1
78266;1
75685;1
55364;1
84992;1
52553;1
77995;1
52558;1
52557;2
90904;1
84998;7
62241;2
78239;1
69950;1
70426;1
82886;1
64492;1
52531;2
53210;1
48501;1
74691;2
61907;1
46782;2
88744;1
45104;1
78210;1
84171;2
39727;1
63713;1
79749;1
78219;1
58468;2
47357;1
52102;1
91287;1
74640;1
82820;1
85972;1
76497;2
84172;1
52907;1
73516;1
59104;1
73510;1
45118;4
60483;1
87220;1
76890;1
52924;1
52508;1
50962;2
39734;1
40659;1
57398;1
67271;1
52512;1
86582;1
57392;9
84954;2
59116;1
36543;1
74634;2
73500;1
87256;1
60495;2
40647;2
61944;1
37600;1
74131;1
82844;1
84983;1
78607;1
53246;1
73537;1
47369;1
63719;1
40250;1
67290;2
80800;1
40257;1
68458;1
44969;2
47788;1
60977;1
83086;1
60971;1
74600;3
44963;1
49200;1
76453;1
41755;1
49208;1
43828;3
53673;1
35858;1
53261;1
37633;1
39771;1
83868;1
46721;1
60445;2
53664;2
29842;1
47793;2
53668;2
47792;1
70888;1
53271;1
83892;1
83067;1
73577;1
59126;1
37644;1
39781;1
55319;1
76472;1
74620;1
41735;1
43844;3
60458;2
69082;1
61073;1
37641;1
68902;1
53280;1
68907;1
59520;2
49236;2
60957;1
60462;2
65098;1
82402;1
69099;1
86608;1
75247;1
36133;2
69979;1
73590;3
43303;1
60930;1
69978;1
67860;1
48925;1
46296;1
33646;1
70831;1
60925;1
41799;2
74194;1
35893;1
52188;1
35897;1
59182;2
42731;1
89025;1
69965;1
76426;1
73589;1
67876;1
59197;1
69079;1
74597;1
60937;1
61086;2
37674;1
63780;1
52175;1
48191;1
89022;2
52179;2
75268;2
60026;1
80899;1
67882;1
29184;1
59168;1
86631;1
66351;1
48948;1
48949;1
52975;1
56276;1
89409;1
66762;2
73015;2
73016;1
43338;1
69986;2
48938;1
55829;1
72084;1
52981;1
85518;1
60425;2
60424;3
81293;1
68958;1
74553;3
48154;1
72416;2
72414;1
56730;2
38236;1
49973;1
54390;1
64885;1
34739;1
79479;1
65917;1
72018;1
81281;1
72015;1
56338;2
44409;1
65145;1
48165;1
81691;1
56742;1
79464;1
71370;2
65551;1
65550;1
72959;1
49283;1
38665;1
55862;1
68970;1
77591;1
45097;1
56756;1
47851;1
71381;1
71383;1
38260;1
44426;1
53614;2
72030;1
82356;1
65950;1
51787;2
45083;1
51780;3
64088;1
56350;2
65534;2
64893;1
65961;1
83447;1
82306;1
74509;1
79434;1
65584;1
60079;1
70393;1
43864;1
64063;2
73060;1
43865;3
48884;1
61019;2
74529;1
72918;1
54758;1
60891;1
60086;1
65593;1
54360;1
83048;1
60087;1
65185;2
74531;1
82325;1
47890;1
65178;1
48897;1
53643;2
30788;1
74534;1
83961;1
60881;1
60095;1
54789;1
83031;2
79417;1
67810;1
65174;3
83434;1
65166;1
74549;2
56312;1
54381;1
44949;1
83429;1
41315;1
64857;1
61443;1
46303;1
61449;2
45033;1
61447;1
69499;1
77536;2
45925;1
84539;1
76853;1
76070;1
48433;1
36610;3
86535;2
44483;1
58546;1
77520;1
48432;2
76076;1
44488;1
48468;1
77932;1
63376;1
61463;1
77102;1
51933;1
75628;1
83460;1
75623;4
58518;2
45017;2
45014;1
91701;1
50257;1
86556;1
46312;1
64815;1
71317;1
84110;1
77507;4
54344;1
51315;1
61868;1
61861;2
51316;1
67369;1
58529;1
77501;5
84528;1
38684;1
82778;1
88766;1
61483;3
45070;2
51736;2
61488;2
62933;1
33236;1
61893;1
44436;1
51727;1
76811;7
69456;2
75646;2
69454;2
81250;2
57435;1
71330;2
82785;2
91321;1
71337;1
62940;1
34789;1
78171;1
51722;1
51721;1
62936;1
65105;1
44445;1
45974;1
78179;1
51336;1
69475;1
70331;1
71341;1
70336;1
48425;1
36601;1
71348;1
77556;1
44458;2
45989;1
46693;1
46691;1
62281;2
71358;3
48410;1
54303;1
90034;1
47414;1
57444;1
55237;1
82961;1
78965;1
82014;1
86907;1
52621;1
62568;1
50613;1
47015;1
85468;1
52241;1
71690;1
52247;1
73400;1
49551;1
52232;1
71688;2
46864;1
85476;1
85217;1
46335;1
52643;2
58607;1
80992;2
49524;1
56382;2
47926;1
49135;1
78979;1
46347;1
68797;1
74997;1
78972;1
82923;1
62534;1
52215;2
67593;1
78588;1
57481;1
68783;1
82051;1
68786;3
69834;1
60349;1
69835;1
85833;1
40561;1
49112;1
91102;2
49509;1
86271;1
77891;1
55912;2
77894;1
78994;2
71639;1
60335;1
60336;1
51267;1
50661;1
69433;1
71645;1
52278;1
83182;4
67181;1
70903;1
36454;1
83979;2
43958;1
87312;1
58640;2
51257;1
52266;1
67193;1
40150;1
83588;1
40154;2
77870;1
80199;1
43236;1
40984;1
68756;1
43943;2
82088;2
60311;3
83582;1
70012;1
46384;1
53385;1
45374;1
45372;1
83992;2
68332;2
60777;3
39873;1
70048;1
69875;1
83573;1
70967;1
68745;1
73128;1
81432;1
47096;1
42156;1
73497;3
81436;1
73496;1
47981;4
53365;1
32609;1
66874;4
80936;1
35543;1
48091;1
60787;1
54820;2
67532;1
68737;1
54823;2
42164;2
47992;1
42165;3
60755;1
35533;1
81408;2
53357;1
74918;1
53771;2
73104;1
68722;1
31534;1
53773;2
83552;2
76774;1
58189;1
47073;1
80166;1
67509;1
75364;1
52296;1
60766;1
60764;1
70054;1
53343;1
80910;1
52298;1
86983;1
50155;1
74913;2
69842;1
53763;1
54806;1
69847;1
89146;1
42147;1
61195;1
79642;2
62520;1
63651;2
80587;1
72836;1
78519;1
80967;1
59656;1
53707;2
62518;1
80970;1
54856;1
53715;1
39420;1
54144;2
39837;2
79655;1
47452;1
70079;1
31580;1
73849;1
83527;1
83522;1
72835;1
54137;4
59257;1
79665;1
70994;1
41283;1
56945;1
74284;1
41287;2
79062;1
46833;1
63639;1
62506;1
62500;1
47960;1
53734;1
75321;1
80126;1
54834;2
53739;1
41697;1
53736;1
54123;1
72821;1
50197;1
72808;1
53307;1
79071;1
66895;2
31564;1
36061;1
62102;1
63618;1
82004;1
29728;1
73427;1
39802;1
62103;2
73424;2
47535;3
47531;1
72756;1
39900;1
65053;2
92521;4
73934;2
72367;1
61146;1
44735;1
76305;1
59729;1
72362;1
81980;1
81393;1
54897;1
75306;2
81398;1
54898;1
87764;1
55555;1
44748;2
44745;1
75710;1
48025;1
30895;1
66800;1
48023;1
82433;1
76708;1
54882;2
61522;1
44329;4
72731;1
76704;1
65071;1
68282;2
68287;1
48998;1
76328;1
76327;1
61126;1
84693;1
65849;1
54479;2
80470;1
76325;1
76323;1
81969;1
81377;1
65477;1
73183;1
80205;2
44725;4
72334;1
35499;1
65853;4
72737;1
60858;1
65402;1
72791;2
51673;1
51674;1
72799;1
53784;1
77477;1
48055;1
44777;1
48057;1
43578;9
61106;1
60862;2
71270;1
71274;1
65410;2
53790;1
76755;1
41629;1
76335;1
48067;1
44785;1
44784;1
55517;1
50144;2
49620;1
89055;1
37248;1
50526;1
35986;1
50523;1
57986;1
54071;1
72387;1
45881;1
59707;2
48035;1
72380;1
66813;1
54072;1
79110;1
65806;2
38764;1
60843;1
65801;1
81331;1
65432;2
71251;1
65808;1
71259;1
41610;1
77481;1
57085;1
82459;1
50509;1
35457;1
59713;2
82452;1
43547;1
64733;1
57576;1
75782;1
51223;2
54414;1
51220;2
58574;1
77857;2
52694;1
46409;1
57969;5
63297;1
37205;1
54421;1
64748;2
51232;4
81907;1
64320;4
45846;1
77454;1
91018;1
45842;1
44799;1
67900;1
67903;1
84220;1
77835;1
84222;2
57059;1
34351;1
45859;1
69327;1
84627;1
67917;1
77445;1
77446;1
56420;1
78907;1
48516;1
58568;1
58566;1
84218;1
70447;1
64341;1
91441;1
78015;1
84632;1
84637;2
84638;1
48583;1
72325;1
90895;1
70496;2
70497;1
57926;1
46447;2
55994;1
55992;2
84644;1
84647;1
85242;1
57526;1
67243;1
49192;1
65494;1
61596;1
65498;1
38302;1
36516;1
63249;1
84657;1
42421;1
84659;1
84654;1
84655;3
28607;1
92189;1
49162;1
75723;1
45802;1
64758;1
75721;2
72306;1
77415;2
85273;1
64379;2
61562;1
57013;1
58597;1
58598;1
84263;1
85485;1
29326;1
54442;1
75737;2
45809;1
71709;1
69361;1
29325;1
81922;1
57910;1
46065;1
77784;1
53813;1
49400;2
59348;2
46459;1
68685;1
64684;1
78459;1
51179;1
79505;3
49404;1
49402;1
45282;1
41957;1
47113;1
74871;1
53800;2
46050;1
36302;1
51160;2
87462;1
51164;3
47106;1
34513;1
47104;1
53007;1
50729;1
91906;1
55111;2
40028;2
42920;1
71573;2
78434;1
42916;1
39501;2
70618;1
47136;1
52364;1
50730;1
58737;1
51180;1
49029;1
68690;1
59332;1
49020;1
42907;1
46983;1
52354;1
86802;1
50744;1
47127;1
50746;1
78082;1
67661;1
55138;1
48715;1
80082;1
77743;1
67669;1
77744;2
30562;1
58262;1
40045;2
57589;4
51138;1
34562;1
40466;1
78498;2
43118;1
67679;1
55123;2
80079;1
78063;1
70137;1
51124;1
78472;1
48730;1
78885;1
67081;1
86838;2
54502;1
84800;1
84802;1
78476;1
40827;1
40845;2
52771;1
60211;1
67699;1
60217;1
60210;1
86846;1
50788;3
52398;1
43130;1
69315;1
85314;1
41115;1
40431;1
80641;2
66983;1
32351;1
56010;1
75489;1
42016;1
47193;6
83678;1
49488;1
42985;1
40897;1
66575;1
68601;1
53896;1
73359;1
72290;2
49802;1
63540;1
73751;1
36387;1
75492;1
60644;1
56028;2
53464;1
73753;1
68200;2
53465;1
32759;1
75498;1
54922;1
39570;1
73236;1
54036;1
54038;1
49490;1
73346;1
76671;2
58285;1
49829;1
67647;2
80060;1
40877;1
54067;2
54930;1
74372;2
80653;1
50051;1
66999;1
36797;1
42992;1
79963;1
54943;1
80056;1
44188;1
67650;1
54058;1
74812;1
46954;1
53434;1
35613;1
56058;1
65770;3
41162;1
39141;1
86894;1
46956;1
74844;1
83633;2
76696;1
52725;2
49441;1
63509;1
60282;1
47151;1
52709;1
59789;1
39158;2
80677;1
82620;1
41980;2
56815;1
41566;1
53033;1
47557;1
80668;1
56809;1
79166;1
41189;1
56849;2
46939;1
65793;1
58703;2
58700;3
54028;1
52702;1
46045;3
46042;2
75467;1
47178;1
79167;1
59769;1
35622;1
29622;1
78407;1
63528;1
83638;1
79534;2
39137;1
53446;2
90349;1
82645;1
53057;1
47578;1
69784;1
60294;1
82103;1
63519;1
56088;1
49471;1
44205;2
75412;1
41529;1
79908;1
62776;1
61646;1
51579;1
41523;1
62778;1
49776;1
49774;1
72222;1
39110;1
76204;1
36816;1
75038;1
59866;2
92022;1
43637;1
62010;4
65355;1
69286;1
47621;4
43621;1
30998;1
81084;2
44606;1
59873;1
44225;2
62792;1
62041;1
47657;1
47658;2
77394;1
43650;1
38450;1
43653;1
66048;1
65335;2
83736;1
83734;2
77381;2
75001;1
59853;1
83729;2
61278;2
75007;1
74305;3
49737;1
38095;1
51539;1
34047;1
89188;1
61202;1
73270;1
56103;2
43679;2
82586;1
56108;1
81886;1
49725;1
61615;4
61614;1
37341;2
73393;1
63184;1
73392;1
63187;1
73263;1
50007;1
61215;1
36865;1
74329;2
74328;1
81047;1
76234;1
71145;2
79492;1
37930;1
38071;1
71149;1
50426;1
79494;1
56121;1
44262;1
76229;1
79210;1
72284;1
43696;1
50013;1
45783;1
77354;2
44255;1
56118;2
56117;2
38899;2
50026;1
61239;1
36886;1
50029;1
45799;2
79489;2
44662;2
56119;4
42585;1
77331;1
84733;1
78142;1
54512;4
63150;1
63156;1
84728;1
48642;2
75890;1
44684;4
50429;1
49098;2
49093;1
54521;1
64601;1
63143;1
70569;2
62098;2
63145;3
84332;1
56541;1
50435;1
62701;1
57153;1
45744;1
45352;1
69234;1
84329;1
84707;3
46520;5
77736;4
55073;1
78399;1
81021;1
83271;1
30930;1
77722;1
70586;1
71609;1
46516;1
50451;1
70583;1
51506;1
83244;1
69257;1
65381;1
42547;1
42541;2
85375;1
83248;1
85159;1
56570;1
49041;1
84777;2
70590;1
62737;1
46549;1
64257;1
63114;1
58301;1
85141;1
83250;1
75069;1
46531;1
45707;1
91549;1
72205;3
30019;1
83225;1
85396;1
56599;1
57115;2
63134;1
63136;1
67130;1
67124;1
45718;1
85128;1
49075;1
75043;1
48695;1
31152;1
46556;1
50498;1
33381;1
88577;1
50495;1
64244;4
50809;1
29508;2
75596;2
50899;1
50895;1
82763;1
70305;1
75990;1
28834;1
75993;1
52423;1
46156;1
78351;1
73616;1
86720;1
71881;1
52036;1
77184;1
36246;1
58353;2
52819;1
33020;1
52028;1
63004;1
36692;1
69140;2
50874;1
75162;1
75160;1
36215;1
46674;1
63005;1
50878;1
46671;1
84887;1
58885;3
58886;1
68521;2
69151;2
57235;1
86705;1
79839;2
74048;1
84874;1
40394;2
43479;1
40399;1
74042;1
78382;1
55487;1
71092;1
69624;1
40763;1
52009;1
45203;2
78310;1
53123;2
73654;1
84860;2
84036;1
78725;1
63849;1
29959;1
84869;1
39636;1
82707;1
40755;1
40754;2
64576;1
51908;1
45210;1
87123;1
73642;2
63457;1
59902;1
53134;1
61829;1
73641;1
74025;1
53139;1
63453;1
74023;1
40788;1
63834;1
62300;1
79866;1
45223;1
82701;1
78743;1
64558;1
87109;1
66697;1
79870;1
58332;1
78731;2
61804;2
84836;1
49345;2
49341;1
75106;1
67720;1
59951;1
80384;1
63890;1
59000;1
88276;1
47682;1
56199;4
39669;1
53573;1
43722;1
47284;1
54627;2
49915;1
67738;1
44858;1
39259;1
74738;1
43415;1
59016;1
79898;1
86035;1
60580;1
86036;1
74729;1
60584;1
60586;1
48852;1
55038;2
29978;1
40738;1
67704;1
70746;1
55412;1
37743;2
87549;1
67701;1
67700;1
37747;1
83750;1
41044;4
59021;1
70754;1
70753;1
86776;1
55005;1
49326;1
40744;1
59437;1
53555;1
43704;1
44072;1
53552;1
55003;1
56181;1
49331;1
74716;1
73665;1
48839;2
60562;3
41055;2
80798;1
53151;2
46606;1
52098;1
66652;1
55018;2
55016;1
60566;1
40737;1
66654;1
69169;1
66236;1
75953;1
66231;1
42643;2
75142;1
81678;1
56154;1
52089;1
59457;1
60138;2
65600;2
52073;2
75159;4
81668;1
39294;1
32930;1
85635;1
32931;1
66240;1
67741;1
70705;1
80759;2
59977;1
41083;1
49922;3
36254;1
65631;1
41497;1
60512;1
41491;2
79263;2
66626;1
72178;1
87181;1
66225;2
49937;1
49377;1
53580;1
59466;2
54197;1
69199;1
43021;1
52885;1
59079;1
44533;1
82249;1
38133;1
68859;1
72164;1
82241;1
30622;1
31037;1
54293;2
37496;2
47733;1
42283;1
44545;1
44544;1
54690;1
85086;1
82232;1
44549;1
30611;1
76512;2
51096;1
44132;1
54697;1
54696;1
49851;2
38113;1
65276;1
76125;1
48796;1
55721;1
42650;1
56619;1
54684;3
49859;1
72538;1
49856;1
68848;1
48394;1
68843;1
71490;1
44114;1
81579;1
42660;1
55787;1
84432;1
74412;1
48382;2
74411;1
84435;1
48383;1
68818;1
84437;1
70293;1
47779;1
70294;1
65683;1
89795;1
74428;2
48785;1
53530;1
92394;1
48375;1
60997;2
61316;1
39204;2
54260;1
44821;1
56608;1
54261;2
64168;1
72105;1
83815;1
48753;1
53505;1
84458;1
77200;1
45612;1
31058;1
71910;1
92372;1
64184;1
59513;1
84460;1
39221;1
53518;1
68804;1
64949;1
57793;1
39229;1
77217;1
41412;1
71908;3
30629;1
64185;3
71901;1
80446;1
50938;1
45676;1
70258;1
64941;1
51007;2
76185;1
64118;1
70252;1
35237;1
52497;1
84002;1
77634;1
48212;1
68496;1
54219;2
81113;2
75508;1
84929;1
61352;1
48336;2
68090;1
76171;1
71433;1
77239;1
71435;1
34687;1
62884;1
45669;1
48223;1
81103;1
84404;1
61744;1
71939;1
51022;2
40315;1
51028;1
62855;1
56698;1
51405;1
61735;2
64512;1
84904;1
61733;1
85033;2
78701;1
84014;1
51802;1
62868;1
64910;1
64911;1
48315;1
84428;1
64521;1
64520;1
83377;1
71408;1
54209;1
77644;3
84420;1
83373;1
84914;2
58421;1
83371;1
57721;2
61382;1
50341;1
61380;1
71461;1
81154;1
76954;2
85057;1
71964;1
78288;1
61790;1
52460;1
45162;1
78271;1
51869;1
50338;2
52469;2
88655;1
46570;2
83397;2
64506;1
75553;1
72579;1
62812;1
50324;1
50320;1
61365;1
52478;1
68872;1
71057;1
44550;1
44557;1
65230;1
78294;2
56666;1
64108;1
64107;1
51077;1
82663;1
57714;2
82669;1
85069;2
46599;1
71046;1
77294;1
44565;1
77687;2
56660;2
85523;1
69526;1
52141;1
58092;1
58097;1
79700;1
90918;1
52560;1
80835;1
46790;1
70400;2
77986;1
75289;1
74158;1
68406;1
78667;1
90145;1
34311;1
78266;3
75685;1
85531;1
58999;1
88725;1
52553;1
66306;1
58490;1
84994;1
52557;1
82851;1
74671;1
77076;1
40688;1
62241;1
88311;1
39708;1
88735;1
85953;1
85954;1
52151;1
58477;1
33677;1
64498;1
64497;1
51381;1
69013;1
88745;1
55387;1
52938;1
82870;1
82872;1
40297;3
82871;1
74692;1
78635;1
48507;2
53218;1
53216;1
70411;1
45104;1
61923;1
76491;1
39727;1
78219;1
58468;1
60477;1
84961;1
41706;1
74640;1
47350;1
76497;2
46215;1
46218;1
36535;1
45118;1
76894;1
35803;1
33190;1
52508;1
90104;1
39734;1
39735;1
74125;1
67271;1
52512;1
47341;1
57392;3
50288;1
84955;1
40235;1
59116;1
50289;1
36543;2
53234;1
78220;1
74131;1
82844;1
84159;1
52500;1
29109;1
73533;2
73537;1
64453;1
40630;1
81316;1
86196;2
47369;1
82826;2
79737;1
67297;1
81700;1
29824;1
58978;1
47390;1
83087;1
60971;1
73550;1
49200;1
36178;1
86658;1
53675;1
43828;2
53673;2
61055;1
60967;1
37633;1
41324;1
39774;2
87673;1
47381;1
63743;1
60442;1
63740;1
48958;1
53668;3
61041;1
79798;1
65085;1
75228;1
54731;2
60952;1
37644;1
88394;1
60061;1
39781;1
55319;1
76472;1
39788;2
59536;1
61073;1
53280;1
79764;1
65088;1
68907;1
58009;1
53296;1
37656;2
42713;1
39792;1
32537;1
87695;1
41725;1
63766;1
41726;1
53294;1
60462;1
74199;1
75247;1
73590;2
48925;1
70831;1
38289;1
41799;2
52184;3
52188;1
66743;3
52994;1
73584;1
35881;1
73589;1
70843;1
52175;1
56269;1
35885;1
48191;2
52179;1
42762;1
59168;3
37685;1
72074;1
69990;1
60908;1
48949;1
52970;2
52972;1
41777;1
75261;1
49277;1
75278;1
73016;1
55829;2
52981;2
75270;1
60424;1
79370;1
38646;1
74553;1
72416;1
89859;3
54390;1
34738;1
83017;1
72018;1
72017;1
82339;1
39305;1
57871;1
83002;2
83409;1
57878;1
64878;1
71373;1
89840;1
71370;1
65550;1
72933;1
68971;1
65941;1
77592;2
45097;2
51792;1
76802;1
77583;1
48183;1
51787;1
87601;1
72449;1
65530;1
51780;1
56350;2
71397;1
65533;1
72441;2
83447;1
53627;1
54357;3
54355;1
79436;1
65584;1
47872;1
70393;1
48489;1
70794;1
64063;6
61018;1
74529;1
64069;1
34708;1
47869;1
83951;1
65185;1
83044;1
87628;1
47865;1
83426;1
82323;1
48897;1
68931;1
65988;2
53643;1
73092;1
74534;1
83961;1
60881;1
32060;2
83419;1
83031;1
64865;1
60882;1
54782;1
67810;2
61422;2
60885;1
83434;1
84568;2
31829;1
31352;1
74549;1
56312;1
64047;1
44949;1
38228;1
87647;1
64856;1
83429;1
61434;1
64857;2
61433;1
61449;1
83486;1
69499;1
77536;2
76853;1
64022;2
88799;1
71826;1
58546;1
71830;1
77520;1
45029;2
36641;1
77109;1
61461;2
63371;1
77102;1
40210;1
91315;2
83460;1
64414;1
61879;1
75627;1
51306;1
75622;1
75623;4
45017;3
76874;1
86558;1
50257;2
91701;1
77928;1
46312;2
48103;1
46313;1
71317;1
84110;1
61473;1
70388;1
51315;1
61868;1
84524;2
71308;2
77501;1
82775;1
82772;1
88766;2
48404;1
37147;1
33236;1
71322;1
55280;1
51320;1
44436;1
45964;1
76049;1
69456;1
76811;6
76812;2
51987;1
61491;1
29482;1
71330;1
82785;1
63383;1
82786;1
77940;2
91320;1
70322;1
56784;1
62945;1
62937;1
77565;2
76036;1
75655;1
71341;1
70336;1
51754;1
56798;2
36600;1
78164;1
70330;1
71347;1
71348;1
77556;1
44458;1
34256;1
76839;2
65902;1
47807;1
46694;2
46693;1
69464;1
57851;1
50217;1
86509;1
45991;1
51355;1
69469;2
54303;1
47414;2
57444;1
29300;1
55237;1
58622;1
67163;1
82014;1
52621;2
46850;1
47015;1
52241;1
85207;1
40903;2
52247;2
46366;1
55222;1
78561;1
84284;1
50617;1
55958;1
40515;1
50626;1
52231;1
49558;1
79614;1
84280;1
78569;1
59211;2
43911;1
43267;1
62549;1
79628;1
52224;1
55918;1
56382;2
46331;1
78579;1
36427;1
68797;1
74997;1
82923;1
67594;1
68786;1
60344;1
69835;4
49113;2
49114;1
46393;1
78599;1
46397;1
91102;1
46896;1
86956;1
41226;1
57492;1
42126;1
55912;2
78997;1
40174;1
30455;1
87325;1
50662;1
86962;1
62597;1
67964;3
83182;4
86965;1
87328;1
83599;3
67181;1
58141;1
70903;1
83979;1
77866;1
85815;1
40580;1
62583;1
46370;1
77873;1
66426;1
42100;1
58131;1
67196;2
60311;2
80192;1
52259;1
46384;1
53386;1
86945;1
83992;2
71669;1
68335;1
39469;1
81427;1
68332;1
47987;1
60777;1
58169;2
47480;1
39872;1
39873;1
70048;1
69872;1
83574;1
68740;1
60769;1
47096;1
73497;2
53756;1
42153;2
47981;5
53365;1
66874;1
80936;1
35543;1
53364;1
60780;1
83563;1
39865;1
74930;1
83560;1
74936;1
54821;1
54823;5
42164;1
81423;1
47992;1
42165;3
60757;1
44274;1
68314;1
53771;1
80517;1
53773;1
76773;2
58189;2
42134;1
89155;1
60766;1
50150;1
74907;1
50155;1
54157;1
39844;1
79035;1
89932;1
80155;1
69847;1
61196;1
61195;2
80587;1
53707;2
54856;3
53715;1
66070;1
39837;1
88047;1
59252;2
35508;1
56953;1
46820;1
79052;1
54867;1
83522;2
54131;1
89912;1
79665;2
87395;1
72815;2
46833;2
39409;1
56942;1
80944;1
36052;1
41690;1
52601;1
54129;1
66496;1
61170;1
73436;1
47422;2
59273;2
82501;1
72808;1
82500;2
53307;1
79071;1
66066;1
66067;1
79077;1
47970;1
62102;2
54118;1
32678;1
82004;1
54114;1
74958;1
62103;1
62169;1
72756;1
65053;1
92521;2
39906;1
81388;2
80212;1
59720;1
72367;2
61146;1
44735;1
59729;1
81980;1
72764;1
75306;2
80224;1
60811;1
30895;1
48020;1
43522;1
82432;1
61520;1
44328;1
54882;2
81958;1
61522;2
44329;2
65071;1
44709;1
71282;1
61124;1
76327;1
84693;1
48004;1
71298;1
87740;1
34825;1
51680;1
80205;2
44725;1
43504;1
72334;1
55536;3
81972;1
30163;1
36949;1
48591;1
65402;1
72791;2
50539;1
65014;1
43578;8
44773;1
60862;1
71270;1
56406;1
61508;1
44784;1
50144;1
65004;1
64704;1
39494;1
42894;1
65420;3
62189;1
50526;1
45880;1
57986;1
45883;1
35051;1
35448;1
65806;2
82463;1
62175;1
65809;1
65808;1
71259;1
77480;1
76350;1
91891;2
43540;1
50509;1
76359;2
60833;1
57575;1
83144;2
57576;2
91034;1
76389;1
75783;2
91863;2
54417;1
51221;1
46403;1
78009;1
70450;2
69354;1
57969;2
71719;1
37211;1
37205;1
83151;1
51619;1
58589;1
56448;2
64320;1
77037;1
64321;1
75768;1
51204;1
45842;1
58558;1
77838;1
70435;1
43983;2
69323;1
69327;1
54400;1
67917;1
77446;1
56420;1
58568;2
48516;2
78903;1
84219;1
34361;1
70448;1
70447;1
83105;1
31266;1
78909;1
45828;2
91431;1
57926;2
55999;1
91436;2
55994;1
36522;1
46445;1
56484;1
84643;2
28613;1
84647;1
85242;1
67249;1
65494;1
69386;1
65496;1
36511;2
84234;1
81946;2
63249;1
84654;1
84655;2
49160;1
45802;2
71702;1
31248;1
77416;1
75721;1
72302;2
78932;2
64373;1
57013;1
29331;1
78933;1
81917;1
49177;1
56461;1
54442;2
75737;2
45817;1
78940;1
71709;3
35917;1
61571;1
48554;1
55964;1
50707;1
53812;1
53815;1
59348;1
64681;1
53806;1
49404;1
79505;1
47119;1
58227;1
43140;1
58717;1
52757;2
78858;1
86347;1
68673;1
28949;1
34515;1
51164;1
34519;1
79518;1
62416;1
62418;1
45290;1
46058;1
34513;1
82137;1
47133;1
46086;1
91906;1
55111;1
41144;1
42516;1
39501;2
52364;1
78439;1
52736;1
40802;1
55102;1
42911;1
68690;1
49023;1
78447;1
49020;1
78444;1
64692;1
50744;2
41920;1
58765;1
77748;1
58768;1
58769;1
80082;1
80089;1
40045;1
57589;1
34562;1
86816;1
78499;1
62463;1
51133;2
36346;1
77756;1
40869;1
55123;1
78892;1
40034;1
78897;1
87428;1
50767;1
88100;1
36359;1
82172;1
52784;1
68666;1
70119;2
40066;1
78883;1
71533;1
54500;1
36352;2
84802;1
70127;2
62487;1
40845;3
60211;2
48747;1
55145;1
60215;1
36368;1
66562;1
69702;1
60217;2
48744;3
67694;2
69705;2
78870;1
52397;1
50788;1
69313;2
40433;1
34576;1
62472;1
62474;1
62476;1
46914;1
74360;1
70186;1
80048;1
47193;2
40894;1
54910;1
60249;1
40897;1
83671;2
53896;1
72290;1
53894;2
73356;1
69732;1
49802;1
73751;2
53071;1
47592;1
47590;3
50039;1
68200;1
56023;1
32759;1
49493;1
75498;1
69729;1
80033;1
54038;3
49812;1
88111;1
80665;1
73766;1
56036;1
76672;1
73245;1
89255;1
81551;1
76671;1
49829;1
79562;1
49826;1
54067;1
49823;1
53872;1
54930;1
74371;1
74372;1
63561;1
38906;1
73772;2
73779;1
79963;1
60254;1
83686;1
39986;1
67650;1
74812;3
65777;1
39528;1
38027;1
46954;2
47158;1
46025;1
65770;1
88962;1
50084;1
39141;1
61291;1
73316;2
47542;1
74844;1
82606;1
42054;2
63509;1
47151;1
76692;1
41985;1
59788;1
53423;1
59789;1
46015;1
39158;2
61287;1
80677;2
74396;1
41566;2
82122;1
53033;1
69767;1
80668;1
53036;1
75455;1
52710;1
56063;1
53041;1
56846;1
72724;1
58702;1
58700;2
58701;1
54022;3
54026;2
79930;1
49460;1
75467;1
46042;6
47168;1
53444;1
56837;1
53446;1
53058;1
54012;1
54983;1
39948;1
72710;1
47163;1
67619;1
46030;2
67615;1
67616;2
49470;1
41521;1
65345;1
81487;1
44203;2
75411;1
68164;1
75412;1
41529;1
51577;1
37950;1
71168;1
47635;1
61646;1
79901;1
72222;1
39110;1
80595;1
36816;1
36815;1
62010;4
65355;1
38064;1
47621;6
88091;1
69697;1
49765;1
62019;1
44600;1
75028;1
75815;1
38966;2
44225;1
75433;1
51593;1
47657;1
47658;3
88087;1
34029;1
75438;1
84799;1
44610;1
61265;1
43653;1
44617;2
75018;1
66048;1
75823;1
65332;1
65335;4
38045;1
38468;1
59853;2
83729;1
74305;1
72658;2
51537;1
38479;1
66929;1
87946;1
87831;1
62065;1
49739;1
56103;1
59825;1
81884;2
56108;1
35174;1
55604;1
59828;1
76615;1
61615;4
56500;1
71131;1
76611;1
36865;1
30953;1
81897;1
45778;1
79492;1
51556;1
41506;1
71149;1
56121;2
44264;1
35190;1
38492;1
72284;1
45789;1
76223;1
44650;1
50013;1
74902;1
79209;1
74903;1
34056;1
50414;2
79200;1
35594;1
62074;1
56118;1
45799;2
44662;1
56119;2
77332;1
77331;1
54515;1
75888;1
54512;1
70549;1
69217;1
70558;1
63152;1
40490;1
50448;1
84728;1
46504;1
48642;1
30519;1
84748;1
76279;1
31179;1
69201;1
49092;1
64604;2
70566;2
62098;1
84332;1
55055;1
64228;1
50435;1
84738;1
40476;1
64612;1
45352;1
84329;1
46524;1
48664;1
46520;4
56554;1
77736;1
83278;1
35144;1
75086;1
71612;1
69220;1
77722;1
46516;2
29260;1
35146;2
50455;1
51506;1
42547;1
42541;1
54559;1
83247;1
56570;1
62737;1
46549;3
65389;1
65387;1
58304;2
58301;1
52306;1
92057;1
55095;1
75069;1
85361;1
38408;1
50473;1
63103;1
91549;1
75867;1
50822;1
56599;1
46564;1
86329;1
63134;1
54588;1
57642;1
67126;1
52324;1
84766;1
81829;1
76294;1
46556;1
84355;1
35107;1
88577;1
50496;1
50495;2
55222;1
