62361;1
62360;8
78356;2
75596;2
52049;1
63922;3
71897;6
63924;2
86715;1
50896;6
86710;1
50895;3
71894;1
63921;2
63918;1
78352;1
78351;3
52806;4
58893;1
58892;1
78369;3
86720;1
71881;3
75585;2
90623;3
62355;4
86725;1
62356;4
69679;1
86722;1
52031;4
34213;4
36242;1
86719;1
69670;1
90632;1
52819;8
52029;1
62342;6
62341;2
75575;1
52028;1
89348;1
50870;7
52836;3
50871;2
69648;4
85643;1
50875;1
79824;1
36215;1
63005;2
50878;11
85648;1
46673;2
69642;1
69640;3
58884;3
58885;3
58886;1
86099;1
75565;1
64599;2
79834;2
88222;3
50882;4
46689;1
63019;10
52013;1
86705;2
79839;2
62336;1
36221;1
89350;1
71090;1
58879;1
58876;1
71092;1
63028;2
40380;1
47257;1
63029;1
69625;9
61822;1
69624;1
63858;4
63964;1
87138;1
45203;2
78310;1
52006;1
63851;2
87131;1
59912;1
59911;1
63849;2
61817;2
61814;1
39621;3
61818;1
39636;1
63848;4
69635;1
62317;6
63846;1
61835;5
46622;1
61834;2
63033;11
64576;2
79853;1
64572;1
78323;1
91195;2
91194;1
59902;11
59907;2
50859;6
47243;1
59905;2
47239;1
61800;1
69602;10
77604;1
63046;5
62300;1
64562;9
69606;1
78330;3
90621;1
58848;3
40362;2
58849;1
39615;1
50840;2
46647;1
61812;6
63822;11
39614;1
63955;1
29536;1
77611;2
63057;3
78344;1
64555;1
69617;1
79875;1
63053;3
89395;1
79870;2
58832;1
50836;4
63948;7
66690;1
61804;9
41477;1
58829;2
59958;6
59954;1
63062;2
59951;2
80382;3
47290;2
59000;2
88276;2
32018;1
70778;1
86796;3
59003;4
86044;1
63895;1
63892;3
53579;2
63068;1
43013;1
48867;5
66689;1
63897;1
48863;1
53573;1
49346;2
55028;2
49348;1
55029;2
49349;1
47284;1
41466;1
49351;1
59948;1
59943;1
59017;1
59016;2
63074;5
86035;1
86036;1
60580;3
63079;1
35749;1
43739;1
53563;4
70780;10
60586;2
43009;1
48853;2
48852;3
55038;1
36292;3
47270;3
36297;1
70746;8
70747;1
87151;1
86023;1
32926;1
53556;1
70753;1
86775;1
49324;1
48841;1
63984;1
49326;2
47278;2
53555;2
35734;2
39647;1
43707;2
63874;2
63988;1
80357;1
39652;3
52095;7
47261;1
52092;1
49331;1
59929;2
59038;2
70757;4
41448;1
60562;3
48839;3
70760;1
86012;1
53547;3
70767;5
86014;1
63993;1
86783;1
63994;5
46606;4
55018;6
55015;4
53540;4
55016;4
60565;2
30689;2
47267;1
47268;3
90688;1
59994;6
70724;3
49386;1
52084;1
49385;1
60533;2
72987;5
85626;1
72982;2
88238;1
59043;1
59042;9
43056;1
32929;1
49391;1
49392;1
36280;2
52073;3
52071;3
72976;1
68105;18
52076;1
52075;1
72973;3
32931;1
70745;1
48819;1
70742;4
74497;1
48818;1
59051;1
49363;1
35771;1
39680;1
60508;1
49367;4
60513;3
49368;1
60512;1
52066;1
33523;2
72179;1
52065;2
66621;1
86736;2
41491;1
60510;1
66623;2
43035;1
52876;1
72178;3
48809;9
87181;1
70718;2
41481;1
85607;1
52051;1
53580;1
52055;7
32950;2
53583;2
60523;1
53584;5
54197;1
52881;2
52888;1
87186;1
43021;1
52885;2
72186;2
43027;1
59079;4
74455;2
76105;1
44534;1
76100;3
68859;2
42288;1
72164;2
32975;1
68856;1
67410;1
84472;2
38546;1
81195;2
76911;2
68026;2
81193;2
44536;4
37493;1
37491;2
54293;2
80410;1
85092;1
37496;1
57761;1
44545;1
65242;2
72156;1
82231;4
76924;1
85085;1
82232;1
81187;2
85088;1
55753;1
81180;2
30611;2
76922;4
84486;1
85081;2
60605;3
56648;4
56645;1
42272;1
57774;2
72142;1
55728;1
76126;1
74432;2
44512;1
38528;2
38522;1
48797;1
48796;1
60602;1
84492;1
48798;1
55721;1
56618;2
56619;2
65270;10
59884;1
43787;2
59893;2
65263;1
76900;1
74448;2
35698;3
81164;1
65261;5
59895;1
68812;8
55787;2
48778;1
54254;1
84436;1
30663;1
41429;2
30656;1
55793;12
44502;1
70694;1
31478;2
72111;3
88198;1
48780;1
80468;1
56608;3
80462;2
48782;2
70680;6
70681;2
43757;1
70688;1
84459;2
70683;1
84458;1
83323;1
70684;1
57780;1
41401;1
34197;1
68036;1
83331;1
71910;5
30633;1
74405;1
84460;2
42299;2
53518;6
70677;4
68806;5
42296;1
57793;1
70672;3
71908;3
68030;10
80445;1
71901;1
50938;2
67491;1
71919;2
34173;2
77634;1
61750;8
85019;1
77630;2
81111;1
54219;12
76189;1
81113;1
64535;1
64534;9
51423;1
51422;3
61753;1
85013;1
51428;2
64538;3
83341;1
71039;1
50929;1
50928;1
68093;7
68091;9
40347;1
76171;3
40349;1
85007;1
75510;1
45127;1
64544;2
45124;2
51432;1
84404;3
76175;1
45123;2
34188;1
61744;3
71028;2
71932;1
61743;2
61726;3
50916;1
29577;1
84409;1
56698;3
45156;1
85039;1
50922;1
64517;1
76976;1
64519;1
71942;1
61736;2
64512;3
61733;1
85033;1
71946;1
40327;1
38590;2
45143;1
45141;1
64521;3
54208;1
64520;2
83377;2
54209;1
77644;5
85027;1
84420;5
77646;2
85023;1
71009;2
54203;1
61724;1
57723;2
57720;1
71961;3
85054;2
76959;1
67456;1
75547;1
85057;1
71964;1
61796;1
34138;1
34137;2
76146;1
62396;1
78288;2
42242;2
77671;1
44580;2
57730;1
46570;1
37440;2
71069;4
82273;1
65208;1
61784;1
83397;1
64506;18
61781;3
75553;1
51470;2
77666;1
76136;2
56682;2
65201;2
77662;1
75551;2
76131;1
85071;1
38565;1
38562;1
91210;2
38561;1
75526;1
61776;3
68872;7
69576;1
85075;1
34112;1
65239;2
67433;2
77696;1
58792;1
76167;1
58793;1
44550;3
81138;1
61771;6
44557;1
65231;1
61770;9
81139;1
45187;2
78292;5
57714;18
91201;1
46594;1
75537;1
61765;4
76943;1
67424;1
46597;1
71047;2
71046;8
76948;1
51457;4
68887;4
51452;1
45189;1
65226;4
81129;2
81126;1
65222;3
62388;2
56660;5
79704;1
69527;7
85523;1
69526;7
51378;5
52146;1
40281;1
71799;1
85528;1
58097;4
52148;4
64487;1
58099;3
78258;1
51375;2
71790;1
89465;1
91246;2
79717;6
34311;2
51369;1
47307;2
33699;1
51360;7
78266;8
64473;1
52963;5
52964;4
78267;1
52966;1
51364;1
51365;1
71782;1
58999;4
78261;1
47335;1
48901;3
88317;1
52164;13
87219;2
39704;6
52935;1
85541;1
62241;1
78239;2
85540;1
39708;1
78237;1
87212;2
78232;1
47332;1
70809;4
46771;1
71765;1
69553;1
39712;2
34331;1
85557;1
47329;1
52944;3
51388;5
64497;2
52940;2
62232;2
64495;2
64494;2
64491;1
64492;1
89450;1
52938;1
36120;1
61907;1
69550;1
46782;2
45105;1
52910;1
29403;1
45104;3
45106;1
79744;2
78219;2
67268;2
47357;1
60477;1
39724;1
39722;1
40248;1
59104;2
59108;1
45118;4
60483;5
78221;1
87220;1
86174;1
76894;1
35803;1
78226;1
79756;1
64434;1
87224;1
46769;3
52924;2
76890;2
67279;1
64439;3
46760;1
67270;7
67273;2
67272;5
91290;1
59116;6
86172;2
60495;1
62201;1
52125;2
63732;1
45911;1
50976;2
63736;1
61944;3
52120;10
50972;1
39747;1
63728;2
47372;2
47376;1
58986;1
58036;1
46749;1
69518;1
89497;12
78202;1
37617;1
86196;4
35825;1
47367;2
39754;1
52111;1
61952;1
47369;5
78208;1
64459;1
50983;2
37612;1
63726;4
63719;1
67297;8
47364;1
67290;3
58978;3
40257;2
58049;1
58971;4
58017;1
86140;1
87273;1
36178;2
49200;3
60429;3
73937;1
36176;1
58929;2
73943;1
86658;1
49207;1
39766;1
53675;5
49208;1
43828;1
53673;2
61055;2
35859;1
61054;2
61050;1
30792;1
46714;1
58911;2
58914;2
80235;2
58917;2
47383;2
36186;2
47381;1
63747;3
46721;2
66771;3
53662;1
63743;3
46720;1
60442;2
53664;7
63740;3
53668;6
61041;1
87267;1
70885;1
58945;2
87295;2
59126;1
70889;1
88393;1
41359;2
61070;1
65081;3
36199;1
41356;1
39781;1
48982;1
36196;1
39788;5
35874;2
43844;3
32137;1
60458;2
61073;4
68902;4
86168;2
35879;1
58007;3
58009;1
65094;5
90599;2
58003;2
59137;1
65090;1
39792;1
49235;2
48979;1
63766;1
48975;1
49238;2
32147;1
66793;5
43853;1
82401;1
79778;1
60462;5
38709;1
73970;2
82402;1
65098;2
63763;1
36133;1
35891;1
70824;1
90582;2
61092;1
90583;2
80281;1
52996;2
63795;1
61099;1
89426;1
66746;1
72053;3
55816;7
66747;1
52997;1
61095;1
70831;6
63791;1
52184;5
35893;1
32113;3
59180;3
52189;4
32112;3
52992;1
63799;3
52188;7
59182;3
66743;3
36139;1
49252;1
61081;5
59197;2
70843;5
61086;8
59199;3
63780;9
36147;1
52175;1
35885;1
35886;1
52179;1
33652;1
32122;1
52177;1
60406;1
49262;4
72070;2
89400;1
86632;1
59168;5
52979;3
86631;3
48948;1
59164;5
52975;1
52970;1
85507;2
52972;4
86633;1
60415;1
86635;1
80299;2
49277;1
36162;1
80290;1
70859;2
70866;1
86641;1
55829;1
72084;1
59172;1
48934;1
52981;6
48930;3
60425;4
60424;3
81293;1
38649;1
72953;1
55843;2
72950;2
65158;2
42388;1
74553;2
56730;4
54390;1
37594;1
65917;2
72019;2
72018;3
81281;2
72015;3
72017;2
65145;1
82339;1
57870;4
57871;3
56741;2
56742;9
49289;1
56747;3
72959;1
49283;2
38665;1
38666;1
55862;2
31308;2
65945;5
31306;1
65947;2
68971;1
74575;2
65133;2
53606;6
74570;1
53604;2
77591;3
77592;3
45097;3
56756;2
72929;1
72039;1
72943;1
42398;1
77584;1
65950;1
57898;2
56760;1
45083;1
82301;1
53627;3
65198;1
65197;1
48877;1
30765;1
54352;1
54357;3
74516;2
54355;2
80314;1
54350;1
80313;1
43863;2
43864;2
84588;1
61012;1
65187;2
86691;1
70794;3
74522;1
31337;1
70792;1
55894;1
43869;1
68920;1
61019;3
74529;2
54360;5
65185;1
65181;1
74531;1
84556;1
84555;2
65981;4
61023;1
65178;1
82324;1
82323;1
31340;2
65988;2
53643;10
53640;6
74534;1
80336;1
65173;3
41306;1
65174;9
31355;1
54381;2
56722;2
82309;1
45033;2
67350;1
34272;1
71822;3
69499;7
67359;2
77536;3
37511;2
67353;5
67356;3
62296;4
76088;2
62295;3
42300;1
76850;1
76070;1
44482;1
61838;3
45935;1
76865;7
61844;3
45937;2
34289;1
67343;4
54329;4
77520;1
44487;1
76863;1
77522;1
44488;2
91313;1
75619;1
91315;3
83460;2
61879;9
51303;1
81231;1
37539;1
51306;1
76874;1
45014;1
64411;1
76052;2
29463;1
57818;2
40221;1
71809;1
74507;1
51315;4
75635;1
64429;2
67369;1
76885;1
77501;7
81225;1
76881;1
76882;1
81222;1
38684;1
68990;7
45070;2
56772;6
77571;1
76040;1
77575;3
42346;1
81256;2
61893;1
76048;2
44436;1
65110;1
76049;1
77577;1
45964;1
76811;38
75646;1
61895;4
76812;1
71863;1
81250;1
91324;2
56784;8
78172;2
82377;1
77563;1
71870;1
44445;1
61882;1
45974;2
76036;1
77568;1
78179;2
62268;5
75658;1
67301;1
65106;3
76826;1
51336;1
37544;1
45054;2
56798;5
56796;1
77556;2
62277;1
78168;1
44458;2
45987;1
76831;1
62274;9
65900;3
76839;2
76838;1
65902;1
46694;1
91343;1
46693;8
69464;5
46691;1
34262;2
44461;1
76015;2
76014;2
45993;1
51353;1
51355;2
69469;1
54303;5
51357;3
47414;2
47417;1
42358;1
47411;1
76019;1
77549;2
40149;1
67163;6
79608;1
62568;3
50614;1
50613;5
47015;2
63612;1
52243;1
52242;1
52241;1
79605;1
85207;3
85465;1
71690;1
62563;3
29305;1
52248;1
52247;2
85462;1
67173;3
50617;1
71688;2
71685;1
63605;1
46864;1
59212;1
85475;2
56393;1
85216;2
52237;1
47918;1
85217;2
51292;2
33360;2
58607;4
67992;2
79628;1
78574;1
56382;8
40941;1
40117;2
40945;1
78583;1
87348;1
47932;1
62536;1
64798;3
67980;1
62534;8
47930;8
86903;1
52215;1
78588;1
51287;9
91385;1
51270;3
40954;1
78591;1
40953;1
70924;2
86950;1
78597;4
51274;1
51272;1
49508;2
49509;1
86958;1
69422;1
83197;1
83196;1
71653;1
52283;1
71639;1
58659;2
91390;1
50661;4
62597;2
67964;21
69433;4
52278;4
69434;1
83182;17
86929;1
67181;20
50628;1
86927;1
67186;3
53393;1
83979;1
70025;5
67957;1
67958;2
70029;1
58640;1
87312;3
33327;2
69405;1
71679;1
62588;1
71677;2
67954;6
40150;1
58638;3
85409;1
53381;1
67198;3
70911;2
40984;2
80196;1
80192;1
67947;1
52259;1
90406;1
62575;3
85410;1
62571;1
85412;3
83990;1
83992;3
71669;1
89526;1
66887;1
68332;2
53374;3
60777;1
86996;1
80928;1
88826;2
47989;1
86992;1
80929;1
79688;1
50185;1
70047;3
70048;10
50181;1
79682;1
70967;2
80189;5
60769;6
47095;1
39467;3
53365;1
68346;4
35547;2
60783;1
68345;2
53368;1
73897;2
66874;1
80937;1
88816;1
60787;1
53364;2
63680;1
89531;1
66877;1
60780;1
73894;1
68340;1
47992;2
47087;2
35532;1
60755;2
53353;4
66099;1
60757;18
68314;2
60756;1
35531;1
50679;1
53357;1
66863;10
70065;1
60753;2
60752;5
50673;2
50672;4
80163;1
80162;1
70949;4
66093;1
47079;3
60747;1
47073;1
47075;2
52296;3
60766;3
86986;1
46800;1
60765;4
60764;8
36029;2
60763;1
40190;1
52298;1
70960;1
46806;1
50150;2
70964;2
89554;1
90451;2
80152;1
40194;1
52292;4
80155;1
61194;1
47946;2
61196;1
61195;3
61198;14
79642;1
63651;17
78510;2
63656;1
32254;2
39424;4
47942;1
73847;3
78517;1
44707;1
62518;9
80145;3
80144;1
36076;2
36075;2
39423;4
82506;3
80142;1
88032;1
59253;1
78522;2
46826;1
63640;1
59252;1
61188;5
35508;1
73850;1
62513;3
62512;1
68301;2
46820;1
49599;1
46823;2
49598;1
80132;1
47044;2
80139;1
36080;1
90477;1
59257;2
53317;2
79665;3
70994;10
78536;2
63639;1
46833;2
65899;7
78539;1
63636;2
62506;7
39409;1
47960;1
62500;1
61179;1
60795;1
47963;1
41692;2
47033;2
41693;1
41690;1
80124;2
41697;1
47031;1
63629;4
74282;1
89512;1
78542;5
59273;1
79673;3
79675;2
50197;1
78547;1
66069;1
70093;2
66892;2
66067;1
59270;5
47971;1
66895;1
36061;1
63618;3
74271;1
87381;4
37294;1
54490;1
66160;2
92521;5
60815;1
55544;2
82441;1
60822;1
72367;6
76308;1
43539;7
36956;2
44735;3
76305;2
76301;2
65059;6
72362;1
61141;1
81980;1
41679;1
80224;7
68295;2
80225;1
41670;1
66152;1
75717;1
60811;2
55554;2
60810;2
55555;2
36962;1
44748;2
44745;1
66800;3
30893;1
43522;1
65047;1
65071;9
68282;2
68287;7
37272;1
76329;1
61125;3
61126;1
76327;1
61128;5
54479;5
60801;1
84690;2
44718;1
54476;1
76320;2
76325;1
61120;1
76324;1
61122;1
76323;1
44711;1
84697;1
81969;1
66130;2
41651;1
36099;1
35490;2
68275;6
54482;3
44725;2
43504;1
65857;2
72334;1
65855;2
65851;1
55536;5
81972;1
72332;1
81971;2
60858;2
38782;1
77471;1
65013;3
65014;2
77473;4
43578;16
44773;1
57072;5
66124;1
65824;1
30863;1
68266;1
60862;2
61104;1
56408;2
35473;1
56406;1
44787;1
57065;2
77467;1
66844;3
55517;1
57062;8
50144;2
66848;1
65004;2
55514;1
37248;1
45880;2
57986;1
30194;1
72387;3
45881;1
57094;2
77499;1
36979;1
72380;5
68247;1
65806;1
68245;1
66106;2
60843;2
65801;1
50113;3
38767;2
35442;1
36972;1
60827;4
35452;1
65809;1
65808;1
68232;4
57992;5
41610;1
45891;2
77481;2
57998;1
50120;2
42499;1
72375;1
82459;1
45896;1
43540;2
57990;4
74204;1
76359;1
60833;1
82451;1
72377;1
43547;1
65810;1
60832;1
36985;1
34375;3
51225;1
76389;2
67923;8
75783;1
67924;2
75782;3
51223;4
51220;5
58573;1
54417;1
58574;3
76383;1
56430;1
85291;2
69350;4
57969;16
34371;1
37205;1
31943;1
67931;1
83155;1
64748;2
83158;1
42472;2
67207;7
56440;4
51231;2
51232;2
56448;3
91461;1
56442;1
57973;1
57970;1
57971;5
56443;1
71725;1
71728;2
91467;4
75768;1
45846;1
75767;1
71741;1
51202;1
45842;2
44799;1
77458;1
83169;1
58558;10
31927;2
31928;1
57949;1
71737;1
51217;1
64727;4
69323;8
64723;3
69327;1
69328;1
67917;1
76396;1
54404;3
77446;3
67912;4
56420;4
57951;2
57046;1
58568;3
56421;1
58566;2
56425;2
34361;2
91441;2
64773;1
84638;2
54454;1
91427;2
45828;1
72325;2
36912;1
57927;1
91431;1
57929;3
67251;1
57926;7
84644;1
56484;2
36925;1
81950;1
28613;1
28611;2
54467;3
67243;12
61989;9
61982;1
61983;1
36923;1
83111;1
69385;1
55591;1
91421;1
69386;6
69387;1
31272;1
77410;1
84659;1
84654;1
77413;7
28607;1
84655;2
77418;2
64758;3
85279;1
77416;1
75721;5
67239;1
61971;4
77415;1
84652;1
64755;1
85272;2
69376;4
91410;1
57013;1
56455;2
58597;3
58598;3
64762;2
85485;1
45811;1
56461;1
69366;1
54442;2
30127;2
30128;1
67226;11
75736;1
91401;1
69361;1
71709;2
50706;7
50705;1
47110;2
49400;2
59348;4
85104;1
52349;2
64680;1
62420;1
59340;2
64681;1
78453;3
78459;1
64684;3
71595;4
79502;1
51179;2
34521;1
49402;7
79508;1
46999;1
49401;1
46992;1
85102;1
34523;1
47113;1
52342;1
62409;3
62408;2
67030;5
51160;1
56492;1
40816;1
51164;2
64673;1
71583;2
79518;1
62416;1
47109;1
67035;1
62418;1
49414;1
34513;2
46058;1
46083;1
40025;1
40023;1
58749;1
40021;1
50729;2
87491;1
71573;1
78437;1
85343;1
51197;1
67049;1
47136;1
39501;2
52364;1
78439;2
50730;1
52360;1
67055;1
40011;4
67053;3
46075;1
58737;2
51180;1
58733;5
58730;4
51188;1
42521;3
78447;1
87483;1
78441;1
62431;7
52359;1
62432;4
64692;8
85350;1
71568;2
46983;1
52354;2
62434;4
50744;5
47127;1
50746;1
39518;1
52352;1
62439;2
80085;1
84815;1
78490;1
58763;5
59308;1
78493;1
58768;2
58769;1
80082;3
40047;1
80088;1
40045;2
67066;2
51138;1
52382;1
34562;2
33444;3
86816;2
70141;1
78498;1
58755;2
40869;2
40034;1
80079;2
86820;1
87428;1
52375;1
52377;1
50769;1
71548;2
88100;1
70137;2
78472;3
58784;1
40066;1
62488;1
34589;1
50776;4
54500;2
54502;2
70127;7
84802;1
87455;2
62481;1
87454;1
50770;1
78476;1
62487;2
78477;1
54508;1
40827;1
40845;1
58777;3
52397;1
50788;3
70110;1
40050;1
69313;3
69315;4
62474;1
78485;1
70111;1
32309;2
89667;1
79588;1
46914;2
50794;2
86852;2
53473;2
60633;1
63558;1
70186;5
70187;1
32350;2
47199;1
80048;2
80049;1
47193;2
60626;4
88919;1
49488;1
80045;3
40896;1
40897;1
72290;4
63540;2
73751;1
66976;1
70177;4
50033;4
68208;9
66970;2
86866;1
50039;5
50038;1
53464;3
73753;1
53465;4
66972;1
63547;2
66973;1
70174;2
68202;1
39577;4
47187;4
80033;1
60638;1
49490;3
86872;1
88110;2
73766;1
73765;1
70165;1
68218;1
39585;1
40877;1
80065;1
74372;8
63561;3
50051;1
38906;1
63562;1
66999;1
73779;1
88929;1
39592;1
79570;1
39528;1
86897;1
60678;1
49446;2
86898;2
46954;5
46029;2
65779;1
79549;1
46952;1
46951;1
46027;1
63513;4
53434;4
60673;1
46025;1
79544;1
50084;1
82614;1
46956;1
88172;1
61291;3
82605;1
50082;2
49442;1
49441;1
38026;1
49444;3
47151;1
63504;1
46964;1
88958;2
46014;1
59390;1
38925;1
47147;1
61287;4
60681;1
62401;1
35633;1
32374;1
35632;1
60699;7
89607;1
65795;2
38939;12
58703;4
58700;12
82628;1
58701;1
90362;6
58708;1
49465;1
58706;1
49460;1
80029;1
46045;2
46042;12
41592;1
80008;1
47168;1
32388;2
73736;1
59376;1
65786;1
79534;3
79536;2
79531;11
53446;10
82639;1
47163;3
47162;1
63519;1
69296;1
68164;1
82539;1
41523;1
72222;3
61240;1
76204;1
75038;1
36814;1
76208;1
66028;1
38956;1
76209;1
43637;1
69284;2
69283;1
68151;2
68153;3
81080;1
69286;2
38064;1
88091;1
88098;1
61251;5
72210;1
30042;1
61255;2
65738;1
75029;1
75028;1
81084;1
44606;2
38966;2
68181;2
66908;1
77395;1
88087;2
90279;2
84799;1
75013;1
36836;1
53408;1
43653;1
82565;2
60700;4
82562;1
75018;3
66048;3
55661;2
80103;1
38043;1
68174;10
66919;10
77381;1
66918;12
82559;1
36849;2
82555;1
75001;1
81870;1
30065;1
81872;1
72234;2
44628;1
65756;1
74309;1
38049;1
31117;1
75007;1
61278;1
55671;4
60719;1
37351;3
38098;1
38995;1
68126;2
44635;3
43679;3
76243;2
30079;2
43673;2
56502;3
37341;2
56507;1
92655;1
60703;1
60708;1
36865;1
61215;3
74329;2
82572;1
50004;2
82571;1
37347;2
50006;2
60711;1
76232;1
72254;3
61210;1
77369;1
77368;3
45778;1
79492;4
77351;1
72280;1
79494;5
56510;3
92683;1
81076;1
60745;3
50015;1
76229;1
36878;2
68147;2
68146;2
76226;1
61222;10
76223;3
79497;1
72288;1
76222;1
43696;3
77354;2
45783;3
56523;1
79484;2
68130;1
35594;1
81063;1
50026;1
38899;7
65711;1
36886;1
68134;1
81061;1
76212;2
79487;2
45799;2
44665;3
55639;2
44662;2
50023;3
82597;1
77341;1
57184;2
77332;1
62494;5
54516;3
54515;13
77331;6
62498;1
44676;1
71625;3
71624;3
75887;1
54512;2
85192;1
58679;2
84728;2
75890;1
84748;2
76276;9
44684;1
57160;2
77323;2
58680;3
34489;1
64604;3
37304;1
69206;1
54521;6
30913;1
64601;7
84738;2
57153;3
45744;1
64612;2
30947;1
54533;1
69234;1
69233;3
29273;1
84707;1
56556;2
56554;2
75090;1
78399;4
75086;1
45751;1
87415;1
37326;1
51116;1
77305;4
64626;4
84716;1
75084;2
84717;1
56564;1
83244;2
84772;1
55688;1
64636;3
54557;1
85376;1
85375;2
54559;7
83249;1
83248;1
56570;5
85373;1
29210;1
75854;1
85145;1
64648;1
85141;1
52306;11
64641;2
85364;3
75069;3
85361;2
57124;2
81808;1
45707;4
72204;1
91549;1
85134;1
50823;4
75867;1
72205;1
83225;1
52316;2
30012;1
52314;1
56590;1
42563;2
56599;1
29237;2
57115;6
67124;1
45717;4
45718;3
50810;2
69267;1
67126;1
52324;1
42551;1
85382;1
45710;1
31154;2
84768;1
75045;2
85386;1
31152;1
85380;1
57102;1
69263;1
33381;2
69264;11
50809;3
73609;1
37096;1
69122;1
37092;5
57248;1
77197;1
59499;1
70305;35
82763;3
28834;1
59491;2
46156;2
63402;1
73614;1
69128;1
46166;1
37087;2
40790;1
62908;1
77183;2
58355;1
58353;7
52418;3
78755;1
84898;1
74068;1
80725;1
69135;1
84894;2
66203;1
80723;1
32494;2
68530;1
78757;1
63417;4
80728;1
62911;1
66201;1
55493;4
33020;2
69144;2
55492;2
36692;1
67781;1
29000;1
78780;1
86492;1
75970;1
78784;1
86493;1
82745;1
82744;3
78788;1
78787;1
68523;1
80717;1
80713;1
75976;2
52441;1
68521;3
69151;2
57235;1
90269;1
37060;3
57236;1
43471;1
84875;1
57230;1
58370;1
52438;5
84878;1
68516;2
67795;1
69158;3
84870;1
80702;1
41812;1
53907;1
36670;1
33080;1
68583;1
68585;1
74788;1
53123;2
63447;2
51900;1
84860;4
71512;2
84036;1
35300;1
63449;3
32469;1
74780;1
78723;1
86471;5
63441;4
53911;1
74783;1
40756;1
40754;1
41036;1
51908;7
33098;1
41031;1
53137;3
35316;1
74778;1
73642;2
63457;12
55467;2
78714;2
74022;1
84857;2
78711;3
57297;1
86484;1
84854;3
53139;1
63453;4
40788;1
53928;1
68561;1
41002;1
63427;3
84055;1
36657;1
84057;1
53103;1
53932;1
63422;1
55459;1
58335;1
41019;2
41822;2
41016;1
84826;1
69111;1
40770;1
53110;1
63438;1
69119;1
86469;1
74754;1
74001;1
55449;3
86464;1
55437;1
81631;2
54612;3
60186;2
44862;1
53955;4
67724;1
43408;1
75106;2
47688;3
83771;1
67720;1
87569;1
43403;1
74747;1
55436;1
32421;1
75907;1
66274;5
47684;1
56199;3
59416;3
59412;3
54624;5
73681;1
75115;1
54628;1
40707;1
67738;3
44851;1
54629;1
49917;1
39259;1
47697;1
37778;5
67734;12
41072;1
60178;3
49913;2
75116;2
74737;1
37774;1
43415;1
66284;1
39251;1
41077;1
47693;1
59407;1
41847;2
59401;1
67705;1
83752;1
67704;1
55419;1
81613;1
67708;3
83757;1
53979;5
55412;4
87547;1
37743;2
87549;1
73678;2
66257;2
53973;8
47660;5
47661;1
59433;1
81608;1
30281;1
29974;1
44072;1
56179;1
60155;1
56184;5
76588;1
54602;1
76583;1
67717;1
56181;3
55403;1
37755;1
74716;1
53153;2
32434;1
73665;1
37756;1
44834;3
44833;2
29091;1
41053;1
41055;1
80798;1
53151;3
53150;1
39271;1
41863;3
59425;2
80791;1
59428;6
66236;2
69169;3
67767;2
66238;1
53992;5
42646;1
66231;2
75957;2
74704;1
42643;1
43444;1
75142;2
79248;1
75143;1
81678;1
56154;1
79244;1
59450;1
59455;2
59457;1
41894;1
80783;1
80781;1
39286;1
38186;1
42637;2
75942;1
49956;1
66243;4
60138;1
66242;1
56161;1
65600;3
59440;2
58398;1
59441;1
67779;1
56164;1
81668;1
43450;1
79257;2
92440;2
58399;1
41886;3
66240;2
38175;1
53188;4
53187;3
42625;2
32400;1
80759;5
41083;1
31779;1
67745;5
49922;8
76535;2
75123;2
81656;1
49929;2
66217;2
44880;1
59477;2
38162;1
41085;2
37782;1
53181;3
66223;1
75923;1
49930;1
53196;1
38159;1
42614;1
49932;2
65624;2
37796;1
67752;5
42616;1
67754;2
60112;1
66225;63
44043;3
44041;2
81636;1
29059;2
37790;1
69197;1
69196;6
38133;1
56243;1
64193;1
64199;7
37816;1
67009;1
51087;1
37818;1
47733;2
67004;6
81580;1
76529;2
38139;1
72558;1
54690;1
67011;1
51092;2
76512;1
72560;2
79328;2
34608;1
83811;1
54697;5
72564;1
67012;5
54696;2
72566;1
38111;1
49851;2
56227;1
44121;1
47716;2
65665;3
42650;1
47719;1
49859;1
54684;1
54687;1
49854;1
71486;1
89739;17
72532;1
48394;3
48286;1
79341;1
71496;2
42663;1
64992;1
42662;2
51883;4
42665;2
81579;4
44114;2
71490;5
34625;1
42660;1
49845;8
51884;2
47700;1
56202;1
72508;1
48382;3
48383;2
47771;1
39210;2
61305;6
70293;1
61306;1
47779;2
61307;9
70294;11
48259;4
64989;2
64980;6
65683;1
83846;1
92395;2
92394;2
47761;3
47760;1
48370;3
39200;5
48375;6
44827;1
60997;5
39207;2
87528;1
64163;2
54657;1
60191;1
59501;5
39233;1
48233;1
87518;1
47753;1
48238;1
66188;2
54643;5
47756;2
64965;1
54644;7
70270;1
66189;3
60192;1
31058;1
64175;2
62891;2
64174;2
92372;1
64184;11
59510;5
39220;1
39221;2
66172;2
64949;1
66171;1
59519;1
77217;1
79307;1
47744;1
77212;1
83833;1
64950;1
64185;34
54639;1
89766;1
63497;2
77224;4
70254;1
64111;1
61340;7
84009;1
51003;2
70258;2
64940;3
64941;2
51007;1
62879;1
46206;3
36767;1
64945;1
35237;1
64946;2
71425;5
84002;1
48212;1
68493;3
68496;15
35232;2
48342;2
63490;1
45670;1
50372;8
61352;1
64120;2
45664;1
35223;1
51821;1
77239;1
71435;1
70263;1
51824;1
62884;3
36755;3
45669;1
48227;4
51816;1
58407;2
34681;2
63480;1
64134;6
51025;1
64135;1
51022;1
70237;6
64130;1
63474;9
64132;1
63479;1
36745;2
82690;3
86428;3
48327;5
71403;2
35217;1
51812;1
62854;6
50367;2
62855;7
51810;2
35212;2
84021;1
62858;1
86426;1
51027;2
61319;2
51809;1
58418;4
58417;1
50354;3
64147;2
77255;1
78701;4
50350;1
36738;1
84014;1
36735;1
84012;1
51802;2
50359;3
61338;2
64910;2
64911;1
68480;1
64909;1
68484;2
71408;1
64905;1
84914;2
77251;1
84915;1
71466;1
48304;7
52450;4
48303;2
86404;1
50347;1
62830;1
50349;4
86408;1
61388;5
52453;1
52459;1
77268;1
61382;3
51047;1
51872;4
77260;5
70208;1
37044;1
62846;4
52463;2
51866;1
51869;3
70222;1
51052;1
52469;1
34649;2
88655;2
77276;1
51055;1
51860;1
77273;4
51050;1
51859;1
37051;1
50322;1
62812;2
52472;1
50324;1
52471;2
77289;1
52478;5
57310;1
77285;1
62820;1
34667;3
64108;5
71454;1
64107;6
35245;1
52483;1
62822;1
72585;1
82663;1
71452;3
70200;4
82667;1
77294;1
37031;1
57344;1
78660;1
37195;1
52561;2
52560;3
85930;1
33147;1
55377;3
30327;1
46256;1
80835;1
52563;2
88713;3
68401;1
52562;4
85936;1
78664;1
82866;1
70400;5
75289;2
52566;1
78661;1
77981;2
43346;2
78667;1
69938;8
77980;1
90145;1
45492;1
77081;6
37180;1
43359;1
80827;1
55364;1
85922;1
88725;2
52553;3
82854;2
77995;2
74674;1
58490;2
52558;1
52557;1
77990;3
78655;1
82851;1
75297;1
84998;3
77076;2
66314;1
52543;2
53200;3
55399;1
69005;2
85953;1
69953;1
68429;1
78645;1
70421;1
53206;2
82886;1
57363;1
66317;1
57379;1
90123;1
58477;3
52531;2
53210;1
66320;7
74691;2
74692;1
77068;1
74184;1
52539;1
48507;3
53218;2
48509;1
70411;4
46210;1
73507;1
76490;2
58468;8
41715;1
41716;1
52524;1
53227;1
78620;1
41706;1
84962;1
74640;2
50274;2
57380;1
85972;3
76497;2
85973;1
46218;2
73516;1
53223;1
63302;1
74645;1
35404;1
33190;1
84181;1
52508;2
43391;1
40659;1
57398;1
52512;1
52513;3
86582;4
84956;4
57392;31
86588;1
57390;1
58451;2
84954;2
84955;2
78616;1
63315;1
53234;1
74634;5
80820;1
81703;1
40647;1
86596;2
74131;3
86599;1
84158;2
82844;1
84983;1
84984;2
74663;1
63321;1
52500;1
50295;1
73533;1
55355;1
63325;1
78607;5
84982;2
63327;2
53246;2
85996;1
73537;1
69911;2
32589;1
40630;4
82826;2
80808;1
84974;1
68456;1
73521;1
63335;2
32572;1
53255;1
80807;1
68459;3
80805;1
88707;1
44969;2
75208;1
47788;4
37622;4
83086;1
83087;1
60971;18
42706;2
60049;12
73554;2
76457;2
67826;6
76456;1
83874;1
76454;1
41755;4
81729;1
41759;1
53261;2
37638;2
67833;2
37636;1
40608;1
67839;1
83868;2
81718;3
41742;2
59548;1
47793;8
47792;7
53271;1
83065;2
83891;1
73577;1
53288;2
83892;4
83067;1
54732;1
60952;1
37643;2
66398;4
60061;2
54734;5
55319;2
76472;1
83894;1
76477;1
74620;1
76470;1
69080;2
69082;1
83060;1
60947;1
53280;6
66391;1
69089;12
67854;4
73569;3
67851;1
74614;1
83073;1
75231;1
76486;1
87696;2
32537;1
76485;1
87695;1
44973;1
41726;1
53294;3
69094;1
69098;14
81778;2
76413;1
76410;1
76411;1
59594;1
73590;2
60930;8
67862;1
76418;1
67860;2
75248;2
60003;1
65519;2
69066;6
80884;1
46296;1
38287;1
38289;1
69064;4
60925;5
41799;2
29893;1
74194;2
78696;1
73584;2
44995;2
69969;5
78699;1
66342;2
80867;1
76425;1
76426;1
67876;8
73589;2
67877;5
65507;1
69079;1
37674;1
80871;1
89020;1
56269;1
89022;5
81759;1
59574;1
78689;1
42762;3
32508;1
76434;3
60020;1
79368;2
59571;1
56274;1
69994;2
92309;1
81790;1
67882;1
60901;2
69990;5
69044;11
60908;1
78680;1
60909;3
41777;1
75261;2
78679;3
42752;1
78676;1
54702;5
42753;1
75278;1
67898;7
66367;1
73015;3
69989;3
67893;1
73016;4
43337;2
69986;5
41763;1
69981;5
81779;1
41765;1
59565;1
56345;1
64090;2
48154;3
89859;6
71369;2
92218;1
64888;2
71368;4
34739;3
64885;1
65544;3
51773;2
79479;2
83017;2
79462;2
79463;1
56338;6
56335;1
39303;1
81693;2
64878;1
79469;3
71373;1
65554;2
71371;1
65551;1
71370;2
65550;1
83004;1
56369;3
48173;7
49993;1
76409;1
51799;1
47851;1
76404;3
76403;1
56361;2
76401;2
34716;2
71381;3
72430;1
71383;2
79458;1
79457;2
48181;1
79441;1
91799;1
49983;1
51787;3
87601;3
72449;1
65530;1
51780;3
64890;1
64088;1
56350;1
79447;1
64893;6
72441;1
73072;2
73071;1
65588;1
87632;1
73075;1
70398;1
65584;1
64053;1
60079;1
70393;5
48114;1
44913;3
48116;1
70390;1
48470;1
65590;4
59636;1
64063;1
73060;6
64069;2
34706;1
47869;1
60891;3
89885;1
83048;1
65593;4
38209;1
87628;1
47867;1
47868;2
38203;1
44926;2
47866;2
47890;1
60092;1
73092;3
67815;1
65561;1
44930;1
60881;1
64862;3
60095;8
54789;3
87654;3
65567;1
64865;1
79417;1
44938;1
83031;8
44939;2
61421;1
39337;1
54782;5
67810;16
60884;3
39338;1
56319;1
48141;1
38223;1
92273;1
45502;1
64047;3
65575;2
54779;2
44949;2
87647;1
61439;2
79407;1
65579;1
39328;3
61434;7
45505;1
61433;2
62974;4
61443;3
77916;1
86546;1
84140;1
61449;1
61447;3
77915;1
70357;5
50240;2
72493;1
51949;1
62969;6
68350;1
68353;2
48437;1
86534;3
77134;1
64025;1
70364;1
64022;1
61450;1
70365;5
88796;1
84137;1
64020;1
51710;1
46326;1
36641;1
34799;1
64825;1
36645;2
51715;3
61464;1
62990;1
63376;2
61461;2
63371;2
77102;2
33217;2
58513;1
58518;1
51708;3
64817;2
51709;2
37138;1
37139;2
50257;2
46314;1
86557;1
91701;2
51700;4
46312;1
48103;1
64815;1
77921;1
46313;2
51703;1
61479;2
84110;10
70385;1
70387;1
70388;4
50255;1
86553;1
51918;1
71308;4
58529;2
68382;1
48454;1
63393;4
71320;1
72450;2
45575;1
70313;1
77953;1
88766;2
61483;1
48409;2
77951;2
45579;1
48408;3
52598;1
71325;1
62933;1
51731;1
33236;2
77959;1
62934;1
91720;1
51729;1
68397;1
51727;4
77160;1
57435;4
90959;1
61491;1
51987;1
61492;1
82785;3
63383;7
63389;5
61495;1
70322;2
71337;3
77943;1
61499;2
62940;1
62945;2
51722;1
91724;1
34784;2
77949;1
91732;2
62936;24
62937;9
37153;1
37151;1
58503;1
90960;1
57426;2
45599;1
52579;3
70331;4
71341;2
71342;1
88784;1
70336;1
48425;1
71344;2
34755;1
77978;2
50228;1
71347;2
71348;4
37164;1
35396;1
77962;1
47808;2
47803;1
72486;1
71351;2
45587;2
51968;1
47806;1
48412;1
30306;1
47801;1
30308;1
77966;1
71358;1
34766;1
51960;4
51738;2
51739;6
86509;1
37176;4
37177;3
91753;2
57444;3
55233;2
54100;1
46359;1
54103;5
33755;1
55237;2
54102;1
73416;2
85876;1
85870;1
78965;2
55949;1
63200;9
52624;4
40518;1
52621;1
79084;2
84286;1
73400;1
55222;1
32692;1
46366;2
85868;1
63215;12
84285;1
55953;5
55229;12
78953;1
52616;4
82027;1
78954;1
82028;1
55958;1
52613;1
84280;1
49143;1
43911;2
46339;1
36413;1
36416;1
46335;1
36417;1
36418;2
52647;1
55918;2
85849;1
41241;2
46331;1
78979;4
46347;1
55930;2
85841;1
36427;4
85848;1
36426;2
43277;1
86222;2
67594;1
49124;1
69838;3
90814;1
77883;1
69836;1
57481;3
77886;1
77884;1
57484;1
68783;9
68786;2
60344;2
69835;3
60349;7
82055;1
49113;2
46391;4
46393;1
46397;1
68781;1
57486;1
58128;5
57488;1
41226;1
58125;5
77891;1
52659;4
57492;1
42126;1
43962;1
55912;7
77894;2
78997;2
55914;1
52657;7
78994;5
48626;1
60335;4
85824;1
67577;1
69821;1
68778;1
60336;1
45390;2
43251;2
55909;5
58115;2
58113;1
82988;2
45368;1
67548;3
58141;3
66416;2
64301;3
69813;1
55255;1
85814;1
77866;2
82071;1
67546;1
46373;5
36452;1
58147;1
45361;1
57466;2
57467;1
48606;2
43231;1
42100;1
82974;1
83588;2
86269;2
43235;1
82970;1
86266;2
69800;1
68756;1
67553;8
43943;3
66420;2
60311;17
52672;3
67557;13
48605;4
46384;1
36463;1
45372;1
58139;5
29798;1
81427;1
54807;1
39041;2
39043;1
39872;1
39873;3
53753;1
67524;1
69872;1
67522;1
68740;2
68745;1
42888;1
54813;1
68748;1
67526;9
81435;2
73496;1
29784;2
48090;4
81419;1
58157;2
60379;1
74930;2
54178;4
69868;1
69865;1
54820;2
42871;1
68737;1
79018;2
54823;3
79019;1
75394;1
69869;2
43213;1
29788;1
42166;1
42165;6
58151;3
81408;1
47462;1
48088;2
39850;1
47463;2
74918;2
53771;5
73103;1
68722;11
73104;3
83552;1
53773;2
83551;1
75365;1
83553;3
67504;3
76773;1
81412;1
67505;1
76774;1
89155;2
29763;1
47475;3
38394;1
48077;1
39079;1
39076;3
32631;1
54157;1
74912;1
68713;11
69842;8
66469;5
39844;1
53763;1
79036;1
67517;1
75374;3
76781;1
73113;1
89146;4
39003;1
33791;1
29750;1
42190;1
83528;2
53708;1
59656;3
53707;5
54856;2
53715;5
29758;1
73458;3
39007;7
89901;1
39009;1
39837;5
54146;8
54850;1
80575;3
82904;1
56953;1
31580;1
53703;4
54868;1
54867;1
58196;1
42835;1
62125;1
54137;6
47458;1
69891;1
69890;1
72815;3
39026;4
39020;1
74959;6
56946;1
79062;2
56942;1
56943;2
79065;2
31577;1
53735;1
52601;2
39817;1
54834;2
54129;4
29737;1
54124;5
85897;1
66498;2
74969;1
47422;1
72821;1
41280;1
69882;1
72808;1
39031;1
53719;1
79071;3
79077;1
62102;5
79079;1
54118;1
39809;1
60391;3
39807;1
60390;1
37996;1
73427;2
39802;1
47435;1
62103;10
69884;1
73424;2
39902;1
47535;1
81383;1
81382;1
38338;2
38339;1
62677;1
62169;2
39900;2
61545;3
76721;1
64394;1
39906;1
39908;1
59720;4
59726;3
49672;2
80496;1
39915;1
49666;1
49667;3
81395;1
54897;3
72764;1
75306;5
61553;1
61554;1
48026;4
83610;1
54898;3
87764;1
34805;1
89091;1
48020;2
54882;4
61521;9
61522;13
72731;2
47515;1
76704;1
62657;7
51693;1
87751;1
73197;3
34813;2
71282;3
51691;1
80472;2
80470;1
80473;2
80474;1
80477;1
62139;6
48004;3
48599;4
49646;1
71297;3
71298;11
81377;1
65477;2
51680;1
59754;6
59753;4
59752;2
48597;2
80487;2
61528;11
56900;4
72737;1
56000;1
51673;1
51674;2
71267;1
34830;1
49637;1
72799;5
35964;1
48055;2
50539;6
35077;1
44384;1
56007;2
53799;1
73164;4
87720;8
81354;1
51663;3
71274;6
73167;1
65410;3
89983;1
53790;2
81350;2
61513;1
48068;1
48067;1
38382;1
61508;11
31509;1
48063;1
61506;1
49620;1
89055;1
42896;1
42894;1
42893;2
62695;1
76742;1
65420;1
62694;1
54078;1
50526;1
35986;1
54071;2
48031;1
59705;1
48034;1
48036;1
50518;1
51641;1
62175;11
79108;1
71251;1
65432;1
81334;1
81335;1
49609;1
50514;1
50513;3
54089;3
50516;2
48041;1
91897;1
54081;1
48047;3
54086;3
50509;3
77021;1
45470;2
45472;1
57575;3
90853;1
57576;3
91863;1
46403;2
51633;2
51632;3
35038;1
70450;1
48549;2
52694;4
34875;1
77028;3
77852;1
70452;1
35928;1
78007;1
77024;2
46409;1
50584;13
63297;3
77030;1
77031;1
82092;1
55190;4
91027;1
91869;1
70461;1
64320;5
63286;1
77036;3
64321;4
77043;1
48527;1
77839;2
50566;3
77838;1
78029;4
43983;1
63274;1
84224;1
77831;1
45458;2
48529;3
78010;1
71216;7
50558;3
48516;2
71211;2
50555;6
84219;1
78017;1
70445;1
84218;3
70441;1
64341;1
78015;1
78909;1
65482;10
57533;2
70496;11
61582;1
64353;2
78910;1
64354;3
86200;3
64355;4
46447;3
36520;4
55994;4
55992;7
44305;4
46445;3
78919;1
46430;1
57526;1
92194;1
57522;1
91062;2
65494;1
63245;4
61596;1
64362;1
65496;3
61592;8
78921;2
36511;8
46433;2
63249;1
91827;2
91059;2
49169;1
49160;2
91051;1
64370;3
77002;1
78932;1
88446;2
64373;4
70477;1
43198;1
77005;10
55971;1
36502;4
78937;1
48553;3
91042;1
92173;1
91043;1
55965;9
55967;4
78943;2
64385;1
70485;1
64386;1
61571;6
61575;1
62620;17
84253;1
78945;1
48554;3
84252;1
55964;3
77788;3
52764;1
86332;1
77784;1
74880;2
78866;1
78864;1
53815;3
85731;1
46459;1
68685;3
28938;1
68683;1
68682;1
40424;1
78096;1
58229;1
28948;1
53800;4
52757;2
58211;1
66507;5
86347;4
68675;1
36304;5
52752;2
58213;1
40415;2
45290;2
78843;1
55118;3
66515;1
46477;1
53000;4
42916;2
49031;1
78076;1
40407;1
70618;7
58201;1
70617;1
78070;3
52735;1
33867;1
70611;1
55107;1
48709;3
52736;1
55109;4
70612;1
33868;4
28926;2
86361;1
66522;2
53016;2
85747;1
33861;3
82142;1
53010;3
68690;4
49023;5
46481;2
49020;5
68691;1
70609;3
41920;1
78082;1
70606;1
55138;1
48715;3
55133;1
67667;6
77743;1
45248;3
58260;1
66539;5
78059;1
77744;5
66536;1
58262;2
77740;2
28976;1
58265;2
86379;1
45245;1
57589;3
78053;1
40460;2
46493;1
36346;1
55125;1
77756;5
67677;1
43110;1
45259;2
28985;4
68637;6
58256;1
57598;1
78063;5
80613;2
52784;3
85714;1
52782;1
68666;2
48730;2
66550;1
78888;1
69715;5
70666;1
70664;3
33837;2
43121;2
70661;2
36352;2
55153;3
66566;1
60211;1
52771;2
67699;3
55145;2
82185;1
80606;1
69703;1
66564;1
60217;2
67694;1
80607;1
42002;1
78876;1
70650;1
60210;4
78044;1
80642;1
54040;8
53061;4
75481;1
56866;3
56014;2
79147;1
67627;14
44158;1
49805;1
60242;1
75489;1
56010;1
79992;9
79999;1
89276;1
54910;4
69733;1
60249;4
66575;1
68601;12
53896;1
66576;1
49801;1
49802;3
80632;1
36387;1
47590;3
75492;1
75491;2
39195;2
56028;2
32759;1
73341;1
67636;1
73342;2
76664;1
54922;1
73233;3
54923;1
36388;1
54038;6
49812;1
53079;4
58291;2
60234;4
54034;2
80665;2
54928;2
44174;2
31671;2
76672;1
73242;1
58285;2
76671;1
49829;2
58284;2
76677;1
53875;1
79970;1
68620;1
54067;2
53873;9
49823;2
67644;1
60269;3
66595;1
54930;2
53088;1
53087;3
53094;5
79133;4
58278;1
58275;1
42992;3
79963;1
76682;1
54943;13
60250;1
54944;1
44188;2
69749;2
42995;1
49839;28
53864;2
73251;1
81546;1
56041;1
76689;1
39988;1
74811;1
83681;1
80648;1
74815;1
67650;1
54058;2
74812;1
56827;2
41162;1
53022;2
54950;2
53020;6
47549;3
73316;1
47543;1
72700;3
53025;1
52721;1
83631;1
82116;1
76697;1
56054;1
53028;1
76696;1
59790;2
76695;1
44198;1
52725;2
54955;1
60282;1
76692;15
59787;1
39150;1
59786;1
42060;1
39158;2
80677;1
56815;1
41980;1
39926;1
56809;3
53842;3
83621;1
75455;1
56063;1
29604;1
52715;1
85762;1
60270;2
79164;1
59777;2
53041;2
41971;2
56846;5
53040;2
39124;1
56849;1
69792;14
41185;3
72724;2
53048;1
37888;1
67601;2
53047;3
54022;4
79939;4
54974;3
72721;1
74869;1
79934;3
54026;2
39959;1
89213;1
42961;2
67608;4
89211;1
74861;1
59769;1
80692;1
59763;3
83638;2
56831;1
56837;3
47571;1
69780;1
53057;1
89207;1
67610;4
73217;1
54012;2
69784;12
85786;1
53055;1
54016;1
54985;1
72710;3
54987;1
60294;6
59760;1
67615;11
83641;3
67616;3
65345;1
51572;3
81487;2
65346;1
83703;1
59861;1
44200;1
64298;1
75410;1
64297;1
87982;1
44205;1
61641;2
47631;1
34006;1
62776;9
62775;4
47633;1
62028;1
37951;2
51577;6
61646;4
51579;1
79901;1
49776;1
62778;1
51578;1
37952;5
39110;1
80595;3
69680;1
59866;3
90792;8
62010;18
51564;2
51563;1
65355;3
62782;2
47621;5
49765;5
37940;2
71179;4
83705;2
59873;2
44225;1
51593;2
62792;8
83723;1
62041;1
62043;1
75439;2
87899;1
47658;4
38458;1
72634;4
59849;1
57614;5
59840;3
59846;2
64284;2
71192;1
83736;1
83734;1
51587;4
61676;1
47643;1
61675;2
49780;1
59853;2
87074;3
59857;3
72658;2
71128;11
65309;3
49737;1
51537;4
87838;1
51539;1
76623;1
38479;3
72655;1
34045;1
49732;2
72653;1
65301;4
63196;3
62065;5
87831;1
62066;2
63199;4
56100;1
56103;1
59825;1
56104;1
63191;6
63192;9
38475;1
56108;5
35174;1
35173;1
51529;6
49725;1
49724;1
61615;1
76619;2
61613;3
62053;1
73393;2
63184;1
71132;1
63187;5
81454;1
37908;1
72662;1
81455;2
62052;4
63189;2
44238;1
63188;2
76611;1
73262;1
34030;1
61605;5
38486;2
35160;1
87029;1
71145;2
34067;1
61623;2
51556;2
71149;1
50426;2
34954;2
56121;2
62085;2
44262;1
59802;2
59803;2
35195;1
59805;1
38494;3
35197;1
61618;1
74902;1
79209;1
51546;2
74903;2
34056;1
47600;1
76636;1
49748;2
61630;3
71151;2
44255;1
87038;1
62074;1
56118;3
56117;9
34053;1
56119;12
61628;2
48641;1
91964;1
78142;1
70548;2
70549;1
63152;1
63156;1
40490;1
77714;2
48647;1
77712;2
46502;2
48642;4
49098;2
49093;2
57663;1
78138;2
70566;3
63143;4
62098;6
70569;14
45320;2
62099;2
45324;1
63145;16
55055;1
88515;1
64229;1
35125;2
50435;1
64227;2
35123;1
40472;1
87918;1
40478;1
45352;3
63172;5
90731;1
88543;1
78123;4
45359;2
70574;2
30530;2
78127;1
63175;2
35156;1
48666;1
62715;2
35159;1
71102;2
46520;3
77736;1
84320;1
71105;2
62711;3
71109;1
55073;2
55070;1
91996;1
35144;1
57686;2
46519;1
45344;1
64203;4
70588;1
46516;1
45343;1
71111;1
35146;1
50455;2
64204;1
84311;1
70583;2
51506;5
77726;1
43074;4
65381;1
57634;3
49047;3
55086;1
49041;1
88569;2
86303;1
70590;3
46549;3
50483;3
64257;1
65389;3
88562;1
65388;1
88561;1
65387;1
88566;1
65384;6
58304;6
92051;2
58301;3
48671;1
62744;1
78829;1
46536;1
78823;1
62746;2
65396;4
63103;2
90756;1
57652;1
57653;1
64237;7
35114;1
62752;2
46564;3
88589;1
36409;1
43098;1
64233;1
63132;5
45311;1
64236;1
65372;1
48691;1
38422;5
35103;1
78801;1
46556;2
64248;2
50499;2
86315;1
50498;4
84355;1
78806;1
35107;1
78805;1
78808;1
35105;1
65374;1
88577;5
88576;2
43087;1
63123;1
84356;1
65375;2
88572;1
50496;1
86311;2
64244;1
59907;1
61118;1
51138;1
55811;1
58007;1
52948;1
60020;1
56510;1
54417;1
55233;2
54513;1
51227;2
54396;1
52049;1
54493;1
59951;2
52621;3
56015;1
52949;2
52948;2
60571;1
53579;1
56430;1
53806;2
53896;6
55222;2
60614;1
53462;1
59943;1
55424;2
55958;1
55368;2
55550;4
53666;1
54036;1
57350;2
60586;4
59882;1
61070;1
61465;2
56224;2
51691;2
53770;2
55397;3
53695;1
54271;2
52926;1
54687;1
58007;4
54050;4
52631;1
55403;1
53014;1
58278;3
54344;2
51918;3
52937;2
59858;2
56563;2
53218;1
53215;1
56622;1
56822;3
52000;3
56056;1
54254;1
52453;1
54455;1
52084;3
55472;1
59450;1
52524;2
55475;1
61306;6
55818;4
58462;1
58463;2
60079;2
56054;1
53127;1
59108;1
57838;1
53531;1
55916;1
60847;1
59441;3
52371;1
57065;1
55518;4
53134;1
53840;1
53038;1
60711;2
51475;1
60697;1
52781;1
56510;2
54076;1
56590;2
54579;3
54075;2
52873;2
53736;1
57316;2
59770;2
56455;3
52261;1
55459;2
52266;1
52771;8
53511;1
60215;2
65169;1
52583;2
52050;1
53449;1
53110;1
54309;4
53725;4
54199;1
53921;1
54114;3
54989;1
55961;5
60873;1
57444;12
