78358;1
78356;2
89324;1
52045;1
50899;1
69669;1
59499;1
58369;1
82763;1
70305;2
28834;1
57241;1
70300;1
75994;1
59491;1
69124;1
75585;1
46663;2
52031;1
58353;2
90632;1
68530;2
58896;1
80728;1
62342;1
36692;1
69140;2
29000;1
50874;1
75160;2
78780;1
63005;2
50878;2
82744;2
84887;1
75973;1
58884;1
58885;1
62332;1
58871;1
63019;1
75569;1
63906;1
57230;2
40394;2
74043;1
78775;1
75177;1
58374;1
71090;1
63853;1
64589;1
58324;1
61822;1
40763;2
52009;4
78313;1
63024;1
87133;1
84860;3
74781;1
29959;1
63441;3
53127;1
84863;1
74015;1
61819;2
63848;1
62317;1
61835;2
40755;1
63972;1
51908;2
45212;1
73642;3
74778;1
63457;1
78714;1
55467;1
78715;1
84858;1
74020;1
78711;1
78712;1
74025;1
46630;1
79860;1
62300;1
79863;1
63047;1
45223;1
63427;1
78330;1
53930;1
78743;1
50840;1
58335;1
46647;1
63955;1
39614;1
52800;1
78344;1
79877;1
58832;1
78731;1
74000;1
84836;1
61804;1
55449;2
84834;1
81631;1
49345;1
60186;1
39665;1
47688;1
83772;1
41060;1
37765;1
86796;1
47682;1
87177;1
47684;1
56199;1
49349;1
41466;1
39675;1
54628;1
49351;1
83762;1
60174;1
49917;1
81624;1
83760;1
75117;1
55424;1
43415;2
74729;1
53563;1
60586;1
48855;1
55038;1
70746;1
55412;1
47660;1
53556;1
41048;1
86775;1
66661;1
49324;1
49326;1
53555;3
59437;1
43704;1
41440;1
76583;1
56181;1
73665;2
41053;1
48839;1
60562;1
48837;2
70767;1
53151;5
44087;1
39271;1
55016;1
60565;1
60566;1
55012;1
43052;1
53992;1
42646;1
42643;1
43444;1
43440;1
56154;1
79244;1
49385;1
60533;2
59458;1
59457;2
41894;1
80785;1
75942;1
43041;2
60134;1
60138;1
52073;3
56160;1
52071;1
44897;2
75159;3
43450;1
52861;1
92440;1
72976;1
78790;1
72973;1
32930;1
86764;1
74492;1
70744;1
66240;1
38178;1
74497;1
80759;6
49922;1
75123;1
81653;1
49367;2
59477;1
86736;2
74487;1
43035;1
38159;1
49932;1
42614;1
67754;2
66225;1
83786;2
44873;2
49371;1
36262;1
81642;2
44043;1
74084;1
59466;2
52057;1
54199;1
52881;2
43021;1
43027;1
29052;1
44534;2
76100;1
49870;1
72164;2
82241;2
81195;1
85092;1
67004;1
49875;1
91657;3
76529;1
49874;1
57761;1
92358;1
82232;1
44549;2
81180;1
51092;1
31437;1
76918;1
79328;1
65652;1
56648;1
54697;3
54696;2
72566;1
49851;1
35295;1
54278;1
35684;1
84492;2
48798;1
56618;1
42650;1
56619;1
44129;1
65270;1
72535;1
71486;2
51898;1
43787;1
48394;1
65266;1
74441;1
48393;1
48286;1
76117;1
76900;1
72137;1
51883;1
81575;1
42664;1
81579;1
42660;2
65261;1
42667;1
68812;1
72125;1
72508;1
84436;4
74411;1
48382;3
48383;1
68818;1
61305;1
70299;1
68065;1
74428;1
83847;1
55797;1
55793;1
70691;1
53534;1
31478;1
83318;1
41434;1
48780;2
64168;1
80462;1
54657;1
64171;2
59501;1
53505;2
84458;3
41407;1
48368;1
47756;1
77200;1
54646;1
83828;1
53517;1
53518;2
70677;1
42292;1
48246;1
47744;1
71908;5
89766;1
50938;2
77224;1
45679;1
84009;1
51003;1
51007;2
29595;1
62876;1
77634;1
61750;1
42202;1
54219;1
71032;1
84925;1
64535;1
37417;1
50372;1
50929;1
61737;1
35222;1
48336;1
76172;1
40349;1
36755;1
48227;1
58407;1
54229;1
45125;1
85009;1
77230;1
51025;1
51022;1
61726;2
50916;1
35219;1
61320;1
82690;1
36745;1
35216;1
51028;1
40315;1
62858;1
71012;1
64511;1
31487;1
85039;1
64517;1
84903;1
64512;1
50909;1
78701;1
36735;1
76190;1
51802;1
62868;1
64911;1
45141;1
48315;1
77644;2
84420;1
83373;1
84914;1
58421;1
52450;1
48304;4
57721;1
48303;1
62830;1
61382;3
50341;1
83382;1
71961;1
77260;1
75547;1
76955;1
81150;1
78288;3
52460;1
45163;1
40304;1
50338;1
61395;1
36718;1
52469;1
51058;1
64506;2
61781;1
51472;1
71065;1
91632;1
72576;1
52471;1
38565;1
69578;1
34112;1
71980;1
65236;1
62805;1
61771;1
44557;1
65231;1
34119;1
71454;1
64107;3
52483;1
51078;1
57714;2
70200;1
82250;1
71047;1
77294;1
82257;1
56660;2
51378;1
52146;1
52144;1
58099;3
51375;1
52561;1
52560;1
52948;1
88713;1
52562;1
52568;1
78666;1
85535;1
34311;1
75294;1
78266;4
78268;1
58999;2
55364;1
52553;3
77995;1
52557;1
75296;2
77990;2
84998;1
48901;3
52165;1
85956;1
69953;1
68429;1
71765;1
34337;2
85559;1
52151;2
62239;1
71764;1
52944;2
64498;2
62232;1
69010;1
80852;2
69013;2
64492;1
89450;1
52938;1
82870;1
52939;1
77068;1
46782;1
70411;1
45106;1
73507;1
84171;1
39727;1
78219;2
58468;3
60477;1
74114;1
74640;1
86574;1
43388;1
76497;2
35404;1
78222;1
45118;1
60483;2
86176;1
86174;2
46769;1
76890;2
52508;1
50962;1
39734;1
76898;1
86584;1
84956;1
57392;3
84957;1
58452;1
84954;3
84955;1
67272;1
59116;1
74634;1
36550;2
60495;1
80820;1
52125;1
63732;1
40647;1
52120;1
40267;1
47372;3
35428;1
47376;2
84159;1
73530;2
50969;1
87251;1
40630;4
37617;1
86196;3
63726;1
78207;1
61956;1
74651;1
67290;2
63337;2
58978;1
46246;1
80801;1
58048;1
58971;1
44969;1
47788;2
60977;1
70869;1
83086;1
60971;1
60049;1
73550;1
36178;1
73937;1
58929;1
41755;3
39766;1
49207;1
43828;1
61055;1
60967;1
86148;1
83868;1
47381;1
43835;1
46721;2
66771;1
60445;3
63743;1
46720;3
53664;1
63740;1
48958;4
47792;1
70888;1
79798;1
83892;1
73577;1
54732;1
54731;1
55319;1
67846;1
35878;1
76470;1
43844;2
61073;1
60947;1
86168;1
68907;1
58007;2
58009;1
32534;1
42713;1
81742;1
44973;1
63766;3
61069;1
53294;1
69099;1
73970;1
69098;1
81778;1
76410;1
75247;1
36133;1
73590;1
60930;1
90583;2
69974;1
52996;1
46293;1
70831;1
60925;1
41799;3
52184;1
32113;1
52994;1
66743;1
59182;1
35897;1
79398;1
73584;1
76424;2
75251;1
89026;1
89025;1
80867;1
73589;2
48914;1
86621;1
61086;1
52175;2
48191;1
81759;1
43323;1
78689;1
42762;1
59168;1
86631;3
66351;3
37685;1
48949;1
60909;1
85502;1
86633;1
55830;1
66762;4
42752;1
67893;1
52988;1
81779;1
52981;2
36168;2
60424;1
74553;1
72416;1
89859;1
56730;1
47830;1
92219;2
71368;1
64885;1
79479;4
83017;2
81281;2
56338;2
42375;1
83002;1
56742;5
81693;1
37586;1
49286;1
65551;2
71370;1
83006;1
65550;1
55862;1
72933;1
74575;1
48173;1
66718;1
53604;2
77590;1
45097;2
76404;1
76403;1
73052;1
71381;1
79458;1
38658;1
53614;1
82357;1
48183;2
51787;1
51780;1
64893;1
83447;1
53627;1
65197;1
82306;1
64050;1
83937;1
72905;1
65584;1
64053;1
65195;1
44913;1
70390;2
38201;1
43864;1
65187;1
64063;8
53632;1
54758;2
89883;1
54360;1
60894;1
47867;1
38204;1
44926;2
92287;1
48897;1
60881;1
54789;1
83031;4
61422;2
65173;1
60885;1
65174;3
84568;1
48144;1
43885;1
48498;1
83971;1
44949;2
87647;2
61439;1
64858;2
45505;1
46303;1
61449;2
45033;2
61447;2
86547;1
77126;1
72493;1
45925;2
44481;1
36610;1
86535;1
51945;1
88799;1
45937;1
77520;1
48432;1
45029;2
77521;1
44488;1
45930;1
37125;1
74105;1
63376;2
61463;1
77102;1
83460;2
61879;1
75623;2
45017;1
45014;3
77926;1
76052;1
46312;1
46313;1
84110;1
70385;1
61473;1
70388;1
50255;1
77507;4
51315;1
61861;1
51316;1
84524;1
77501;4
76882;2
81223;3
84528;1
38681;1
88766;1
61483;1
68398;1
45070;1
61488;1
34771;1
55280;1
51320;1
77578;1
68397;1
76049;2
69456;1
76811;16
76812;1
77177;1
51988;1
61491;1
51987;1
91324;3
61492;1
71330;1
77942;1
38671;1
55297;1
51724;1
71337;1
62940;1
56784;1
51722;1
51721;1
45974;1
78179;1
76036;1
77171;2
75659;1
51336;2
47818;1
71341;1
48425;1
52571;1
86524;1
86525;1
50228;1
77556;1
44454;1
81275;1
47402;1
62960;1
46693;2
77961;1
69464;1
46691;1
72486;1
34262;1
77960;1
51968;1
48412;1
62281;2
44461;1
51743;1
78156;1
51739;1
51350;1
45991;1
37177;1
91753;1
47414;1
57444;2
55233;1
85879;1
84271;1
84272;2
54102;1
85877;1
70502;1
78965;1
50614;1
47015;2
50613;1
52241;1
40522;1
85207;1
62563;1
52247;2
63215;1
84285;1
52616;1
50617;1
71688;1
52232;1
47006;1
50626;2
71685;2
52231;1
79614;1
59211;1
62550;1
56396;1
52643;1
52647;1
86213;1
62549;1
49524;1
82938;1
52224;1
55918;1
43909;2
56382;3
47926;1
78979;1
40941;1
51281;2
85846;1
36426;1
43277;1
47932;2
41259;1
62534;1
52215;1
64796;1
67593;1
87347;1
57481;1
78593;3
52662;1
69835;3
48612;1
43249;1
49113;1
46391;1
70001;1
36471;1
69423;1
46896;2
58125;1
71653;1
83196;3
55912;4
77894;1
66449;1
52657;2
78994;2
86284;1
60332;1
70938;1
68774;1
60335;1
60336;1
82067;1
50662;1
87324;1
67963;1
55909;1
83182;2
67548;1
86929;1
77862;1
43958;2
85808;1
83988;1
70028;2
57466;2
67954;1
66426;2
67194;1
69808;2
58638;1
83588;2
52678;1
67198;1
40982;1
43236;1
70911;1
40984;1
43943;2
60311;2
48605;1
46388;1
46384;2
62570;2
45374;1
85412;1
83992;3
83991;1
58139;1
81429;1
29798;1
53374;1
47480;1
39872;1
39873;1
39876;1
49705;1
69872;1
60769;1
43201;1
54813;2
43204;1
68330;1
73497;1
53756;1
73496;2
47981;2
53365;1
68346;1
73897;1
81419;2
66874;1
60783;1
80936;1
39051;1
53364;1
79699;1
39860;1
60780;1
83560;1
69868;1
74935;1
67532;1
42871;1
79018;1
54823;3
75395;1
47087;1
81409;1
44274;1
50163;1
39850;1
47463;1
53771;2
68721;1
31534;1
53773;2
47078;1
73473;1
76773;1
76774;1
47079;1
47072;1
60764;1
52298;1
86980;2
39079;1
48077;1
39076;1
56977;1
50155;1
39849;1
90451;1
80152;1
68713;1
73466;1
89934;1
39844;1
83545;1
78513;1
79642;2
63651;2
78519;1
47940;1
47944;1
53707;1
70083;2
80145;1
54856;2
62112;1
54142;1
90488;1
39837;2
46826;1
74298;1
78528;1
73849;1
53703;3
89911;1
54137;1
53317;1
70994;3
39026;1
41283;1
74959;1
79062;3
46833;3
39409;2
62506;1
60797;1
53734;2
42177;1
52601;1
73818;1
54834;1
54129;1
52605;2
74969;1
66498;1
61170;1
66499;1
41280;2
82504;3
72808;1
80552;1
66892;1
59270;1
82009;1
62102;1
54118;1
63618;1
37996;2
80547;1
73424;1
72753;1
38338;1
47531;2
76724;1
65053;1
59720;1
80494;1
76305;2
49672;1
54897;2
75306;1
61553;1
48027;2
48026;2
54898;1
39918;1
80221;1
44748;1
84684;1
65046;1
48023;1
43522;1
82432;1
65047;2
61520;1
72734;1
44329;1
65071;1
54889;1
35482;1
73197;1
71282;1
61124;1
54479;1
43514;1
72344;2
80470;1
44711;1
81969;3
48004;1
81376;1
36099;1
65477;1
68273;1
54482;2
80205;2
44725;2
31215;2
72334;1
59752;2
82412;2
55536;1
81972;2
36947;1
48591;1
56000;3
51673;1
65402;2
51674;1
51677;1
72799;1
53784;2
50539;1
65013;1
77479;1
82487;1
77473;1
43578;9
57072;1
61106;1
37257;1
53799;1
71270;1
65410;1
92555;1
56406;1
51661;1
50535;1
48067;1
44785;4
55518;1
44784;1
76330;1
48063;1
64704;1
65420;3
62694;1
57984;1
45880;1
35057;1
72387;1
54071;1
35053;1
59705;1
59707;1
72380;1
66813;1
66105;1
68245;1
65806;2
38767;1
82463;1
60827;1
68232;1
41614;1
71259;1
57998;1
54081;1
91891;4
43540;1
54086;1
57990;1
35457;1
68238;2
74209;1
45470;1
45472;1
57575;1
71723;1
54414;1
58573;1
51632;1
35038;1
52691;2
78009;1
77857;2
52694;1
77852;1
70452;1
77024;1
46409;1
57969;3
37205;1
83151;1
64748;1
56440;1
51231;1
51232;2
51625;2
64329;1
77038;1
64320;2
64323;1
75768;1
70429;1
35012;2
44799;2
83169;2
84220;1
84222;1
84223;1
45458;1
69323;1
82492;1
84627;1
67917;1
67912;1
56420;3
71216;1
58568;1
48516;1
56421;1
78907;1
76392;1
84218;1
70441;1
84635;1
72325;1
65482;1
63253;1
55999;1
46447;1
36520;1
81934;1
55992;1
56484;1
81950;1
57528;1
54467;2
57526;1
36923;1
61983;1
84237;1
64362;1
61592;1
78921;2
84234;1
84659;2
83122;1
77416;1
75721;2
61971;1
85271;1
64379;2
77005;1
90867;1
56455;1
49177;1
48550;1
85482;1
75737;1
45816;1
69361;1
78949;1
57004;1
46065;1
46064;1
53815;1
46459;2
64680;1
51179;2
87476;1
53806;1
40424;1
49402;1
46992;1
45282;1
41957;1
58229;1
47113;1
50716;1
53800;2
47101;1
58211;1
74875;1
82160;1
68673;1
51164;5
85338;1
45296;2
85113;1
40025;1
28911;1
47133;1
39500;1
46086;1
66515;1
52740;1
55111;1
41144;2
59320;1
41147;1
46470;2
70618;1
52364;1
50730;1
85349;1
67055;1
40011;1
52736;1
55109;1
67053;1
74894;1
51180;2
48702;1
40802;1
55102;1
55105;1
49029;1
53010;3
49023;1
46481;1
49020;1
52357;1
62432;2
64692;1
52354;2
78086;1
62434;1
50744;2
47124;1
78082;1
55138;4
59307;2
48715;1
80082;5
45248;2
30563;1
45249;1
80089;1
86379;1
57589;1
40466;1
86816;1
86370;1
78498;1
78496;1
51134;1
51133;1
36346;1
67678;1
91491;2
55123;3
46099;1
67073;1
80079;1
43113;1
52373;1
50767;2
50769;1
71548;1
82172;1
52784;1
48730;1
78889;1
86398;1
69715;1
78885;1
41108;1
62488;1
51159;1
54502;1
70127;1
52771;2
67699;1
66562;1
60217;1
77773;1
78870;3
52397;1
50788;2
40050;1
52394;1
69315;1
50783;1
62476;1
79588;1
80642;1
80641;1
86858;1
39569;1
79147;2
49488;1
60249;1
74801;1
90341;1
53894;2
49802;1
47593;1
47592;2
75491;1
36773;1
50039;1
50038;1
73753;1
53465;1
56023;1
47187;1
69729;1
54922;1
54038;4
49812;1
67633;1
86872;1
88110;1
36397;1
74388;1
73766;1
73765;1
70164;1
56036;1
70165;1
73767;1
76672;2
80069;1
58285;1
68620;1
69752;1
79562;1
54067;1
49823;1
67644;1
54930;1
86884;1
38907;1
53486;1
68224;1
69749;3
73250;1
60258;1
54054;3
39989;1
39528;1
46954;1
65779;1
53434;2
56058;1
65770;3
82614;1
61295;1
82604;1
82606;1
52725;1
76692;1
46014;2
46015;1
80677;1
61285;1
80672;2
41981;2
41980;1
56815;2
56813;1
74837;1
80668;1
52711;1
52710;1
39927;1
43603;1
69792;1
56849;3
58700;1
54022;5
82628;1
53047;1
54028;2
42964;1
74869;1
54026;3
54029;1
58706;1
47178;1
46042;4
47168;1
29622;1
53444;2
78407;1
79538;1
53446;1
67610;1
53058;1
41194;1
54016;1
63519;1
46030;2
49471;1
83641;1
68161;1
83703;1
75410;1
75411;1
75412;1
61641;1
41529;1
62776;1
47633;1
51579;1
41523;1
79901;1
61240;1
69680;1
36815;1
36814;1
75800;1
59868;1
38956;1
62010;1
34948;1
38064;1
47621;4
54992;1
82528;1
49764;1
43621;1
82537;1
44600;1
81084;1
44606;1
72214;2
59873;2
47658;2
81859;1
44610;1
82565;1
82560;1
59844;1
75823;3
68174;1
51582;1
65332;1
71192;2
65335;5
83734;1
75829;1
77381;1
30069;1
59853;2
38049;1
74309;1
59858;1
61278;1
49737;1
34045;1
63196;1
62065;1
68122;1
37916;1
38880;1
63199;3
56100;2
44635;2
43679;1
63193;1
76243;1
29680;1
81884;1
56108;1
38476;1
77377;1
30079;1
61615;1
61614;1
76619;1
73392;1
72661;1
81455;2
37908;1
73263;1
36865;3
74329;2
61217;2
50006;1
76232;1
81894;2
79492;2
71145;1
51556;1
77351;1
71149;1
50426;1
81076;1
60745;1
76229;1
56122;1
38492;1
35195;1
79497;1
44650;1
35198;1
43696;1
45783;1
77354;2
79209;1
51546;1
47600;1
79201;2
44255;1
56118;1
38899;3
65711;1
76212;1
45799;3
74340;1
77341;3
56119;4
54515;2
77331;3
75887;1
54512;2
34470;1
50441;1
50448;1
44689;1
85189;1
70569;1
70565;1
78135;1
55055;2
64229;1
50435;2
84738;1
35123;1
57153;1
40479;1
64612;3
45352;1
84328;1
63175;1
29273;1
50466;1
84707;1
77736;4
62711;1
81027;1
45751;1
81023;1
81021;1
51116;2
81020;1
77722;1
46519;1
46516;1
71111;1
50456;1
48653;1
31190;1
84772;1
69257;1
57634;1
64636;1
85375;2
54559;1
70590;1
62737;1
46549;1
65387;1
92053;2
48671;1
85364;2
38408;1
78829;1
33399;1
72205;2
75867;1
52316;1
85396;1
57115;1
43098;2
63130;1
45717;2
45718;1
50810;1
52324;2
85128;1
75043;1
81829;1
50499;1
46556;2
86315;1
69264;1
88572;1
50495;1
64244;1
50809;1
29507;1
29508;1
75592;1
78358;1
78356;2
52049;1
75596;1
79807;1
52045;1
69669;1
52041;2
63921;1
63919;1
70305;1
69124;1
63408;1
58892;1
63409;1
71881;2
75585;1
37087;1
90623;1
86721;1
36246;1
58353;1
84894;1
75989;1
52029;1
62342;2
88214;1
63004;2
69140;1
67781;1
75160;1
85645;1
86492;1
75973;1
58884;1
58885;1
58886;1
75976;1
36224;2
90269;1
37060;1
75569;1
79839;2
57230;1
58370;1
74043;1
74042;1
46149;2
78382;1
63852;2
47257;1
69625;1
53906;1
33080;1
45203;2
78310;1
73654;1
84860;1
63849;1
61817;1
61814;1
63441;3
35309;1
61819;1
63848;1
46622;1
63846;1
40755;1
45212;2
79853;1
58857;1
86074;1
63457;1
59902;2
74020;1
74025;1
63453;1
40788;1
63835;1
46630;1
39603;1
50390;1
85680;1
79863;1
78331;1
63427;1
84055;1
36656;1
78330;2
40362;1
58849;1
78743;1
63825;1
41019;1
78344;1
84060;1
41013;1
30237;1
79870;2
29923;1
61804;1
86467;2
63817;2
81631;1
73695;1
39663;1
87172;1
83771;1
83772;3
59951;1
47290;1
59000;1
30695;1
87175;1
43011;1
56199;1
55029;2
54624;1
44851;1
75117;2
41072;1
74737;1
59017;1
43415;2
63074;1
60584;2
55038;1
67705;1
81613;2
55419;1
44843;1
83755;1
30285;1
55412;1
87549;1
73676;1
41044;1
59021;3
53556;1
70754;1
41048;1
53555;2
43705;1
55003;2
80358;1
81602;1
52095;1
47261;1
49331;1
53157;1
41053;2
60562;2
48839;2
70761;1
53151;2
80794;1
55018;1
60566;1
66654;1
47268;2
75953;1
67761;1
43444;1
75143;1
76555;1
79247;1
56154;1
79244;1
60533;3
59458;1
59457;1
86753;1
49391;2
75942;2
43042;1
49956;1
60138;2
53980;1
52073;2
65600;1
59441;1
75159;3
92440;4
52861;1
72976;1
48810;1
72973;4
32931;1
42625;1
70705;1
80759;4
44889;1
49922;1
75123;1
49363;1
44880;1
87587;1
52061;1
39683;1
60508;1
86736;2
79263;3
86739;1
59065;1
48809;2
53181;1
41091;1
66225;1
60112;2
83786;2
44873;2
52051;1
39693;1
81642;1
86745;1
44043;1
56145;1
54199;1
74474;1
38153;1
69197;1
69196;1
80750;1
74455;2
44533;1
76105;1
76100;1
68859;1
72166;1
82241;1
82243;2
76911;1
81193;1
64193;1
85092;1
37496;1
81585;1
47733;3
91657;1
49875;2
72558;1
44545;1
44544;2
54690;1
84480;1
85086;1
85085;2
56237;1
72560;1
38532;1
81597;1
60605;1
79328;1
54697;3
65659;1
67012;1
57774;1
68836;1
35295;1
76125;1
30602;2
56227;1
84492;2
44125;1
65660;2
31014;1
72538;1
71486;2
49853;1
51898;1
43787;2
68848;1
65265;1
48392;2
76900;2
43789;1
81579;2
56624;1
68812;1
55787;1
48778;1
48382;1
74411;1
48383;3
47772;1
84434;6
68818;2
61307;1
47774;1
68066;1
83846;2
74428;2
30659;1
48789;1
48370;1
41434;1
60997;1
54657;1
64970;1
48782;1
70682;1
43757;1
48233;2
47752;1
48238;2
70270;1
87512;1
31058;1
70278;1
68036;1
83331;1
64184;1
59513;1
84460;1
59510;2
39221;2
53517;1
53518;1
70677;1
41412;1
47744;1
41414;1
71908;1
80446;1
50380;1
84931;1
61340;1
67491;1
71919;1
70258;1
51007;2
71422;1
76185;1
77634;1
76995;1
68496;1
54219;2
64535;2
84925;1
75508;1
75506;1
64121;1
50372;1
61352;1
61737;1
68094;1
35224;1
68091;1
48336;1
71435;2
48227;2
51816;1
51817;1
76177;1
84404;1
51432;1
54228;1
50365;1
63472;1
61726;1
50916;1
86428;1
62855;1
56698;1
45153;1
85039;1
84413;1
61732;1
61735;1
61736;1
85030;1
50354;1
78701;1
64910;1
64911;1
29561;1
45141;1
84428;1
64521;1
54208;1
84425;1
71408;1
84420;1
84914;1
84915;1
52450;1
48304;2
62832;1
51872;1
77260;2
81154;1
85057;1
81150;1
78288;2
40304;2
51866;2
51869;1
77276;1
51058;3
64507;1
83397;1
64506;1
71976;1
42231;1
71445;1
52478;1
68872;1
71057;1
77695;1
44550;1
44557;2
65231;1
78294;1
71454;1
52483;1
71452;1
70200;1
82667;1
85069;1
75537;1
82250;1
76942;1
71046;1
51457;1
71049;1
76155;1
82258;1
44565;1
77687;1
51378;2
58092;1
75698;1
52148;2
58099;2
79700;1
64487;1
36571;2
90918;1
52560;1
55377;1
77988;1
52562;1
75289;1
90911;1
74158;2
78667;1
34311;1
51369;1
77081;1
82849;1
78266;3
79713;1
30313;1
58999;1
52553;2
77994;1
77995;1
58490;1
52557;2
77990;1
43355;1
84998;2
48901;2
52164;1
87216;1
62241;1
78239;1
88311;1
62240;1
78235;1
52543;1
69005;1
51390;1
53206;1
66317;2
71765;2
57379;1
52151;2
64498;1
64497;1
64494;1
78242;1
69942;1
43378;1
82872;1
74691;1
46782;1
69550;2
74696;1
40296;1
45105;1
86188;1
87237;2
84171;1
76490;1
58468;1
47357;1
91287;1
58462;1
50274;1
86574;1
43388;1
76497;2
84172;1
59104;2
74645;1
35404;1
45118;3
60483;1
52508;1
50962;1
64439;1
39735;1
76898;1
57398;1
52512;2
74630;1
78610;2
57392;8
84957;1
84954;1
58451;1
86585;1
84955;1
74634;1
60495;1
63732;1
45911;1
40266;1
47376;1
74138;1
73533;1
78607;3
63327;1
69912;1
73537;1
32589;1
40630;1
82826;1
67297;1
63719;1
74651;1
81700;2
74653;1
60977;2
83086;1
86140;1
60971;1
79782;1
74602;1
49200;1
36178;1
41755;3
39769;1
47399;1
48965;1
41759;1
43828;1
53673;1
53261;1
41324;1
53274;1
37638;1
75217;1
29844;1
83868;1
49216;2
60442;2
53664;1
47793;1
48958;1
53271;2
83065;1
83891;1
83067;2
83892;2
83068;1
87295;2
37643;1
55315;1
55319;1
81756;1
39788;1
43844;4
76470;1
69082;2
37641;1
68902;2
79764;2
65095;3
58003;1
53296;1
58006;1
59520;2
63766;1
41727;2
53294;2
60462;1
73970;1
74199;1
75247;1
36133;2
73590;2
61092;1
90583;1
52996;1
55816;2
80884;1
41799;1
52189;1
32112;1
59182;2
75251;1
35881;1
89025;1
73589;3
48914;1
69074;1
63780;1
52175;2
48191;1
41789;1
52179;2
81759;3
78689;1
80899;1
67882;1
59168;1
86631;2
72074;1
52975;1
52972;3
85502;1
66762;3
54702;1
36166;1
42752;1
81785;1
43808;2
75278;1
66366;1
73015;1
73016;1
52988;1
55829;5
55843;1
56730;1
92219;1
79479;2
65917;2
83017;1
72018;1
81281;1
56338;1
44409;1
72017;1
56741;1
82329;1
51766;1
64878;1
65554;1
65550;1
49283;2
83004;1
56369;1
68971;1
68970;1
48173;1
53604;1
77592;1
76401;1
71381;1
42796;1
79458;1
82357;1
65950;2
48183;4
57898;2
51787;1
64890;1
56350;1
65961;2
53627;1
64050;1
54357;2
54350;1
65195;2
43864;1
65187;1
64063;2
43865;1
48884;1
61019;1
43866;1
34708;1
60891;2
83951;1
83048;1
65185;1
60894;1
47868;1
84556;1
47890;1
82325;1
83427;2
48897;3
60092;1
68931;1
53643;1
53640;1
74534;1
83961;1
67812;1
60095;1
64035;1
83419;1
83031;2
60882;3
65173;1
74549;2
54381;1
64047;1
44949;1
64856;1
83429;2
64857;1
45033;1
61447;1
77536;1
62296;1
84539;1
81216;1
76070;1
86534;1
45523;1
77528;1
58546;1
75618;1
48432;1
44487;1
44488;3
51710;1
37127;1
64825;1
74105;1
45556;1
77930;1
61463;1
45555;1
77102;1
63371;1
86566;1
91315;1
83460;1
61879;1
75623;7
76874;1
77928;1
51700;1
64815;1
84110;1
70385;1
61473;2
77920;1
51920;1
40221;1
42317;1
77507;2
51315;1
51316;1
75635;1
58529;2
77501;3
51736;1
51731;1
62934;1
62254;1
76811;9
69456;2
71866;1
76812;1
51988;1
71330;1
77940;2
91321;1
77941;1
56784;1
51721;1
82782;1
35363;1
77563;1
77565;1
84500;1
45974;3
76036;2
37151;1
75658;1
81241;1
51336;1
56798;3
77556;1
67331;1
45989;1
51962;1
46694;2
46693;1
46691;1
47803;1
48412;1
47802;1
54309;1
76014;1
54304;1
91753;2
37177;1
54303;2
51359;1
57444;2
85878;1
54103;1
84272;1
73416;1
85876;1
78965;2
70502;1
82014;2
43287;1
55949;1
86908;1
79087;1
47015;1
52241;1
62563;1
52247;5
46366;1
84284;3
36443;1
82028;1
50617;2
52232;1
47006;3
79098;1
59212;1
85217;1
56396;3
43911;1
52643;3
43269;1
49524;1
85229;1
47926;1
49135;1
55930;1
36427;1
78972;1
41259;1
67594;1
52219;1
85453;1
51289;1
69838;1
69836;1
49119;1
40952;1
85833;1
49113;1
46391;1
49508;1
46397;2
52283;1
45385;1
69425;1
71639;1
70938;1
30458;1
85824;1
69821;1
60336;2
68776;1
50661;3
50662;3
41231;1
62597;1
67964;1
52278;1
55909;2
58115;1
83182;1
70521;1
30441;1
58141;1
40165;1
83979;1
83595;1
43958;1
83983;1
70022;2
66426;2
42100;1
83588;2
58638;1
52678;1
43236;1
43943;2
66422;1
83582;1
60311;1
48605;2
67947;1
46384;3
85415;1
53385;1
33331;2
83992;3
63698;1
68332;2
88826;1
47988;1
58169;1
39043;1
70975;1
80929;1
79688;1
47487;1
50181;1
69874;1
54813;1
81435;1
39467;1
47981;5
48090;1
32609;1
66874;2
47997;1
74929;1
89531;1
70036;1
73894;1
66489;1
70977;1
79018;1
68737;1
75394;1
42166;1
42165;1
60755;1
68314;1
53357;1
60752;1
47462;1
48088;1
50672;1
80163;1
53771;1
68721;1
80518;1
80162;1
73104;1
74924;1
60362;1
73473;1
76773;4
47072;1
47073;1
42134;1
52296;1
80915;1
60766;1
40193;1
53343;1
47475;1
74907;1
70958;1
39844;1
53763;1
40194;1
75374;1
52292;1
69847;1
42147;1
89146;1
83546;1
61198;2
79642;1
63651;1
80967;1
38814;1
53707;2
80145;2
54856;2
83531;1
36075;1
39422;1
73458;2
68309;1
46826;1
56953;2
53703;2
83522;1
47045;1
73449;1
54137;2
53317;2
79665;1
74959;1
46833;4
62506;1
79065;1
31577;1
52601;1
73818;1
54834;1
54129;1
66495;2
54124;1
74969;1
61170;1
66498;1
47422;1
72821;1
59273;1
82504;1
53307;2
80552;1
79071;1
83501;1
63618;1
82004;1
73826;1
85885;1
73427;1
85887;1
73424;2
47535;2
39900;1
61545;1
54490;1
92521;1
60815;2
59720;1
44735;2
76301;1
59729;2
65059;1
61141;1
81393;1
54897;1
81395;1
76711;1
54890;1
75306;1
48026;1
81398;1
54898;1
80221;1
83614;1
62151;1
60811;1
44748;2
44745;1
75710;1
66807;1
65047;1
44328;1
61521;1
44329;2
72731;1
65071;1
54889;1
73197;1
68287;1
61125;2
76327;1
84693;1
61128;2
43514;1
62139;1
49647;1
48004;1
81969;1
59750;1
71297;1
36095;1
44725;1
65857;1
72334;1
59752;1
65853;1
82412;1
55536;1
36947;1
56000;1
65402;2
51674;1
48059;1
34830;1
72799;1
53784;1
54099;2
35964;1
48055;1
44770;1
43578;12
61106;1
37257;1
30866;3
60862;1
60847;1
65410;2
56406;1
76755;1
48067;1
38382;1
44785;1
48066;1
38383;1
44784;1
38388;1
55517;1
57984;1
57986;1
35057;1
54071;2
77496;1
48034;2
82468;1
44755;1
54072;1
72380;1
66813;1
50113;1
60827;1
81331;1
62175;1
65434;1
65432;1
71251;1
68232;1
49609;1
68231;2
48041;1
42499;1
43540;1
50509;1
76359;1
35457;1
82452;1
36985;1
64732;1
45470;1
57575;1
51628;2
75782;1
54414;2
51223;2
51220;1
52691;2
76383;1
77857;1
52694;2
69354;1
77028;1
35927;1
57969;2
37205;1
54421;2
75799;1
56440;2
51232;3
55190;1
35020;1
58588;1
51625;1
77842;1
56449;1
64321;1
78022;1
51202;1
57050;1
84613;1
44799;1
77458;2
75762;1
58558;1
84222;1
84223;1
77839;1
77838;2
57949;1
77831;1
54401;1
84627;1
54404;1
56420;1
71216;1
48516;3
58568;2
78909;1
49189;1
54454;1
65482;1
45437;1
64353;1
55994;1
55992;3
46445;1
61989;1
84237;1
69385;1
65496;1
64362;1
63242;1
65498;1
36511;1
81946;2
77414;1
49160;1
77418;1
64758;1
45802;1
75721;2
85273;1
64379;1
61562;1
58597;1
84263;1
78933;1
30123;1
35917;1
71709;1
81922;1
55961;2
46065;1
50707;1
86332;2
78866;1
59340;1
78453;1
67023;1
53806;1
79505;1
47119;1
40424;1
47113;1
53800;1
74873;1
52757;1
78858;1
86347;1
51160;1
51164;3
85334;1
59354;1
85338;1
62418;1
50729;1
87492;1
71573;2
78434;1
42916;1
50730;1
49430;1
48709;1
82142;1
53010;2
46481;1
78447;1
49020;1
42908;1
52359;1
46483;1
52354;1
50744;1
71563;1
78082;2
39518;1
78493;1
80082;2
86373;1
45248;1
77744;1
30562;1
45249;1
57589;1
40466;1
86816;1
78053;1
62467;1
73780;1
84805;1
91491;1
80079;1
52373;1
78473;1
80613;1
36356;1
80617;2
43121;1
78031;1
34589;1
36352;1
87455;1
84802;1
50770;1
62487;1
78477;1
80622;1
60211;1
58777;1
36367;1
60217;2
80607;1
77773;1
48749;1
50788;1
86848;1
78044;1
41115;2
62472;3
51142;1
70188;1
54040;1
46914;2
80641;1
50794;1
74360;1
53061;1
86855;1
66983;1
81536;1
80048;2
56010;1
80049;2
47193;4
60249;1
74801;1
53065;1
47192;1
73356;1
28592;1
53071;1
75491;1
70170;2
60644;2
53464;1
53465;1
70174;1
73342;1
49493;1
47187;1
80033;1
54922;1
73233;1
54038;2
49812;3
73760;1
73766;2
81554;1
81551;2
39586;1
40877;3
49826;1
49823;1
69756;1
80065;3
74823;1
73779;1
54943;1
79963;1
80056;1
69749;2
74811;1
60258;1
54054;1
39986;1
74812;1
39989;1
46954;5
53434;2
50085;1
60670;1
65770;2
86890;1
41162;1
88172;1
73316;1
72700;1
47545;1
82606;1
52725;3
53839;1
46016;1
46015;1
61287;1
42929;1
56816;1
61285;1
41980;2
80674;1
82618;1
80668;1
62401;1
60699;1
56846;1
39124;1
41185;1
72724;1
58700;1
82628;2
53047;2
54022;2
54028;1
54026;1
49460;1
46042;1
46039;1
70193;2
46941;1
79534;1
56837;1
53446;1
53057;1
39947;1
47163;1
67618;1
49473;1
49471;1
83703;1
79908;2
34006;1
62029;1
47635;1
51579;1
79901;1
69680;2
76204;1
75035;1
76208;1
68168;1
55641;1
51564;1
69286;1
47621;3
88091;1
37940;1
62019;1
43621;2
43620;1
75024;2
81084;2
75815;1
59873;1
44225;1
62792;1
47657;1
47658;2
77394;1
81859;1
90278;1
75825;1
44617;1
59844;1
51582;1
65335;1
72640;1
72641;1
77381;1
81867;1
75003;1
66928;1
66926;1
61278;1
74305;1
36845;1
50403;1
38479;2
37351;1
56100;2
81883;1
43676;1
35173;1
81886;1
49724;1
61615;2
76619;1
37341;1
71132;1
72661;1
62052;1
81458;1
30952;1
74329;2
74328;1
43666;1
82576;2
81894;1
45774;1
76234;1
51556;1
38070;1
49759;1
50426;2
89168;1
71143;1
81076;1
60745;1
36878;1
56122;1
59802;1
66954;1
44650;1
72288;1
74902;1
51546;1
87844;1
56523;1
71151;1
44255;1
81477;1
38899;1
56117;2
35180;1
81061;1
45799;3
81068;1
74340;1
76211;1
56119;1
77332;1
54515;2
71625;1
75886;1
54512;1
84349;1
34470;1
84728;2
46504;1
48642;1
44684;4
77323;1
55051;2
49093;1
85189;1
64601;1
62098;1
70565;2
63145;1
55055;2
57153;2
45744;1
40479;1
71603;1
50463;1
37332;1
87813;1
50466;1
84707;1
46520;2
56554;1
77736;1
34996;1
71109;1
55073;1
51116;1
64629;1
64626;1
45757;1
71605;1
71111;1
46516;1
29266;1
83244;1
65381;1
64636;1
54559;2
31122;1
85372;1
75840;1
84777;1
62730;1
64256;1
65387;2
58304;1
83250;1
42532;1
85364;1
85360;1
48677;1
43069;1
64262;1
91549;3
83225;1
83224;1
92089;2
86328;1
38413;1
84361;1
35117;2
46564;1
84363;1
57115;2
50810;1
69267;1
54585;1
69269;1
52324;1
85128;1
84766;1
76295;1
46556;1
76293;1
50495;1
64244;2
50809;3
75592;1
29508;1
75596;3
37092;1
52041;1
77195;1
36230;1
52423;1
59491;2
69124;1
73616;1
46662;1
36246;2
58353;1
75983;1
91152;1
66203;1
32496;1
90632;1
52819;2
75989;1
80728;1
52029;1
55493;1
89348;1
52028;1
50870;1
69648;1
36214;1
36215;1
75160;3
50878;1
69640;1
86493;1
84887;1
78788;1
58386;1
75164;1
58884;2
58885;3
68525;1
75976;2
75172;1
75569;1
78770;1
79839;4
85658;1
57231;1
40399;1
58374;1
63853;1
47257;1
63029;1
69625;1
53906;2
61821;1
40763;1
63858;1
49302;1
45200;1
45203;2
73653;3
55475;1
84860;2
84036;1
35300;1
33995;1
61814;1
63441;1
61818;1
35309;1
61819;1
49317;1
39636;1
61835;1
45212;1
79853;1
34593;1
78323;1
58857;1
86074;1
74778;2
73642;2
55467;1
78714;2
49311;1
53139;1
63453;1
77608;2
40788;1
53928;1
63942;1
63047;1
78330;2
40362;2
50396;1
78743;2
41019;1
41822;1
78344;1
74001;1
66690;1
40352;1
84836;1
78732;1
55449;1
46109;1
59958;1
44862;2
29999;1
39665;1
75106;2
83772;1
41060;1
80384;1
55436;2
75912;1
59000;1
63890;1
41066;1
47682;2
86793;1
56199;1
39666;1
49347;1
55029;2
54624;1
30296;1
43410;1
80378;1
54627;1
49351;1
44851;1
49917;1
73687;1
83761;1
60178;1
43415;2
66287;1
63074;3
86035;1
60580;1
66284;1
70780;2
49359;1
35741;1
55038;1
29978;1
83752;1
55419;1
47270;2
76572;1
32448;1
29979;1
55412;1
70747;1
53146;1
83750;1
47661;2
59021;2
70756;1
59433;1
55003;1
52095;1
47261;1
83745;1
56181;1
74715;1
53153;1
41055;2
53151;3
40733;1
59428;1
40737;1
43715;1
42643;2
81678;1
88239;1
44050;1
39286;1
72197;1
59040;1
72196;1
59042;1
49392;1
56161;1
52073;1
56160;1
75159;3
92440;2
69176;1
75936;2
80759;2
44889;1
75123;2
81656;1
49363;1
39683;1
52066;2
41491;1
74487;1
72174;1
46177;1
66626;1
43035;1
52876;2
53196;1
49931;1
67754;2
49371;1
44873;1
76545;1
52051;1
83788;1
52055;1
74084;1
44041;1
52057;1
52881;1
52888;1
87186;1
44533;3
74454;1
76100;1
72166;1
72169;1
82243;1
81193;1
85092;1
37496;1
47733;2
54690;1
44544;2
85086;2
37489;1
82232;1
55753;1
56237;1
76927;1
81180;1
51092;1
51096;1
37483;1
38532;2
54697;1
65659;1
57774;1
49851;1
32998;1
82229;1
48796;1
60602;1
48270;1
65660;1
65270;1
71486;1
54687;1
43787;1
68848;1
48393;3
42663;1
81579;1
42668;1
48775;1
48382;2
53526;1
47772;1
48384;1
68818;2
61307;1
48259;1
64158;1
74428;1
54265;1
55793;4
47761;2
61316;1
48780;1
56608;1
80462;1
54657;1
70680;3
72104;1
83815;1
83328;1
70683;1
30640;1
64967;1
66188;1
79318;1
41402;1
41401;1
54646;2
31059;1
64184;3
59513;1
39221;1
53518;1
70675;1
57793;1
47744;1
77212;1
71908;5
64185;2
54639;1
89766;1
84931;1
77224;1
67491;1
71919;1
51007;1
71422;1
34673;1
70252;2
71030;1
81111;1
54219;5
84925;1
64535;1
75508;1
37414;1
50372;1
71925;1
50929;1
50375;1
71431;1
37015;1
76172;1
71433;1
76171;2
48227;1
48223;2
45124;1
84404;1
34188;1
61744;1
71028;1
51022;1
64509;1
64132;1
82690;2
84025;1
62855;2
61732;1
77657;1
61736;1
85033;1
77256;1
78707;1
76190;1
70241;1
45141;1
48315;2
51410;1
83377;1
77644;4
84420;2
84914;1
77251;1
83371;1
48304;2
52450;3
48302;2
70212;1
61382;1
50341;1
61380;1
83382;1
71961;1
78288;2
42242;2
81158;1
62846;1
45163;1
50338;2
52469;2
57739;1
51058;1
71068;1
64507;1
76966;1
42231;1
71060;1
37051;1
75551;1
71448;1
50324;1
38565;1
50320;1
52479;1
57310;1
85075;1
65237;1
77696;3
44550;1
62820;1
78297;1
64108;2
52483;1
78292;1
78293;2
77297;1
57714;1
45688;1
82250;1
75537;1
76948;1
51457;3
82257;1
56660;2
85523;1
69526;1
79703;1
69524;1
52146;2
75699;1
64487;1
58099;1
36571;1
85930;1
52562;2
40283;1
74158;1
75286;2
78667;1
78666;1
52130;1
34311;1
79715;1
45492;1
82849;1
75684;1
78266;3
52966;1
55364;2
58999;1
52553;4
82854;1
82856;1
58490;1
52557;1
78655;2
77990;1
78654;1
84998;1
47335;1
48902;1
88317;1
77076;1
40688;1
78239;1
80861;1
78237;2
80865;1
30341;1
78640;1
71765;1
69553;1
74183;1
85557;1
62239;2
71764;1
69010;1
90502;1
87200;2
64494;2
64492;1
55387;2
52531;2
89450;1
82872;1
40297;1
74692;1
46782;1
69550;1
46210;1
87237;1
78219;2
58468;1
39722;1
91287;1
86574;1
85971;1
40248;1
46215;3
58962;1
36535;1
87220;1
52924;1
76890;1
52508;1
67277;1
39732;1
64439;1
40659;1
57398;1
74125;1
52512;1
86582;1
58957;1
57392;5
55328;1
84954;1
57390;1
40237;1
74633;2
74634;2
36550;1
40640;1
52125;1
52120;1
40266;1
82841;1
47372;1
40267;1
84159;1
87251;1
73533;2
40630;2
64450;2
37613;1
47369;3
50985;2
63719;1
85981;1
40629;1
81700;1
58978;1
63337;2
53255;1
40257;1
37620;1
44969;1
37622;2
86140;1
42706;1
74600;1
73554;1
74602;1
47395;1
49200;2
58929;1
47399;1
48965;1
53675;1
43828;1
61054;1
53677;1
46714;1
37633;1
87262;1
58914;2
36188;1
41742;1
46720;1
53664;1
53668;2
70888;1
53271;1
83891;1
53288;1
54731;2
55314;1
76477;1
43844;2
69080;1
69082;2
61073;2
53280;1
65087;1
58007;1
41348;1
58006;1
44971;1
76485;1
32537;1
44973;1
63766;1
69099;1
65098;2
75247;1
36133;1
49244;1
35891;1
73590;1
60930;1
67860;1
80879;1
55816;2
46293;1
69063;1
41799;3
32113;1
74190;1
59182;2
66743;1
80277;2
61081;2
73589;1
32836;1
70843;1
61086;1
63780;1
48191;1
35886;1
81759;1
42762;2
49262;1
72070;1
67882;1
86630;1
59168;1
52979;1
69990;1
60908;1
56276;1
41392;1
52972;1
85502;1
66762;1
81785;1
41382;1
73015;1
52981;1
48930;2
75270;1
60425;1
60424;2
68958;1
74553;1
72416;1
79479;1
65917;1
83017;1
72018;2
81281;1
56338;1
72015;1
72017;2
57870;1
56741;1
56742;1
49289;3
65551;3
83006;1
83004;1
49283;2
56369;3
68971;1
82369;1
74575;1
48173;1
65137;1
66718;1
53604;1
45097;1
77592;2
76404;1
87618;1
56361;1
76401;1
72430;1
71386;1
79458;1
72943;1
76802;1
57890;1
92234;1
53614;1
65950;3
48183;2
51787;2
45083;1
72936;1
79447;1
64050;1
83935;1
54357;2
83943;1
79432;1
60079;1
48114;1
65195;1
48116;2
43864;2
65973;1
65187;2
86691;1
73060;1
64063;5
68920;1
89885;1
83951;1
60087;1
60894;3
47890;1
82328;1
83427;1
30781;1
48897;1
60092;1
65988;1
56327;1
53643;2
80329;1
53640;1
83961;2
48892;1
83965;1
64862;1
32060;1
54789;1
83419;2
83031;1
44939;1
54782;1
61422;1
60885;1
48498;1
74549;2
54381;1
64047;1
44949;3
87647;1
61439;1
64856;1
61434;1
64857;1
50249;1
61449;1
84530;1
45925;1
77536;2
84539;1
86537;1
51945;1
77138;1
58546;1
75618;2
45029;1
51710;1
37125;1
74105;1
62990;1
63372;1
63371;1
77102;1
91315;2
83460;1
51303;2
75623;11
83461;1
44498;1
45014;1
51700;1
64815;2
64816;1
61479;1
64001;1
51920;1
77920;1
40221;1
86552;1
77507;1
51315;1
61861;1
45955;1
61860;1
84528;1
82772;1
77953;1
69452;1
88766;1
61483;1
77950;1
48408;1
77957;1
51736;1
56772;1
62934;1
81256;1
61893;1
68397;1
75647;1
76811;9
69456;1
77160;3
75646;1
61895;1
77177;1
51987;1
61493;1
77948;1
76031;1
51722;3
51721;1
45974;1
69443;1
70331;1
72472;1
71342;1
51754;2
56798;1
78164;1
77556;1
62278;1
44458;3
76831;1
75662;1
47409;1
47402;1
46694;2
46693;2
72486;1
30306;1
62281;1
47802;1
33242;1
62961;1
76014;1
54303;2
84272;1
58622;1
70502;1
78965;2
82014;1
47015;5
40522;1
85207;1
78554;1
52247;2
40903;1
46366;2
84285;1
78956;1
55953;1
78958;1
55954;2
50617;2
43298;1
79098;2
84280;3
47915;1
56396;1
52643;2
52649;1
52647;1
80992;1
79628;1
85223;1
56382;3
78579;1
55930;1
85846;2
36426;1
43277;1
74993;1
82046;1
52215;1
78588;1
50649;1
78593;1
68786;4
40954;1
70927;1
52660;1
60349;1
49113;1
86950;1
40561;1
67560;1
78597;1
69422;1
46896;2
83197;1
41226;1
42126;1
55912;3
52657;1
40174;1
78993;1
30458;1
67576;1
48621;1
41231;1
83182;5
67548;1
83591;1
70902;1
52685;1
83988;1
87312;2
58640;1
67954;1
57467;1
52266;1
67193;1
67194;1
83588;1
58638;1
52678;1
40982;1
67196;1
68756;1
82088;2
60311;1
48605;1
46384;5
46382;1
53385;1
83990;1
71669;1
58139;1
54807;1
35557;1
59280;1
47988;1
70975;1
39872;1
74266;1
49705;1
79682;1
68740;1
42888;1
80189;1
60769;1
49708;1
39467;1
47981;4
73496;1
32609;1
66874;1
80938;1
53364;1
69860;1
60780;1
39865;1
54178;1
83560;1
74936;1
70979;1
74935;2
66484;1
54820;1
75394;1
79019;1
54823;1
75395;1
80940;2
81423;3
47992;1
58151;1
42165;1
53353;3
35530;1
53357;1
53771;1
74924;2
73104;1
83552;1
47467;1
79026;1
76773;1
81412;1
47079;1
73471;1
75362;1
42134;1
52296;3
60766;1
60764;1
47069;1
47475;1
86983;1
50155;1
39849;2
74913;3
80153;1
39844;1
53763;1
42141;1
58173;1
81400;2
61194;1
72838;1
62520;2
80587;1
32254;1
83528;1
78518;1
53707;4
53715;1
62112;1
68702;1
39837;1
46827;1
47958;1
47452;1
61188;2
70071;1
53703;3
73849;1
80981;1
83522;1
58196;1
89912;1
54137;2
79665;2
53317;1
70994;1
66493;1
46833;1
47965;1
62503;1
60795;1
42177;1
54834;1
41697;1
52605;1
54129;1
61170;2
85897;1
50197;4
72808;1
53307;1
47027;1
59270;1
82004;1
54118;1
60391;1
85885;1
62103;1
87381;1
73424;1
47531;1
72756;1
61545;1
54493;1
64395;1
64394;1
92521;3
66160;1
80212;2
73934;1
80494;1
72367;2
36956;1
65059;2
43534;1
81393;1
72764;2
48026;2
83610;1
60811;1
84684;1
65046;1
81997;1
54882;1
34811;1
72731;1
62657;1
65071;2
71282;1
61125;1
84693;3
54479;1
35097;1
76323;1
81969;1
59750;1
65477;1
80205;1
54482;2
44725;1
65853;1
48597;1
81971;1
61528;2
56000;1
76761;1
65402;1
51677;1
72799;2
77473;1
82487;2
43578;7
57072;1
87720;1
65410;1
53790;1
76755;1
77469;1
57065;1
55518;1
44785;5
61508;1
44784;1
76330;1
50144;1
89055;2
37234;1
65420;4
57984;1
50523;1
35982;1
48034;1
66814;1
66813;1
65801;1
35443;1
35442;1
81331;1
62175;1
65434;1
65432;1
71251;1
68232;1
68231;1
50514;1
57992;1
71259;1
57990;1
54086;1
50509;1
68238;1
82452;2
68239;1
36985;1
45472;1
75783;1
54414;3
91863;1
35036;1
52693;1
76383;2
71716;1
30410;1
70452;1
57969;4
78005;1
83156;1
84602;1
51625;1
77847;1
77037;1
58558;1
48527;2
34896;1
43983;1
56416;1
57949;1
77831;1
48529;1
51217;1
69327;1
54401;1
67917;1
56420;3
56421;1
50558;1
58568;1
48516;1
58566;1
56425;1
83105;1
78909;1
91436;1
55992;3
46445;2
84642;2
81950;2
54469;1
54467;3
45838;2
67243;1
61989;2
83111;2
84237;1
61596;1
78921;1
36511;2
38302;1
81946;1
84657;1
84659;1
84654;1
91051;1
45802;3
75721;1
61971;1
67235;1
64379;1
36507;1
85490;1
84260;1
58598;1
84263;1
64762;1
45811;1
75737;2
55967;2
62620;2
84253;1
84252;1
55964;1
46065;1
86332;1
67020;1
49400;1
59348;1
85731;1
46459;1
59340;1
62421;1
49402;1
43140;1
45282;1
47113;1
74871;1
53800;1
52757;2
58211;1
46050;1
67030;1
82165;1
82160;1
51160;1
51164;1
59354;2
62418;1
85112;1
46058;1
47104;2
46083;1
42921;1
71573;1
41144;1
59320;1
46472;1
49031;1
34544;2
50730;1
67054;1
52736;1
66527;1
33861;1
58733;1
55102;1
58730;1
53010;4
59332;1
49020;1
62431;2
64692;1
52359;1
62432;1
52354;1
50746;2
78082;1
48715;2
59307;1
82194;1
58768;1
80082;2
45248;2
45249;2
58262;1
30563;2
86806;1
80088;1
40045;1
86379;1
57589;1
86816;2
41913;1
36346;1
77756;2
67677;1
55123;2
67073;1
70632;1
43113;1
28985;1
58256;2
78472;2
70119;2
78885;1
86836;1
62481;1
84802;1
50770;2
78477;1
48747;2
80606;1
60217;2
80607;1
42002;1
60210;1
52397;1
78044;1
69313;1
43130;1
41115;1
50787;1
62472;2
72295;1
53060;1
50043;1
60633;1
79147;1
80048;2
56010;2
47193;3
66575;1
47192;1
72291;2
73359;1
53894;1
73356;2
49802;1
63540;2
50033;1
47590;4
39196;1
75491;2
50039;1
53464;3
73753;1
53467;1
73342;1
75498;1
47187;1
73233;1
54922;1
54038;1
49490;1
90319;1
73760;1
73765;1
54928;1
58284;1
81558;1
40877;1
69752;1
49823;1
60269;1
80065;1
54930;1
86884;1
53094;1
74372;2
36798;1
39170;1
46900;1
36791;1
53868;1
54943;3
69749;2
54944;1
58271;1
83687;1
83686;2
69742;1
54054;2
74815;1
39989;1
46954;2
53434;3
65770;1
82613;2
82614;1
74839;1
78415;1
47549;2
73316;2
74842;1
82604;1
82607;1
74844;1
82606;2
90388;1
52721;1
83633;1
52725;4
83637;1
41985;1
53839;1
59786;1
82625;1
80677;1
56815;1
56813;1
85768;1
79166;1
69792;1
41185;2
58703;1
58700;2
54022;1
53047;2
58701;1
82628;1
54028;1
54026;1
52703;1
52702;2
89213;1
81513;2
46045;1
46042;2
70193;1
63528;1
83638;1
79534;2
79536;2
53446;3
59371;1
41194;1
75473;2
46030;1
67615;1
65345;1
83703;1
38059;1
64299;1
64298;1
79908;1
62775;1
37957;1
71167;1
75417;1
61646;1
47635;1
37950;1
51579;1
80595;1
76203;1
75038;1
36812;1
75039;1
59866;2
92021;1
68168;3
38956;1
43637;1
62010;1
47621;1
37940;1
62019;1
43621;1
75021;1
72210;1
43620;1
38965;1
65738;1
81083;1
75028;1
81084;1
59873;2
44225;1
75817;1
88087;1
34029;1
43650;1
60700;3
57614;1
59840;1
75018;1
55661;1
75823;1
91507;2
68174;1
51582;1
71192;1
65335;2
41553;1
72648;1
59859;1
83729;1
61278;2
76623;1
34970;1
34045;1
38098;1
61202;1
44635;3
43679;1
68127;1
38475;1
55604;1
81886;1
31612;1
61615;2
65315;1
72661;1
63187;1
60703;1
81455;1
81456;1
87054;1
73398;1
61215;1
74329;1
50004;1
60711;1
61605;1
45773;1
82574;1
76234;2
79491;1
51556;2
37930;1
50426;1
56510;1
87024;1
44264;1
81076;1
38492;1
72284;1
61618;1
45783;1
50411;1
47600;1
50414;1
76636;1
72684;1
38899;1
56117;2
74346;1
45799;1
77343;1
44662;2
56119;3
54515;1
63150;2
54512;6
70549;1
84349;1
85194;1
33806;1
45338;2
50448;1
77719;1
84728;1
48643;1
75890;1
76276;2
44684;2
50429;2
37304;1
34488;1
64601;1
70566;2
84336;1
70565;2
45324;1
63145;3
84332;1
56540;1
88515;1
64228;1
50435;1
84738;1
62701;1
71603;1
69234;1
77317;1
78123;1
57694;2
84328;2
84329;1
70577;1
46520;2
77736;1
55073;2
45751;1
51116;1
64626;2
46516;5
76251;1
35146;1
77726;1
43074;1
69257;1
92062;1
42541;1
49041;1
55085;1
64256;1
65389;1
75854;1
58304;4
85141;1
83250;1
43069;1
63103;1
91549;2
50823;1
52312;1
84751;1
85396;1
92089;2
49064;1
56599;1
86329;1
63134;1
63130;1
57642;1
85128;1
48695;1
50498;1
69263;1
69264;1
84356;2
50809;1
29508;1
37098;1
75596;4
37092;2
63924;1
52045;1
50899;1
50896;1
70305;1
75186;1
63918;2
78351;1
52806;1
58892;1
37087;2
46663;1
52037;1
52031;1
58353;1
69135;1
78757;2
55493;1
69144;1
55491;1
52028;1
89348;1
55492;1
67781;1
50874;2
46674;1
46671;1
82744;2
30200;1
78788;1
75976;1
58871;1
75560;2
64597;1
86705;1
84875;1
58370;1
40394;1
78775;1
80703;1
84870;1
63852;1
39623;1
69625;1
53906;3
40763;1
63858;1
52009;1
87133;1
45203;1
55475;1
84860;1
32468;1
40387;1
74781;1
84869;1
63441;1
53127;2
35309;2
61819;1
74782;1
63979;1
49317;1
46625;1
62317;1
46622;1
61835;1
79853;1
58857;1
74778;1
73642;3
59902;2
63457;3
36688;1
84857;2
74025;1
63453;1
63835;1
47239;1
53929;1
77605;1
62300;1
63047;1
87115;1
63427;1
84055;1
78330;3
84057;1
40361;1
40362;2
53109;1
78743;1
63822;1
79875;1
53110;1
30237;1
78341;1
50836;1
74001;1
74000;1
84836;2
86464;1
59958;1
44862;1
55021;1
74741;1
75103;1
41061;1
75106;1
67720;2
83772;2
55436;1
59000;1
75907;1
66274;1
41066;1
60571;1
48867;2
39666;1
56199;2
81625;1
53573;1
55029;1
54624;1
83769;1
43410;1
41466;1
49351;1
44851;1
60178;1
59017;1
43415;2
63074;2
41840;1
81615;1
53563;1
39679;1
79292;1
56173;1
81613;1
44843;1
36292;1
49320;1
53979;1
37743;1
83750;1
86023;1
63089;1
47661;1
59021;1
53555;1
47278;1
52095;1
52092;2
56181;3
74716;1
59039;1
70757;2
41053;1
59031;1
48839;1
39276;1
53151;1
66652;1
39271;1
55018;1
53540;1
60565;1
40736;1
60566;1
66238;1
74704;1
49386;1
60533;2
59458;1
39282;1
75140;1
59457;3
39286;1
32942;2
43057;1
59042;1
32929;1
60134;1
60138;1
52073;2
52071;1
75159;4
92440;1
58399;1
72973;3
48818;2
42625;1
44889;2
52061;1
59477;1
52066;1
86736;1
52876;1
48809;1
72178;1
53196;1
66225;1
44873;1
44049;1
44043;1
29059;1
72998;2
52881;1
74474;1
52888;1
87186;1
43021;1
69196;1
43027;1
44533;3
82248;1
82249;1
44534;2
49873;1
76911;1
81193;1
37493;1
54293;2
85092;1
76529;1
91657;1
49874;1
44545;2
54690;1
84480;1
44549;3
30611;1
51096;1
38532;1
76918;1
81597;1
67012;2
54697;1
54696;1
31754;1
42272;1
57774;1
38111;1
49851;1
72142;1
65276;1
81171;1
84492;2
31015;1
42650;1
71480;1
44128;1
72538;1
43787;2
68848;1
72137;2
42664;2
81579;2
44119;1
42667;1
68812;1
38504;1
68819;1
84435;2
48382;1
48383;2
47772;2
68818;1
61306;1
64986;1
70294;1
48259;2
55793;2
92394;1
68828;1
48370;2
48375;1
41439;1
54260;1
64168;2
53505;1
84458;1
39233;1
48235;1
79318;1
45618;1
64184;1
31040;2
39221;2
53518;1
64949;2
57793;1
39229;1
48247;1
77212;1
71908;4
54636;1
54639;1
64185;1
50938;1
77224;1
67491;2
84009;1
70258;1
64941;1
51007;2
62879;1
48217;1
48216;1
84002;1
68493;1
77634;1
68496;1
77630;1
75506;1
85013;1
61753;1
71925;1
45664;1
50929;1
75509;1
48336;2
64128;2
40347;1
51822;1
51818;1
58407;1
81103;1
85009;1
67488;1
51025;2
82690;1
84025;1
84021;1
61319;1
83367;1
76975;1
85035;1
77657;1
61735;2
84903;1
64512;2
64147;2
50354;1
40321;1
78707;1
51801;2
64910;1
84428;1
54208;2
45144;1
77644;3
84420;1
83373;2
84914;3
83371;1
52450;2
48304;3
48302;1
86404;1
62830;1
50349;1
57720;1
82675;1
61380;1
71461;1
77260;1
35270;1
76146;1
78288;1
77672;1
82681;1
45162;1
70221;1
46570;2
38575;1
71069;1
82273;2
83397;1
61781;1
71060;1
37051;1
72579;1
45193;1
52471;1
72577;1
52478;1
57310;1
81131;2
45692;2
82262;1
42224;1
82266;1
44557;1
78294;1
71454;3
52483;2
35245;1
78293;1
57714;2
46594;1
46599;1
45680;1
82258;1
45189;2
56660;2
47315;1
51378;2
77093;1
58097;1
52148;2
78254;1
78258;1
68401;1
74158;1
79717;1
85535;1
77084;2
79715;1
78266;3
52966;1
85531;1
71782;1
55364;2
78261;1
52553;2
77995;1
52557;1
84994;1
75296;1
43355;1
90904;1
82852;1
48901;2
88317;2
77076;2
52164;2
52543;1
88735;1
70421;1
53206;1
71765;2
52155;1
70409;1
57379;1
52151;1
77062;1
87202;1
51388;2
80852;1
90502;1
69013;1
64492;2
52531;1
55387;1
53210;3
52937;1
74691;1
74692;2
48507;1
46782;1
45107;1
87237;1
84171;1
79749;1
47357;1
60477;2
57389;1
74114;2
50274;1
85972;2
46218;2
45118;1
35803;1
44396;1
52924;1
76890;1
50960;1
43391;1
40659;1
50958;1
57392;6
86588;1
84954;1
59116;1
32595;1
74634;1
78220;1
69507;1
52125;2
45911;1
50296;1
74131;1
35428;1
52500;1
58986;2
78607;3
53246;2
73537;2
40630;1
78200;2
86196;1
47369;1
46740;1
64459;1
47365;1
63337;1
73521;1
58048;1
47788;1
60977;1
60971;1
87273;1
73550;4
60429;1
58929;3
41755;1
39769;1
39381;1
49207;1
53673;1
86142;1
53261;1
87262;1
36183;1
58914;1
46722;1
46721;2
60444;2
60445;1
46720;1
48958;2
53271;1
83892;2
41359;1
54731;2
55314;1
67846;1
53695;1
43844;3
53280;3
68907;1
58007;1
65095;3
73569;1
67851;1
58006;1
87696;1
81742;1
83884;2
39795;1
63766;1
53294;3
65098;1
81778;1
32528;1
75247;1
36133;1
60930;1
65515;1
80879;1
48925;1
52996;1
80884;1
55818;1
52997;1
86612;1
32113;1
66743;2
76424;1
81760;2
69969;1
80277;1
80278;1
61081;2
73589;2
67877;1
32836;1
70843;1
32835;1
52175;1
48191;2
89022;1
52179;1
78689;1
42762;1
66355;1
52979;1
86631;1
72074;2
52975;1
66762;6
42752;2
54702;1
41382;1
73015;1
43337;1
55829;2
85515;1
75270;1
54396;1
64090;1
38646;1
72416;2
89859;1
71369;1
31842;1
34739;1
71364;1
79479;1
79462;1
72015;1
56338;1
39300;1
56742;1
54797;1
56749;1
49289;1
64873;1
68970;1
66718;1
53604;1
51797;1
76409;1
45097;2
31869;1
71389;1
77593;1
56361;1
51792;1
79458;1
89871;1
79441;1
92234;2
82357;1
65950;2
51787;1
87601;1
65530;1
64087;1
51780;1
64088;1
71390;1
79447;1
65531;1
65961;2
84577;1
39356;2
48877;1
32087;1
54357;1
54355;1
73075;1
72905;1
70393;1
44913;1
48489;1
65187;1
59637;1
64063;4
74529;1
43866;1
54758;1
79427;1
37708;1
83951;1
83048;1
60086;1
37705;1
60894;1
38204;1
53643;1
53640;1
74534;2
83961;1
64862;2
60095;1
54789;1
87654;1
83419;1
79417;1
83031;1
39337;1
61422;2
65174;2
37736;1
64047;3
56722;1
87647;1
64856;4
83429;1
83970;1
64857;2
81208;1
46303;1
61449;1
45033;1
77536;1
51949;1
48437;1
76070;1
36610;1
51945;1
64022;3
61450;1
71830;1
54329;1
45029;2
44488;1
37125;1
48468;1
36641;1
64821;1
61464;1
33217;1
51303;2
75623;3
83461;1
45014;4
51709;1
77926;2
50257;1
91701;1
64815;1
84110;2
61473;2
64001;1
61861;1
67369;1
84524;1
77501;7
82775;1
71320;1
38681;1
45070;4
77957;1
51736;1
71325;1
50207;1
37144;2
55280;1
81256;1
51320;1
76048;2
61893;1
76049;1
76811;10
77160;1
81250;1
51988;1
71330;1
61493;2
82786;1
77940;1
63389;1
62940;1
56784;1
77949;1
62936;1
62937;1
37152;1
45974;1
37151;1
51336;1
71342;1
71345;1
36600;1
70330;1
42360;2
46694;1
47808;1
46693;1
47803;1
47801;1
62281;1
77543;1
37179;1
91753;1
54303;1
47411;1
57444;1
78965;1
82014;1
55949;1
86908;1
47015;2
52241;1
40522;1
52247;1
66402;1
78561;1
34412;1
47006;2
84280;1
59212;1
85216;1
85217;1
52643;2
52647;1
80992;1
46877;1
41241;1
49135;1
40540;1
78979;1
55930;1
68797;1
51281;1
74993;2
78972;1
64798;1
41259;1
62534;2
52219;1
51287;1
51289;2
91385;1
68783;1
82051;1
51270;1
68786;1
49119;1
52661;1
69834;1
60349;1
69835;1
49113;1
46391;1
68781;1
70000;1
69423;1
45380;2
46896;3
49505;1
69426;1
77891;1
52659;1
55912;4
78997;1
52657;1
78994;2
40174;1
30455;1
42120;1
68774;1
30458;1
67576;1
48621;1
60336;1
89570;1
70943;1
62597;1
89578;1
69433;1
71645;1
45390;1
55909;4
83182;6
83599;1
58141;1
69813;2
36454;1
83979;1
40580;2
58640;1
69407;1
70022;1
57466;1
66426;1
52678;1
40154;1
43236;2
40984;1
43943;1
60311;1
48605;1
46384;2
45374;1
83990;1
83992;1
82969;1
52256;2
81429;1
79001;1
39041;1
39872;1
79682;1
68740;1
68745;1
73128;1
80189;1
60769;1
54813;1
47096;2
42156;1
73497;2
73496;1
47981;11
53365;2
60783;1
53363;1
60787;1
47997;1
63680;1
80531;1
60780;1
79697;1
54178;1
74930;1
83560;1
74936;1
66487;1
70979;1
79018;2
69869;1
80940;1
81423;1
58151;1
53353;2
60757;2
68314;1
81408;1
60752;1
47463;1
80517;1
53773;3
60362;1
83555;2
47079;1
76774;1
47072;1
52296;1
38395;1
39079;1
74907;1
74913;1
39844;1
58174;1
54806;1
58173;2
42143;1
47066;1
61198;1
63651;1
59656;1
53707;2
54856;3
39422;1
54144;2
82506;2
73458;3
39837;1
78522;1
88048;1
46820;1
70072;1
46823;1
53703;6
80981;1
54137;3
59257;1
79665;3
39020;1
41288;1
46833;3
83506;1
63639;1
63636;1
62506;1
56943;2
62500;1
60797;1
47033;1
31577;1
75321;1
80126;1
66051;1
53739;1
54834;1
47031;1
54129;1
85897;1
41280;1
78542;1
59273;1
82504;1
72808;1
53307;1
79071;1
70093;1
78549;2
59270;2
37996;1
73427;1
74271;1
62103;1
73424;3
39900;1
65053;1
54490;1
73934;1
55544;1
76303;1
49672;1
43534;1
80224;2
83610;1
80221;1
60811;2
48025;1
49660;1
43522;2
48020;1
44328;1
54882;1
61522;1
65071;2
62657;1
73197;2
61124;1
84696;1
61125;1
84693;1
44716;1
76323;1
82426;1
62139;1
48004;1
59750;2
80205;1
54482;1
44725;4
65853;2
49640;1
61528;1
92135;1
60858;4
65402;3
50543;1
51677;2
53784;1
77473;1
43578;6
44773;1
57072;2
61106;1
87720;1
60848;1
76755;2
65001;1
41629;1
76335;1
48067;2
44785;1
38383;1
89055;1
39495;1
62185;1
65424;1
65420;1
50526;1
62697;1
35983;1
91887;1
45881;1
48036;1
54072;2
36977;1
50113;1
82463;1
62175;1
65434;1
39485;1
65432;1
71251;1
49609;1
50516;2
71259;1
45891;1
35457;1
82452;1
60832;2
72379;1
51226;1
57575;1
75782;1
54414;1
46403;1
52694;2
71716;2
69354;1
35927;1
57969;6
63297;1
54421;1
82090;1
42472;1
56440;1
55190;1
51232;1
81907;1
81904;1
64320;1
91464;1
77842;1
64321;1
78020;1
70429;1
51202;1
67900;1
44799;1
75761;1
84220;1
48527;1
84222;1
34351;1
78029;1
57949;1
45859;1
64727;1
54401;1
38797;1
54404;1
45855;1
77446;1
50558;1
48516;1
58568;2
56421;2
58566;2
56425;1
34361;1
84218;1
91441;1
83105;2
31266;1
84638;3
31997;1
57533;1
91431;2
91436;1
46447;1
55994;2
56478;1
55992;3
81952;1
28611;1
54467;1
57526;2
61989;1
61982;1
83111;1
65496;1
45420;2
78921;2
31271;1
38307;1
49168;1
84659;1
77413;1
84655;1
85277;1
75723;1
42428;2
45802;2
83122;1
31248;1
75721;3
78932;1
36502;1
58598;1
55973;1
84668;1
54442;1
75737;1
42414;1
57912;1
45403;1
84253;1
55961;1
57006;1
50706;1
47110;1
74880;1
40002;1
49400;1
77781;1
59348;1
46459;1
64684;1
51179;1
49404;1
49402;2
78093;1
47117;1
45282;2
78096;1
41957;1
47113;1
52342;1
74871;1
52757;2
46050;2
86347;1
51160;2
51164;1
64673;1
45296;1
47109;1
41138;1
62418;1
46058;1
87492;1
55111;2
40028;1
42920;1
59320;2
46470;1
46472;1
42916;2
52364;1
78439;1
50730;1
55109;1
33868;1
53017;1
58733;1
53010;1
49020;2
52359;1
52354;3
50744;2
78082;1
71563;1
52352;2
67661;1
55138;2
48715;1
58769;1
45248;2
45249;3
40045;2
57589;1
86816;2
62467;1
78498;3
82191;2
73780;1
43118;1
67678;1
55123;2
43110;1
67073;1
80079;1
40860;1
50769;2
87424;1
82172;1
52784;1
52782;1
70119;1
78888;1
78885;1
33837;1
78031;1
50776;1
36352;2
80622;1
40845;1
60211;2
48747;1
55145;1
36368;1
82188;1
80606;1
80607;2
60217;1
82187;1
77774;1
88502;1
50788;1
52397;1
78044;1
41116;1
85314;1
41115;1
62476;1
51142;2
74360;2
53061;1
80048;3
47193;3
49487;1
54910;1
53067;1
42985;1
68601;1
72291;1
66576;1
53894;1
73356;1
46909;1
53071;1
47590;1
53465;2
54922;1
80030;1
54036;1
54038;7
69722;1
49812;1
60234;3
80665;1
56036;1
42038;1
81551;1
67647;1
40877;1
54067;1
54930;1
74371;1
74372;2
38906;1
73772;1
69749;3
54054;1
60258;1
68610;1
74815;1
74812;1
46954;1
56822;1
53432;1
79544;1
86890;1
82614;2
46956;1
78415;1
61291;2
54001;1
82606;1
52721;1
49444;1
83637;1
63507;1
46014;1
59789;2
53423;1
47147;1
46015;2
78422;1
80677;2
41566;1
69767;1
56809;1
35632;1
56846;1
41970;3
56849;2
58700;3
82628;1
41599;1
54026;1
58706;3
46045;1
46042;7
75467;1
41592;1
47168;2
53444;1
78407;1
56837;1
79534;1
73217;2
39138;1
41194;1
74857;1
75473;1
67615;1
65345;1
83703;1
38054;3
79908;1
61641;1
62776;1
71167;1
75417;2
41523;1
37952;1
80596;2
61240;1
75035;1
76206;2
92021;1
66028;1
68151;1
47621;7
43621;1
72210;1
75024;2
65738;1
66014;1
62795;1
62792;1
62043;1
88084;1
47658;1
84799;1
44610;1
61265;1
43653;1
75825;1
44617;1
59840;1
75018;2
84793;1
65335;1
75828;1
83734;1
41553;1
72648;1
75001;1
49784;1
74309;1
71128;1
51537;1
50403;1
66929;1
38479;1
34045;2
65301;1
63199;1
56100;1
44635;3
38475;1
35174;1
59828;1
36858;1
49724;2
61615;2
76619;2
76618;1
73393;1
37341;1
30953;1
74329;2
36862;1
61605;2
82574;1
76234;1
79492;1
50426;1
35586;1
66951;1
59805;1
72288;2
45783;1
77354;4
47600;1
50414;4
31633;1
79201;1
61239;1
45797;1
45799;2
81068;1
56119;1
61628;2
62494;1
42585;1
54515;1
76289;1
78142;2
54512;2
70549;1
70558;2
50441;1
87004;1
84728;1
35134;2
84748;2
75890;1
54521;1
64601;1
84336;1
62099;1
70565;1
45324;1
63145;1
55055;1
57153;1
64612;1
54533;1
84329;1
84707;3
56554;1
77736;1
62711;2
75090;1
55073;1
40480;1
55070;1
81023;1
71612;1
64626;1
83276;1
46519;1
70588;1
71111;2
46516;1
50455;2
83244;1
55688;1
42541;2
55086;1
85159;1
84777;1
70590;1
46549;1
50482;1
92053;1
75854;1
58301;1
75069;3
45707;2
57652;1
57653;1
84751;3
83225;1
56598;1
57115;3
63134;1
45716;1
92077;1
52324;1
52325;1
85126;1
30502;1
33381;1
64244;1
65379;1
75596;2
78354;1
37092;1
46654;1
50896;1
58369;1
50895;1
28834;1
74056;1
63918;1
73610;1
69124;1
52806;3
71881;1
62355;1
74061;1
71884;1
58353;1
78755;1
74067;1
84894;1
90632;1
75988;1
80728;1
52029;2
55493;1
33020;1
62342;1
52028;1
79820;1
69140;1
52021;1
50875;1
36214;1
63005;3
46673;1
69640;1
82744;2
58887;1
80713;1
62332;1
52844;1
79834;1
75560;1
64597;1
69658;1
79839;3
84875;1
84874;1
74044;1
75177;1
58374;1
78381;1
78382;1
33036;1
63028;1
40380;1
53906;2
79842;1
53123;3
84860;2
63441;2
53127;1
61819;1
82704;1
49317;1
50865;1
41801;1
39636;1
41800;1
45212;2
79853;2
55467;1
78715;1
78711;1
74020;1
74025;1
63453;1
53928;1
47239;1
46630;1
63832;1
78331;1
78330;1
58848;2
40362;1
58849;1
50396;1
78743;1
69613;1
47223;1
68550;1
78344;1
79875;1
53110;1
89395;1
79870;1
84831;1
40352;1
63817;1
46109;1
81631;2
60186;1
49341;2
75103;1
75106;1
47688;1
83772;1
55436;1
47290;1
59000;1
70778;1
43011;2
47682;1
47684;1
40724;1
56199;2
49346;1
55029;1
54624;2
47282;1
81624;1
83761;1
75117;1
79891;1
41072;1
60178;2
74738;1
43415;3
63074;2
60580;1
70780;1
81619;1
48853;1
29978;1
67705;1
36295;1
47270;2
53979;1
49322;1
47660;1
59021;3
86027;1
53555;1
43705;1
59437;1
39647;2
52095;1
47261;1
56181;1
55403;1
74716;1
41053;1
48839;2
47670;1
87143;1
66657;1
53151;1
55018;1
53540;1
55016;1
59428;1
32044;1
40737;1
66236;1
66231;1
75142;1
52084;1
75145;1
60533;3
59458;1
72982;1
70733;1
39286;1
67775;2
42637;1
60138;2
53980;1
52073;2
56160;1
52071;1
44897;1
75159;6
81668;1
72976;2
92440;1
58399;1
68105;1
48810;2
72973;1
32930;1
66240;1
86764;1
74492;1
74499;1
80759;3
59977;1
76535;1
49922;1
75123;3
81656;2
83798;1
44887;1
53591;1
65631;1
52061;1
39682;1
60512;1
86736;1
79262;1
41085;1
52876;1
48809;1
37782;1
72178;1
43036;1
67754;1
60112;1
66225;2
44049;1
44043;1
59466;2
54197;1
52881;1
59079;1
80750;2
74455;1
44533;2
82248;1
76100;1
49870;1
72164;1
82240;1
82242;1
76911;2
37493;2
31036;2
80410;1
37496;1
47733;4
76529;1
49875;1
91657;1
49874;1
72558;1
44545;1
44544;1
38140;1
92359;1
84480;1
31435;1
38532;1
76917;2
72563;1
54697;2
67012;2
54696;1
42688;1
67014;1
44512;2
48796;1
34618;1
65660;2
72538;1
57741;1
71486;1
48394;1
76900;1
79341;1
54287;1
42663;1
81579;1
65261;2
55787;1
48778;1
72508;1
68819;1
48382;1
48383;2
84434;1
68818;1
47771;1
39210;1
61305;1
61307;1
64989;1
48259;2
68066;1
64158;2
74428;1
43769;2
83848;1
53530;1
55793;2
48370;2
48375;2
61316;1
60997;1
56608;1
64168;1
64970;1
70681;1
83321;1
72104;1
43757;1
84457;1
48233;1
53501;1
66188;2
54643;1
47756;1
79318;1
83823;1
45612;1
68036;1
71910;1
64184;2
59513;1
84460;1
53517;1
39221;1
53518;3
66173;1
68806;1
57793;1
39228;1
77217;1
72501;1
71908;4
64185;1
80446;1
71901;1
50938;1
50380;1
84931;1
77224;1
67491;1
77222;1
71919;1
84009;1
76182;1
51007;1
48216;1
84002;2
68493;1
76995;2
68496;1
76187;1
54218;1
42202;1
54219;1
64535;2
45670;1
64538;1
76999;1
50370;1
50929;1
61737;2
37016;1
51824;2
51818;1
58407;1
76177;1
84404;1
51432;1
71028;1
61727;1
50365;1
50916;1
64509;1
70234;2
63474;1
86428;2
48327;1
40315;2
56698;1
84021;1
71011;1
62848;1
71012;2
64512;1
78701;1
50909;2
77256;1
51801;1
51802;1
45141;1
48315;1
84428;3
64521;1
83377;1
71409;1
77644;1
76986;1
84914;2
58421;1
52450;1
48304;2
62830;1
62832;1
36724;1
61388;1
70212;1
61382;1
51469;2
71961;2
77260;1
76956;1
61796;2
81150;1
76955;1
78288;1
44576;1
61790;1
81157;1
62846;1
45163;1
88657;1
51866;1
50338;1
52469;1
77273;1
85041;1
83397;1
64506;1
61781;2
42231;2
71060;2
77666;1
81149;1
71065;1
81147;1
77662;2
72579;1
50322;1
50324;2
38565;1
50320;1
33921;1
71057;1
71980;1
44550;1
58793;1
61771;1
65230;1
64107;1
71454;1
45187;1
72585;1
37420;1
57714;2
45688;1
82669;1
67424;1
76942;1
82251;1
76948;1
81125;1
45189;1
77687;1
78298;1
56660;1
69526;2
79703;1
71795;1
58092;1
75698;1
64487;1
71790;2
51375;1
52561;2
52949;2
52948;1
52562;2
77986;1
52568;1
52567;1
77984;1
78667;1
78666;2
90145;1
85535;1
45492;1
51360;1
46265;1
78266;2
52963;2
75685;1
88725;1
82854;1
77995;1
58490;1
74674;1
57350;1
75296;1
78655;1
84998;2
82851;1
57365;1
40688;1
70416;1
62241;1
69953;1
57379;2
29157;1
58477;2
51388;2
80852;1
64494;3
64491;1
52531;4
48501;1
82870;1
77068;1
82873;1
46782;1
53218;1
28725;1
53215;1
86188;1
39727;1
76490;2
47357;1
82813;1
52527;1
84172;1
85973;1
59104;1
45118;2
76890;1
52508;2
64439;1
76898;1
74125;2
67271;1
52512;2
47341;1
74630;1
86582;1
57392;6
55328;1
58452;1
84954;1
58451;1
86585;1
84955;1
78616;1
36543;2
74633;1
53234;1
52125;2
40647;1
78601;1
47372;1
82844;1
40261;1
73533;1
78607;1
85996;1
52119;1
35823;1
47369;2
82826;1
63726;2
67292;1
81700;1
74145;1
58978;1
68456;1
80800;1
32572;1
37622;1
60971;3
86140;1
60049;1
47395;2
73550;2
49200;1
58929;1
41755;3
49207;1
47399;1
41759;1
43828;2
53673;2
61055;1
35858;2
53261;3
46714;1
37638;1
39774;1
58914;1
47383;1
83868;2
73947;1
36188;1
46721;1
66771;1
60444;2
60445;1
47793;2
47792;1
48958;1
53668;1
53271;1
83891;1
83067;1
83892;2
65085;1
55314;1
36198;1
54734;1
35878;1
43844;1
61073;2
88398;1
53280;1
79764;1
65095;1
73569;1
59520;1
67859;1
39795;1
41725;1
63766;1
49236;1
53294;2
60957;1
73970;2
86154;1
69099;1
69098;3
81778;1
73590;3
90582;1
80281;1
48925;1
55816;1
80884;1
55818;1
52999;1
41799;1
32113;2
79398;1
76424;1
80277;1
75251;1
41366;2
66342;1
48191;1
52179;2
78689;1
42762;1
41396;1
60020;1
49262;1
72071;1
86125;1
72074;1
60908;1
52975;1
52970;1
66762;1
81785;2
42752;2
42753;2
78675;1
76447;1
73015;2
67892;3
43337;1
60920;1
86641;1
52988;1
55829;1
81779;2
52981;1
60425;1
81297;1
64090;1
76005;1
44008;1
71368;1
42775;1
64885;3
79479;1
54392;1
72018;1
81281;1
72015;1
56338;5
44409;1
65149;1
39300;1
65554;3
71373;1
65551;2
65550;1
82364;1
83915;1
65945;1
68971;1
56367;1
65941;1
53604;1
45097;1
76404;1
34715;1
71381;2
51792;2
71386;1
79458;2
79457;2
65950;1
71390;1
56350;1
65534;2
65961;1
82306;1
64050;1
83935;2
54357;1
65964;1
79434;1
64053;1
65195;3
44913;1
39340;1
65187;1
59636;2
73060;1
64063;2
74529;1
55896;1
54758;1
60891;1
83048;1
60087;1
38203;1
84556;1
82325;1
48897;4
68931;1
53643;2
80329;1
80328;1
37739;1
65561;1
44930;2
60881;2
64862;1
32060;1
60095;2
54789;2
39337;1
67810;1
82318;1
54782;1
60885;2
65990;1
84568;1
74549;2
64047;1
44949;1
61439;1
64856;2
83970;1
61434;1
64857;1
45505;1
50249;1
81208;1
62974;1
77916;1
45033;2
86541;1
70357;2
77539;1
83486;1
69499;2
77536;2
51949;1
68350;1
36610;1
86534;1
51945;1
64025;1
84137;1
84547;1
48432;1
45029;1
51710;1
36643;1
77102;1
51303;1
51306;1
75623;7
83461;2
45017;2
64817;1
45014;1
51700;1
48103;1
61473;1
70388;2
61861;2
75635;1
76888;1
84524;2
76883;1
77501;4
76884;1
81224;1
84528;1
82778;1
45579;1
45070;2
50207;1
62933;1
86503;1
76043;2
68397;2
51727;1
76811;14
77160;1
69454;1
76812;2
81252;1
91326;1
61491;1
61492;1
61493;1
91321;1
70322;1
61499;1
77560;1
82782;1
77949;2
44445;2
78179;1
76036;1
62268;1
77974;1
72472;1
86524;1
77556;1
44458;1
46693;1
69464;1
62281;1
47802;1
34766;1
51738;1
51357;1
57444;3
77549;1
43937;1
36438;1
70502;1
82014;1
63200;1
52624;1
55949;1
86908;1
52621;1
46850;1
79609;1
50614;1
52242;1
85207;1
78556;1
52247;4
87374;1
84286;1
73400;1
84284;1
84285;1
78958;1
82029;1
52232;1
47006;2
50626;1
34411;1
85476;1
84281;1
79614;2
51292;1
55927;2
52643;1
58607;1
52649;1
52647;1
80992;1
49524;1
56382;2
51299;1
78979;2
55930;1
68797;1
36426;1
82046;1
87348;1
64798;1
41259;1
62534;1
52215;1
52219;1
77884;1
78593;1
68786;3
43979;1
60344;1
40953;1
69835;4
60349;1
46391;4
49113;1
51274;1
46397;1
70001;1
91102;1
69423;1
58128;1
46896;3
45380;1
69422;1
83196;1
58125;1
71653;1
52283;1
77891;1
55912;2
52657;1
60335;1
67576;1
68778;1
89574;1
87324;1
41231;1
62597;1
67964;2
69433;1
86283;1
83182;2
83599;1
58141;2
67184;1
64301;1
70903;1
83595;1
40580;1
70028;1
89586;1
66426;1
42100;1
52678;1
82971;1
40154;1
40982;2
43943;4
60311;3
83582;2
48605;1
90406;1
62575;1
46384;6
67945;1
85415;1
69410;1
83992;3
52256;1
58139;1
71669;1
60773;1
59280;1
68332;2
54807;1
29794;1
79688;1
42888;1
47094;1
73497;2
75387;1
49706;1
47981;10
73496;1
53365;1
81419;1
53364;1
79699;1
74929;1
60780;1
79697;1
39860;1
66487;1
74935;1
42871;1
68737;1
79018;1
75394;2
54823;1
47992;1
42165;1
58151;1
60757;1
66863;1
53357;1
39850;1
53771;2
53773;1
47467;1
47079;1
67509;2
80166;1
60766;1
29760;1
70054;1
60763;1
47475;3
39076;1
74913;1
68713;1
74911;1
69842;1
79035;4
58174;1
89932;1
42143;1
42147;1
89146;1
61195;1
61198;2
62520;1
63651;1
73847;1
53707;3
59656;1
90482;1
80145;1
54856;1
47443;1
46826;1
47452;1
42829;1
61188;1
70079;1
56953;1
46820;1
70071;2
49599;1
79052;1
53703;1
83522;2
54137;2
53317;1
79665;2
70994;1
60792;1
41283;1
39026;1
65894;1
74284;2
79062;1
62503;1
83506;1
62506;1
62500;1
79065;1
49561;1
80126;1
73818;1
54834;2
54129;2
85898;1
61170;1
74969;1
72821;1
80558;1
82501;1
72808;1
82500;1
53307;1
53719;1
79071;1
59270;1
82009;1
62102;1
85880;1
82004;1
47435;1
50190;1
73424;1
47531;1
65053;2
64394;1
66160;1
65443;1
39906;1
80212;1
59720;1
72367;2
43539;2
59729;1
43530;1
49672;2
43534;1
61141;1
81393;2
54897;3
75306;1
80225;1
66152;1
54898;1
62151;2
44331;1
36965;1
44748;1
55550;1
75710;1
65046;1
66803;1
48023;1
66801;1
48020;1
54882;1
44329;1
47515;1
65071;2
61128;2
84691;1
43514;1
72344;1
80476;1
30158;1
49647;1
62139;1
49649;1
48004;3
48009;1
54482;2
42099;1
73186;1
44725;1
72334;1
55536;2
61133;1
36949;1
56000;1
60858;1
51674;1
50543;2
53784;1
48055;2
44777;1
77473;3
43578;8
44773;1
76341;1
60862;1
71274;1
61513;2
65001;1
61508;1
76330;2
64704;1
60852;1
65420;2
50523;1
57986;1
48031;1
48034;2
62175;1
65809;1
49609;1
54081;1
43540;1
91891;1
76359;1
50124;1
43547;1
45470;1
83144;1
57575;1
78000;1
57576;2
76389;1
67924;1
75783;1
54414;3
54417;1
52691;1
77857;2
52694;1
71716;3
85291;1
57969;8
34371;1
45461;1
64743;1
85284;1
51231;1
51232;2
55190;1
51625;2
57971;1
64320;2
77454;1
45842;1
44799;1
48527;1
51611;1
48529;1
64723;1
54404;2
56420;2
71216;1
35007;1
50558;1
58568;2
48516;2
78907;1
76394;1
78903;1
78017;1
84218;1
91441;1
48583;1
84638;1
90895;1
90897;1
36912;1
70499;1
45437;1
91431;1
57926;2
55999;1
78914;1
81934;1
46445;1
46430;1
64786;1
54467;2
45838;1
61989;3
72317;2
61983;1
36923;1
69385;1
64362;1
65496;2
65498;1
61592;1
78921;1
31271;1
46433;1
81946;1
84657;1
84659;2
84654;2
77413;1
84655;3
91057;1
75723;1
49160;2
45802;3
75721;1
67235;2
34393;1
64373;1
61562;2
90867;1
36502;1
58597;1
49177;1
84668;1
54442;3
77408;1
55967;1
71709;1
69361;3
70485;2
61571;1
62620;1
46410;1
84252;1
55961;1
46065;3
53815;1
59348;1
85105;1
64684;1
87476;1
49404;1
34520;1
49402;2
41957;1
47113;1
53800;1
47101;1
52757;2
46050;1
86347;1
87462;1
51164;1
53007;1
43165;1
55111;4
40028;1
46470;1
62443;1
42916;1
46472;1
70618;1
39501;1
46973;1
34544;1
52736;1
66527;1
53017;1
53016;1
33861;1
40802;1
55102;1
58730;1
53010;1
49020;1
42908;1
52357;1
78444;1
64692;1
62432;1
46983;1
55138;1
84815;1
59307;1
48715;2
80082;1
45248;2
77744;1
58260;1
45249;1
80089;1
57589;2
41913;1
78498;1
46493;1
78496;1
51134;1
51133;2
70148;1
77756;2
77755;1
80079;3
52374;1
70132;1
52784;2
55155;1
78885;1
86836;1
50776;1
51159;1
50770;1
62487;1
60211;2
82187;1
60217;1
54901;1
69705;1
86839;1
52397;3
69313;1
40050;1
41115;1
62472;1
62476;1
51142;1
46914;1
50794;1
74360;1
53060;1
53061;1
60633;2
39569;1
80048;2
56010;3
60626;1
47193;2
60249;1
69733;1
73359;1
66576;1
53894;1
63540;1
80632;2
47593;1
47592;2
68208;2
47590;1
75491;1
53464;2
53465;5
73342;1
49818;1
54036;1
54038;1
49812;3
86872;1
74817;1
53085;1
74388;1
80665;1
54928;1
73767;1
76671;1
81551;1
49829;1
81558;1
67647;1
80060;2
79562;2
49826;1
54067;1
69756;1
54930;1
53088;2
74371;1
74372;3
53094;1
73772;1
79133;1
58278;1
53868;1
79963;2
69749;1
44188;1
56042;1
54054;1
60258;1
83681;1
67650;1
46954;1
53432;1
88962;1
82614;1
61295;1
41167;1
47549;1
73316;4
82607;2
72700;1
53025;1
74844;1
76697;1
52725;1
76692;2
59786;1
59390;1
46014;1
42060;1
46015;1
80677;1
59777;1
56846;1
56849;1
58700;1
54022;1
58701;1
82628;1
54028;1
54026;2
59770;1
52702;2
49465;1
49460;1
58706;1
75467;1
46042;3
59769;1
47168;1
53444;2
32388;1
70193;1
63528;1
83638;1
79534;1
56837;1
53058;1
73217;1
54012;2
69784;1
60294;2
54987;1
75473;1
63519;1
67618;1
46030;2
79178;1
83641;1
65346;1
81486;1
79908;1
62028;1
75417;1
41523;1
79901;1
80596;1
75035;1
59866;1
68168;1
76209;1
62010;1
81080;1
47621;6
69697;1
49765;1
39102;1
83708;1
81084;1
72214;1
59873;3
62792;2
75439;2
47657;1
88087;1
84799;2
49791;1
84796;2
60700;1
75825;1
75018;1
59844;1
65332;1
65335;1
83734;1
77381;2
72648;1
83729;1
36845;1
51537;1
38479;1
76628;1
62066;1
63199;1
61202;2
44635;1
56103;1
38475;1
56108;1
82586;2
77378;1
51529;1
76246;1
81886;1
87828;1
61615;2
65318;1
61614;1
76619;2
72662;2
81455;1
63188;1
87952;1
68110;1
73262;1
61215;1
74329;1
61605;1
81047;1
76234;1
81897;1
79492;1
71145;1
50426;2
44264;2
62080;2
66951;1
36878;1
66952;1
72284;1
61222;2
76223;1
44650;2
34064;1
50013;1
77354;2
74902;1
79209;1
47600;1
61630;1
49748;1
44255;2
50409;1
45799;3
77343;1
57184;1
45796;1
56119;1
76286;1
62494;1
54515;1
40493;1
76289;1
75888;1
75886;1
70548;1
54512;3
70549;1
63156;1
77714;2
46502;1
77717;1
46504;1
76276;2
77323;1
55051;1
49098;1
54521;1
45320;1
62098;1
45327;1
70565;1
55055;2
50437;1
64228;2
83262;1
64612;2
40478;1
45352;1
54533;1
69233;1
84329;1
84707;1
84708;1
46520;2
56554;1
77736;3
83278;1
81023;1
63161;1
81022;1
51116;1
81020;1
71612;1
83276;3
77722;1
46516;5
71111;1
76251;2
70583;1
67116;1
42541;1
83247;1
84388;1
70590;1
64256;1
58304;4
58301;1
83250;1
56582;1
56586;1
78829;1
46536;1
48677;1
43069;1
45707;1
72204;1
72205;1
52316;1
86325;1
46564;1
29237;1
67130;1
57642;1
84766;2
85128;1
36808;1
48697;1
78801;1
86315;1
84355;1
50495;1
64244;2
50809;1
78358;1
75596;1
37092;1
52045;2
63924;2
36237;1
63919;3
75186;1
78352;1
46156;1
69125;1
46166;2
62356;1
77184;1
58356;2
86723;1
36246;1
58353;2
69670;1
86718;1
33949;1
84890;1
52819;3
52029;1
37074;1
55493;2
69144;1
89348;1
75160;1
50878;2
46673;1
75970;1
82745;2
69640;1
84887;1
82744;2
30200;1
78788;2
58884;1
58885;1
58888;1
52441;3
71094;1
79834;1
63019;1
57231;1
57230;1
74043;1
40399;1
58374;1
74042;1
58878;1
58879;1
55487;1
47257;1
53906;2
40763;1
52009;1
45203;1
76091;1
84860;1
74018;1
63849;1
61817;1
61819;1
39636;2
90201;1
63846;1
40755;1
61835;1
61834;1
45212;1
79853;2
89376;1
68571;1
58857;1
53137;1
74778;1
73642;2
59902;1
63457;1
84857;1
84855;1
61829;2
84854;2
86485;1
63453;1
85687;1
47239;1
69602;1
50390;1
62300;1
79863;2
41002;1
36657;1
82701;1
63420;1
63422;1
78743;1
50840;1
41019;2
78344;1
78738;2
86467;1
61804;1
84834;1
46109;2
83777;1
56193;1
49345;1
58829;1
59958;3
44862;2
75106;1
83772;1
55436;1
47290;3
56199;1
59412;1
75111;1
54624;1
53941;1
54628;1
83762;1
44851;1
49917;1
83760;1
73687;1
67734;1
47697;1
75117;1
43415;3
63074;3
70781;2
43739;1
39677;1
63889;1
79292;1
40738;1
39641;1
47270;1
29979;1
53979;1
55412;1
29082;1
47661;1
59021;2
86775;1
53555;1
59437;1
43707;1
39647;1
56179;1
41440;1
87555;1
52095;2
56181;1
73665;1
41053;2
48839;1
60562;1
70767;1
53151;2
55018;3
55016;1
59428;1
60566;1
38192;1
43715;1
66236;1
53992;1
59994;1
70724;1
66231;4
49386;1
75143;1
52089;1
60533;2
44050;1
59458;1
80783;2
32942;1
75942;1
76569;1
43042;2
36280;1
66242;1
35780;1
52073;2
44891;1
59441;1
44897;1
67779;1
75159;4
72976;2
92440;3
72973;1
43049;1
38178;1
48819;1
75937;1
75936;1
80759;4
59977;1
75932;1
75123;2
60508;1
49367;3
49368;1
59477;1
86736;1
79263;1
86739;1
72174;1
59065;2
48809;2
75923;1
42612;1
41091;1
70714;1
67754;2
66225;2
59466;1
52881;1
69196;1
43027;1
59079;1
80750;1
76916;1
30622;1
30623;1
51087;1
80410;1
85092;1
91657;2
49875;3
72558;1
44544;2
54690;1
66608;1
92358;1
85086;2
44549;1
51092;1
38532;1
81597;3
60605;1
79328;2
54697;4
54696;1
49851;1
65276;1
76125;1
56618;1
65660;1
54684;2
49859;1
65270;1
51898;1
43787;2
68848;1
74448;1
72135;1
42664;1
81579;2
65261;1
49845;1
56624;1
55787;2
48778;1
48382;5
84435;1
48383;3
68818;1
70293;1
45631;1
74428;2
30656;1
72518;1
48370;2
83318;1
41435;1
44827;2
61316;1
54260;1
64168;1
48782;1
31449;1
70681;1
53505;4
84458;1
84457;1
48233;1
70686;1
41407;1
45612;1
83331;1
64184;1
53517;2
39221;1
53518;2
68806;1
77212;1
77211;1
71908;6
64950;1
45676;1
67491;1
84933;1
70258;1
64940;2
71423;1
34673;1
84002;3
76995;1
54218;2
54219;3
75508;1
75506;2
64538;1
37417;1
64121;1
77237;1
61737;1
68093;1
45661;1
48336;2
68090;1
64128;1
71433;1
48227;2
51816;1
45125;1
84404;1
63480;1
92708;1
51025;1
88684;1
51022;1
70234;1
51021;1
62854;2
40315;1
86426;1
62848;1
61319;1
64511;1
71942;1
64512;1
50354;2
78701;1
77256;1
76190;1
64910;1
61337;2
64911;2
45141;1
48315;1
31493;1
84425;1
54209;1
64905;1
76983;1
77251;1
84915;1
48304;2
52450;2
45174;1
52453;1
52459;2
70212;1
61380;1
71461;1
51469;1
75547;1
81150;1
76146;1
78288;1
77671;1
44580;1
51866;1
52469;1
88655;1
38571;1
37440;1
82273;1
64506;1
83398;1
75553;1
77666;1
71065;2
51475;1
76131;1
71445;1
50324;2
52471;1
38565;1
52478;1
52479;1
85075;1
71057;1
65237;1
62373;1
35249;1
34667;1
45187;1
64107;1
62822;1
78293;1
77297;1
57714;1
82667;2
82251;1
81125;1
77687;1
56660;1
71798;1
52148;1
58099;2
78258;1
36574;1
52562;1
74685;1
74158;2
52566;1
69938;1
78666;1
85536;1
79717;1
77084;1
79715;1
78266;6
52963;1
55364;2
58999;2
78261;1
77995;1
66306;1
52557;2
78655;1
82852;1
84998;2
57365;1
48902;1
48901;1
36119;2
88317;1
52164;1
62241;1
39708;1
78235;1
52543;1
52151;1
52944;1
62232;1
69010;1
80852;1
64494;1
53210;2
48507;2
70411;1
52105;1
76490;1
78219;2
87238;2
58468;4
47357;1
74642;1
91287;1
91286;1
43388;1
58463;1
76497;1
59104;2
36535;1
86175;1
78226;1
87223;1
52508;1
64439;1
40659;1
50958;1
74630;1
86582;1
57392;10
84957;1
58451;1
84955;2
86586;1
36548;1
53234;1
74634;1
73500;1
36550;1
79722;1
60495;2
80820;1
45911;1
40647;1
52120;1
86599;2
84158;1
35428;1
73530;1
73533;1
63327;2
80817;1
52119;1
40630;5
37613;1
82826;1
74145;1
63337;1
80800;1
47788;1
70869;1
60977;2
72092;1
74600;1
83874;1
73550;2
41755;1
39766;1
49208;1
35854;1
53673;2
61054;1
60967;1
53261;2
41750;1
75217;1
36183;1
58914;1
41742;1
60444;1
60442;1
46720;2
53664;3
47793;1
47792;1
53271;1
54731;1
55314;1
87683;1
76477;1
29876;1
58947;2
83897;1
43844;4
53693;1
61073;2
53280;3
79764;1
68907;1
58003;1
39796;1
87695;1
44973;1
39795;1
41725;1
48979;1
63766;1
37650;1
53294;1
60462;1
73590;2
43303;1
60930;1
61092;1
48925;1
52996;1
55816;2
86612;1
41799;2
32113;2
35897;1
66743;4
49252;1
81760;2
35881;1
89025;2
67876;2
59197;1
74597;1
69074;1
70843;1
52175;2
89022;1
41789;1
41396;1
49262;1
66351;1
52975;1
52970;2
41392;1
52972;1
66762;2
78676;1
78675;1
76449;1
69989;1
67893;1
43338;2
52988;1
55829;1
85516;1
36168;1
60425;1
60424;1
64090;1
55843;1
68958;1
72021;1
74553;2
56730;1
54390;1
34739;1
64885;1
71364;1
65917;1
83017;2
79463;1
72015;1
56338;1
44409;1
72017;1
65145;1
83409;1
56742;2
65551;1
65550;2
83004;1
56369;1
74575;1
48173;1
65137;1
65941;1
53604;1
77592;2
45097;1
56756;1
71389;1
72430;1
51792;1
79458;1
71385;1
30738;1
82357;2
77581;1
87601;1
71390;1
65534;1
51781;1
65197;1
82306;1
55882;1
54357;3
65964;1
83937;1
60079;1
65195;2
43864;2
65187;1
64063;3
48885;1
83048;2
60086;1
84557;1
84556;1
84555;1
53643;1
83961;1
67815;1
64862;1
32060;1
60095;2
54789;1
83031;2
79417;1
54782;1
61422;1
65173;1
65174;2
48493;1
54381;1
64047;2
54779;1
44949;2
87647;1
64856;1
61434;2
83970;1
45505;2
64857;1
61449;2
72499;1
70357;2
34272;1
72493;2
83485;1
77536;1
37511;1
67353;1
51949;1
76853;1
86537;1
36610;1
86535;2
86534;1
44483;1
51945;2
64022;1
75611;1
58546;1
90098;1
75618;1
76076;2
45029;1
44488;1
45930;1
51710;1
77109;1
36645;1
83460;2
75628;1
51303;1
76877;1
51306;1
75623;4
83461;2
76874;1
76066;1
44497;1
45014;3
57419;1
77926;1
48109;2
91701;1
46313;1
61479;1
84110;1
61473;1
50253;1
77507;1
42317;1
61861;1
67369;1
84524;1
77501;4
81224;1
38684;1
82778;2
38681;1
48408;1
71327;1
45070;1
51736;1
62933;1
33236;1
77578;1
76049;1
44434;1
76811;14
75646;1
77160;1
81250;2
57435;2
51987;1
29482;1
91324;1
63383;2
61493;1
70322;1
51722;1
65103;1
82377;2
45974;5
62268;1
58504;1
82370;1
57427;1
51336;1
91317;1
52579;1
71342;1
48425;3
56798;1
77556;2
44458;1
62274;2
44454;1
35396;2
47402;1
62960;1
62281;1
37177;1
41260;1
54100;1
55237;1
59205;1
84272;1
78965;2
43287;1
63200;2
52621;2
62568;1
79609;1
47015;3
50613;1
85207;1
40903;2
52247;2
66402;2
84284;1
78958;1
71688;1
52232;2
47006;1
33356;1
84280;1
56393;1
43911;1
36418;1
52643;4
43267;1
52647;1
67992;2
79628;1
56382;2
85229;1
79622;1
78579;1
40945;1
43277;1
85458;1
64798;1
67980;2
52215;1
40937;1
51287;1
50649;1
68783;1
68786;2
52661;1
52660;1
69835;2
60349;1
49113;3
46391;1
49114;1
46393;1
49112;1
51274;1
49508;1
46397;1
58128;1
69422;1
52283;1
85426;1
40566;1
45385;1
52659;1
55912;2
77894;1
78997;1
78994;1
30458;1
40551;1
51267;1
67964;2
71645;1
83182;3
66417;1
70521;1
45368;1
58141;1
46373;1
85808;1
62583;1
71673;2
70022;1
67193;1
66426;1
69807;1
82974;1
83588;1
40982;1
80196;1
60311;1
67557;1
46384;3
53386;1
85412;1
58139;2
71669;1
47987;2
47988;1
70975;1
80929;1
39872;2
39048;2
39875;1
60769;1
81432;1
73497;1
49708;1
39467;1
47981;6
56994;1
73897;1
66874;2
63680;1
54170;1
39860;1
60780;1
74257;1
68737;1
69869;1
47992;1
60755;1
35531;1
74249;1
53357;4
79022;1
81408;2
39447;1
60752;1
53771;1
53770;1
70944;1
70949;1
53773;2
53776;1
76774;1
47072;1
42134;1
40192;1
50689;1
47475;2
70059;1
39079;1
74907;1
74913;1
73466;1
53763;1
40195;1
52292;1
61196;1
61195;1
61198;2
63651;2
80967;1
44707;1
53707;2
70083;1
83536;1
54856;2
53715;2
54144;1
39837;1
70071;2
46823;2
79052;2
53703;4
83522;1
80139;1
89911;1
89912;1
54137;3
59257;1
79665;1
41283;1
79062;2
46833;1
78539;1
56942;1
61179;1
42177;1
36052;2
83510;1
41690;2
54129;2
54124;1
72821;1
82501;1
72808;1
82500;3
53307;1
39030;1
70093;1
56930;1
47971;1
63618;1
54114;1
73424;1
75318;1
72751;1
38339;1
47531;1
76721;1
64395;1
54490;1
92521;2
64394;1
39906;1
80212;2
81388;1
60815;2
80494;1
82441;1
43539;1
82442;1
49672;1
81393;1
81396;1
54897;1
75306;2
61554;1
80224;1
83610;1
54898;1
60811;2
75714;1
44748;3
44745;1
65046;1
48025;1
48020;2
65047;2
61520;1
44328;1
61521;1
81958;1
61522;1
44329;1
81959;1
65071;3
38316;1
51696;1
68280;1
51691;1
84693;1
44716;1
84691;1
81963;1
62139;1
72744;1
48009;1
49646;2
81376;1
71298;1
81377;1
73183;1
54482;2
76316;1
49640;2
82412;1
81970;1
81972;1
76310;1
55536;1
56000;2
41623;1
50543;1
51677;2
31505;1
54099;1
48055;1
65013;1
43578;7
37257;1
60862;1
71270;2
37243;1
51663;1
61513;1
55518;1
38388;1
55517;1
35064;1
39495;1
65424;1
37232;2
62695;1
57984;1
50526;1
50523;1
72387;1
91887;1
54072;1
48035;1
65806;2
82463;1
81331;1
60827;1
51641;1
65808;1
49609;1
41610;1
48041;1
43540;1
57990;1
50509;1
34375;1
83144;1
57575;2
77437;1
67924;1
75783;1
51223;1
51220;4
35038;1
77857;1
52694;2
77852;2
77025;1
69350;1
35927;1
57969;6
37205;1
85284;1
64748;1
83159;1
51232;3
76373;1
56448;3
51625;1
57973;1
57971;2
64320;3
91464;1
77033;1
75767;1
75766;1
57050;1
35011;1
83169;1
84220;1
34896;2
35949;1
70435;1
43983;1
77831;1
69323;1
69327;1
67917;2
54404;1
55173;1
77446;1
56420;1
71216;1
29369;1
57046;2
78907;1
78017;1
48518;1
83105;1
78909;2
90895;1
55583;1
57533;1
57929;1
64354;1
46447;1
55992;1
81952;1
57527;1
57528;1
85241;1
61989;1
83111;1
55591;1
65496;1
67241;1
65498;2
61592;2
78921;1
31271;1
36516;1
38307;1
77801;1
49160;2
45802;1
75724;1
61971;1
69376;1
84263;1
81932;1
84660;2
31259;1
77408;1
85489;1
78943;1
70485;1
61571;1
84252;1
47110;1
50705;1
86332;1
40002;1
53813;1
52768;1
78869;1
40007;1
79505;2
47119;1
49402;1
79508;2
52342;1
74873;2
66507;1
51164;3
41133;1
59354;2
49414;1
62418;1
40415;1
85111;1
45290;2
46086;1
40028;1
41144;1
52364;1
40011;1
52736;1
48709;1
55109;1
58737;1
51180;1
33861;2
74899;1
55102;2
58733;1
53010;2
85352;1
78441;1
52357;1
46483;1
62432;4
52354;2
50744;1
50746;2
52352;1
55138;1
59307;1
48715;1
78493;1
80082;2
91484;1
45248;3
58262;2
40047;1
41909;1
86816;1
46493;2
51134;1
51133;2
55123;1
46099;1
40034;1
52374;1
50769;1
36356;1
69713;1
80617;1
66550;1
80619;1
48730;1
34583;1
78885;1
70120;1
78031;1
70127;1
62487;1
78476;1
54508;1
80622;2
40845;3
52771;2
60215;2
69703;2
60217;2
80607;1
54901;1
50788;3
52397;1
86848;1
78044;2
40430;1
70114;1
51142;1
80642;1
39973;1
46914;1
74360;2
60633;1
50795;1
44158;1
80048;1
47193;3
79149;1
40897;1
83671;3
66576;1
73359;1
53894;2
49801;1
67622;1
49802;1
63540;1
47590;1
75491;2
50039;1
56028;4
53464;3
73753;1
53465;2
47187;1
54922;1
60237;1
54038;5
90319;1
44177;1
81554;1
42035;1
49829;1
83696;1
58283;1
67647;1
68620;1
40877;1
49826;1
39996;1
60269;1
54930;2
80065;1
53094;1
74372;3
54050;1
53486;1
73779;2
39594;1
44188;1
79135;1
74811;1
54054;1
67650;1
74812;1
65777;2
86897;1
46954;1
49446;1
56822;1
46025;1
56058;1
86890;2
65770;2
88962;1
61295;1
88172;1
47549;2
73316;1
72700;1
74844;2
42054;1
31694;1
63509;2
76692;1
59787;1
46016;1
46015;1
39157;1
80672;1
56815;1
74396;1
69767;1
52710;2
46012;1
52714;1
41971;3
56846;1
41189;1
39124;1
47561;1
41185;1
82628;1
54022;1
53047;1
54974;1
54028;1
54026;1
39959;1
49464;1
79930;1
81513;1
46042;4
79167;1
89615;1
47168;1
53444;1
79534;1
56837;1
53446;2
47578;1
67610;1
54987;1
46030;1
67615;2
65345;2
81487;1
81486;1
44203;1
75410;1
38054;1
75412;1
61641;2
41529;1
75414;1
75417;1
51577;1
75418;1
71168;1
47637;1
72222;1
61240;1
72220;1
76204;1
59866;1
76206;1
76209;1
65355;1
68153;1
47621;5
71179;1
62019;1
43621;1
72210;1
82537;1
83215;2
83708;1
65738;1
71182;1
83724;1
75013;1
84796;1
75012;1
59840;1
66048;1
59844;1
55661;1
59846;1
51582;1
83736;1
75828;1
83734;1
88074;1
81867;1
81872;1
66926;1
83729;1
59853;1
44627;1
74305;1
49737;1
38479;1
66929;1
72653;1
65301;1
62065;1
63199;2
61202;1
44635;3
56100;1
59825;2
43679;1
38476;1
66938;1
61615;1
44238;1
61215;1
74329;1
50006;1
37347;1
38487;1
82574;1
76234;1
63598;1
79492;1
51556;1
41506;1
50426;1
79494;1
60745;1
79210;1
56122;1
76223;2
44650;2
35198;1
77354;3
79209;1
79201;1
71151;1
79200;1
44255;2
87036;1
56117;1
81063;1
76212;1
45799;2
61230;1
50021;2
57184;1
56119;4
42585;1
54515;2
77331;1
63150;1
54512;1
70558;1
84349;1
48643;1
75890;1
76276;1
44684;3
55051;1
49098;2
49093;1
54521;1
64601;1
70566;1
50435;1
64612;3
45352;4
84329;2
76260;1
50467;1
46520;2
77736;2
62711;2
33011;1
55073;1
83271;1
56567;1
84311;1
77726;1
43074;1
83244;1
83243;1
42547;1
57636;1
42541;4
49041;1
40900;1
62737;1
46549;1
64256;1
65389;1
50482;1
88566;1
58304;1
55095;1
75069;1
78829;1
46536;1
78823;2
45707;1
42569;1
84751;1
85395;1
56599;1
35114;1
84361;1
46564;1
63134;1
54588;1
57642;2
84766;1
31154;1
29220;2
86315;1
81828;1
88577;1
64244;1
50495;1
50809;1
55222;1
