50892;2
62360;1
52041;2
36237;1
70305;3
63919;1
28834;1
59491;1
78352;2
73610;1
69124;1
52806;2
73616;1
63409;1
71881;2
37087;1
75585;3
90623;1
34210;1
40799;1
59486;1
84894;1
78360;1
66203;1
58898;1
68530;1
68537;1
52029;1
69144;3
33020;1
62342;1
52028;1
55492;1
36692;1
69140;1
37079;1
50874;1
69648;1
75160;1
63005;1
82745;1
82744;1
86495;1
30200;1
33978;1
58884;1
58885;1
68525;1
58887;1
75976;1
90269;1
79839;1
57230;1
40394;1
58374;1
58879;1
84870;1
47257;1
52000;1
69625;1
53906;2
53907;1
49302;1
69624;1
63858;1
63024;2
68583;1
73653;1
84860;2
84036;1
84030;1
61817;1
86471;1
50865;1
63848;3
64576;1
63972;1
63970;1
79853;2
63030;1
68571;1
53137;1
74778;2
73642;1
74028;1
63457;1
59902;1
78714;1
84854;2
86485;1
53139;2
63453;1
40788;1
53929;2
62300;1
85680;1
41002;1
79866;1
63043;1
63427;2
74768;1
84055;2
40362;1
50396;1
39615;1
50840;1
46647;1
63825;2
63822;1
52800;1
63057;2
78344;1
52804;1
32478;1
53110;1
45231;1
63438;1
53118;1
74001;1
40352;1
84836;1
55449;1
86467;1
81631;1
49345;1
73690;2
60183;1
41061;2
67720;1
83772;3
80384;1
43403;1
55436;1
80382;1
41478;1
59000;2
66274;2
86796;1
43011;1
87178;1
53579;1
48863;1
54624;2
48850;1
53941;4
54627;1
67738;1
44851;1
83760;1
37778;1
60178;1
59943;1
59017;1
43415;2
59016;1
44859;1
66287;1
79898;1
60580;2
60584;1
81615;1
60586;1
48852;1
67705;2
83752;1
55419;2
44843;2
47270;2
32448;1
55412;1
73678;1
74723;1
41044;1
47660;1
63089;1
59021;1
81608;1
30281;1
43705;1
53555;3
44072;2
56179;1
55003;1
56184;1
40727;2
47261;2
56181;1
74715;1
53153;1
41053;1
48839;1
60562;1
87143;1
70761;1
53151;3
44087;2
55018;2
60566;3
69169;2
75953;2
59994;1
66231;1
60533;1
59456;1
59457;1
39286;1
59042;2
59441;1
52071;1
44897;1
75159;4
92440;3
85632;1
48810;1
52076;1
72973;4
42625;1
70705;1
80759;9
44889;1
49922;2
75123;1
87587;1
35771;2
52061;1
35772;1
86736;1
81647;1
46177;2
41088;1
43035;1
41085;1
66626;1
53183;1
41091;1
49932;2
65627;1
44873;2
44041;1
59466;1
52057;1
43021;1
43027;1
59079;2
80750;1
44533;2
76100;1
68856;1
72169;1
82243;1
68026;1
81193;1
44536;2
64194;1
91657;1
72558;2
44544;1
72151;1
65242;1
84480;1
37489;1
85085;2
32982;1
82232;1
56237;1
81187;1
81180;1
44549;1
30611;1
51096;2
54697;1
67012;2
67014;1
57774;2
38113;2
68836;1
81172;1
56224;3
38522;1
60602;1
84492;1
82221;1
65660;2
49859;3
72538;1
71486;1
51898;1
59893;1
65266;1
48393;1
48286;1
74448;1
76900;1
42663;2
42665;1
42664;1
89722;1
81579;1
42660;1
65261;1
38500;1
55787;2
48778;1
74413;1
72508;1
84436;1
53526;1
48382;2
84435;1
30663;1
48383;4
84434;1
68818;1
61306;3
61307;1
70294;1
44812;1
68066;1
65683;1
64159;1
45631;1
74428;2
43769;1
55797;3
55793;4
47761;1
44502;1
48370;2
48375;1
88198;1
44827;1
61316;2
39204;1
48780;2
54260;1
56608;1
80462;1
64168;1
70680;3
70681;1
64171;1
60191;1
53505;1
39232;1
84458;3
84457;1
70684;1
48233;1
48238;1
64967;1
54646;1
68036;1
71910;3
30633;1
39221;1
64949;1
70675;1
71908;8
77211;1
83833;1
64185;1
50938;2
77224;1
67491;1
51007;2
52497;1
84002;1
48212;1
77634;1
54218;1
54219;7
75506;1
61753;1
64538;2
75501;1
76999;1
77236;1
50929;1
68094;1
68093;1
68091;1
48229;1
48336;3
51824;1
58407;1
76177;2
81103;1
84404;3
67488;1
61743;1
88684;1
51022;2
70237;2
35219;1
63474;2
82690;1
68478;1
48327;1
51812;1
40315;1
64921;1
51809;1
85035;1
71942;1
61735;1
64512;2
61736;1
50354;1
78701;1
50350;1
51802;3
35202;1
64911;1
68480;1
54208;1
54209;1
71006;1
84420;1
71953;1
84914;3
84915;1
77251;1
83371;1
57721;1
52450;3
48302;1
91234;1
61382;2
51046;1
71961;1
76954;1
67456;1
76955;1
62396;1
35273;1
76143;1
37044;1
61790;1
40303;1
51869;1
50338;1
57739;1
51058;2
37440;1
82273;1
85041;1
77273;1
64507;2
83397;1
51470;1
71060;1
77666;1
72579;1
45193;1
50322;1
58796;1
50323;1
50324;1
52478;3
69576;2
65239;1
81131;1
42222;1
76167;1
44557;2
61770;1
65231;1
45187;2
52483;1
57714;2
46594;1
85069;1
45680;1
51457;1
45189;1
65226;1
77687;1
56660;1
58097;1
52148;1
58099;1
78258;1
51375;2
85521;1
71790;1
52561;3
85930;1
88714;1
68401;2
52562;1
77986;1
52568;1
74158;1
69938;1
43346;1
78667;1
78666;1
45492;1
77081;2
78266;1
52966;1
85530;1
71782;1
55364;2
78262;1
84992;1
88725;1
52553;1
84997;1
66306;1
77995;1
82856;1
90904;1
78654;1
77992;1
84998;1
36119;1
52164;1
77076;1
62241;1
78238;1
80865;1
69005;1
70426;1
71765;2
52155;1
57379;1
52158;1
34331;2
52151;2
47329;1
64497;1
88745;1
69016;1
55387;1
53210;2
82872;1
77068;1
48507;4
46782;1
53215;1
40296;1
74696;1
45104;1
45107;1
87237;1
73507;1
63715;1
58468;1
60477;1
52102;1
41706;2
74640;1
43388;1
76497;1
36531;1
46215;1
59104;3
36535;1
45118;1
44396;1
84181;2
50961;1
52508;2
39732;2
39734;1
47346;1
74125;1
50958;1
67270;1
57392;6
78610;2
58451;1
59116;1
74633;1
53234;1
74634;1
40640;1
52125;2
47377;1
74138;1
87251;2
58986;1
73533;2
74666;1
84982;1
78605;1
40630;3
86196;1
63726;2
74651;1
81700;1
74145;1
47365;1
67290;1
63337;1
63335;1
80800;1
85987;1
40257;1
58049;1
58048;1
37621;1
44969;1
60977;1
37622;1
83086;1
60971;1
60049;1
76457;1
73550;3
76453;1
60429;1
41755;1
43828;2
53673;1
35858;1
53261;2
60967;1
41324;1
37638;1
83860;1
36183;2
46721;2
60444;1
46720;1
53664;2
73577;2
37643;1
37644;1
55314;1
65081;1
81756;1
58947;1
53695;1
43844;3
60458;1
88398;1
60947;1
69089;1
65095;1
67854;1
73569;2
32534;1
65090;1
39796;1
44973;1
41727;1
63766;4
49236;1
66793;1
46702;1
60957;1
86152;1
60462;1
65098;1
73970;1
69099;2
81778;1
74199;1
60930;1
67860;2
55816;1
55818;1
41795;1
46293;1
86610;1
60925;1
86612;1
49248;1
41799;3
52184;1
73988;1
32113;1
32112;1
66743;1
35897;1
59182;3
79398;1
73584;1
81760;1
73580;1
41368;1
59197;1
86621;1
63780;1
52175;2
79390;1
56269;1
89022;1
48191;1
81759;1
78689;2
42762;2
67882;1
60908;1
52970;2
41392;1
59579;1
78679;1
54702;1
75274;1
76446;1
67898;1
73016;1
86640;1
60425;1
75270;1
56342;1
72953;1
64090;2
55843;1
74553;2
72416;2
71369;1
71368;1
64885;1
72018;1
79462;1
56338;2
44409;1
82339;1
56741;1
56742;3
83009;1
65554;1
71372;1
65551;1
83006;1
71370;1
83004;1
56369;1
72933;1
56367;2
68970;2
49993;1
66718;1
65941;1
53604;1
38259;1
77592;3
45097;1
71389;1
65528;1
56361;2
71381;1
51792;2
71383;1
79458;1
72928;1
79457;3
76802;1
79441;1
48183;3
77583;1
51787;1
57898;1
87601;2
56350;1
65534;1
79447;1
64893;1
65961;1
83447;1
53627;2
53625;1
48113;1
30766;1
64050;1
54357;3
48114;2
65190;1
43864;1
86691;1
64063;7
73060;1
43865;2
34706;1
54758;5
83048;1
60087;1
60894;2
44926;1
65178;1
48897;1
53640;1
64862;1
64036;1
87654;1
54786;1
39337;1
60882;1
60884;1
48493;1
84568;1
83432;1
84569;1
64047;1
80343;1
87647;2
60873;1
61434;1
64857;1
50249;1
61443;2
46303;1
37105;1
45033;1
86544;1
71822;1
83485;1
69499;1
77536;1
62295;3
62969;1
76088;1
86535;1
40204;1
64022;1
70365;1
58546;1
71830;2
44487;1
45029;1
74105;1
64825;1
77932;1
61463;3
61461;1
77102;1
40210;2
91315;1
83460;1
51303;1
90089;1
75623;6
83461;2
84511;1
76874;1
77926;1
48109;2
64815;2
61479;1
84110;3
61473;1
51920;1
40221;1
71809;1
77507;1
61861;2
45009;1
75635;2
77501;7
81225;1
70315;1
82772;1
88766;2
68990;1
45070;1
51736;1
56772;2
61488;1
62933;1
34774;1
71322;2
77575;1
42346;1
51320;1
45964;1
76811;9
91326;1
61492;1
71330;1
61493;2
77940;1
70322;1
61499;1
77943;1
56784;3
34789;1
82377;1
62937;1
45974;3
76036;1
57426;1
65106;1
77974;1
71341;1
71342;1
82794;1
48425;1
78164;1
86527;1
56796;1
71348;1
77556;2
44458;1
75662;1
81275;1
62960;1
47808;1
38692;1
46690;1
71351;2
62281;1
51743;1
47802;1
86518;1
57851;1
33242;1
34766;1
51960;1
50217;1
76014;1
91753;1
47414;1
57444;2
58622;1
78965;1
55949;2
82958;1
47015;2
79605;1
62563;1
40903;1
52247;4
87374;1
46366;1
55222;1
84284;3
52616;1
34412;1
79098;1
47006;1
33356;1
52231;1
79614;1
56396;1
84296;1
43914;1
52643;1
80992;1
67992;1
41241;1
56382;5
85229;1
79622;1
78579;3
47926;1
86229;1
78979;1
40941;1
36426;1
78972;1
86222;1
64798;1
41259;1
67980;1
67594;1
51287;2
50649;1
51270;1
68786;1
40954;1
40952;1
69835;2
48612;1
46391;2
49113;2
58125;1
42126;1
57491;1
55912;1
78997;1
78994;1
52657;1
40174;1
30455;1
70938;1
68774;1
48626;1
67576;1
60336;1
87323;1
51267;1
69433;1
67964;2
52278;1
55909;1
83182;3
58115;1
85435;1
82988;1
64301;1
70902;1
83591;1
83979;1
52684;1
67546;1
62584;1
36452;1
71673;1
66426;1
69808;1
40154;1
58131;1
86266;1
60311;2
46384;5
62575;1
46382;1
70507;1
83992;4
58139;1
71669;1
68332;1
60777;1
88826;1
86996;1
66470;1
86995;1
90439;1
39872;1
39873;1
50181;1
83574;2
73499;1
42888;1
43201;1
47094;1
54813;1
47096;1
68330;2
73496;1
47981;2
56994;1
53365;1
32609;1
81419;2
48091;1
80531;1
60780;1
66877;1
74257;1
74930;1
74936;1
70979;1
54820;1
54823;2
81423;2
58151;1
53353;1
60757;1
53357;3
81408;1
66866;1
47462;1
50673;1
89919;1
50672;1
73104;2
74924;1
80518;1
80517;1
53773;1
60362;1
73473;1
76773;1
47079;1
76774;1
67505;1
75362;1
80915;1
60766;2
60763;1
70052;1
47475;2
38394;1
32631;1
66469;2
53763;1
79036;1
58174;1
54806;1
42143;1
76781;1
81400;1
42147;1
89146;2
61198;1
79642;1
62520;2
63651;2
72836;5
80587;1
53707;1
70083;1
59656;1
80145;1
53715;1
62112;1
73458;3
82506;2
88030;1
54146;1
39837;1
74297;1
61188;3
88048;1
80981;1
80139;1
74970;1
90477;1
32653;1
54137;1
79665;5
70994;2
60792;1
72815;1
41283;1
39026;1
65894;1
46833;1
47965;1
56942;1
78539;1
61179;1
83510;1
52601;3
54836;1
41697;1
54129;1
37986;1
61170;4
74969;1
54123;1
69896;3
80558;1
41280;2
59273;1
82500;1
59275;1
72809;1
66066;1
78549;1
79076;1
79079;1
39809;1
73826;1
63618;1
54118;1
39807;1
74958;2
39803;1
73424;2
47535;1
61545;1
64395;1
54490;1
92521;1
39906;4
59720;2
82441;1
72367;1
76308;1
43539;2
38746;1
80497;1
49672;3
81393;1
54897;1
54890;1
75306;1
61554;1
54893;1
48026;1
80224;1
81398;1
54898;1
62151;1
73917;1
84681;1
75714;1
44748;1
66800;1
48020;1
65047;1
44328;2
61520;1
61521;2
62657;1
68287;1
71282;1
51691;1
76328;1
61126;1
84693;1
44716;1
72344;1
80470;1
80476;1
44711;1
48599;1
87745;2
71298;1
35490;1
44725;1
65853;2
48597;1
55536;3
61528;1
48591;1
56000;1
72791;1
65402;2
51674;1
65013;1
43578;5
76340;1
57072;1
61106;1
73164;2
87720;2
65410;1
56406;1
61513;1
76755;1
44787;1
41629;1
48067;1
44785;1
49620;2
37248;1
39494;1
62185;1
42894;1
39495;1
65424;1
62694;1
54078;1
50526;1
35986;1
35983;1
38357;1
57986;1
72387;2
45883;1
45881;2
35050;1
66813;1
65806;1
50113;1
60827;2
81331;1
51641;1
81334;1
65809;2
68232;3
41614;1
54089;2
50516;1
41610;1
76350;1
57998;1
57085;1
91891;1
82452;1
45472;1
57575;1
75782;1
51223;1
51221;1
52693;1
52694;1
34875;1
35924;1
69350;1
35927;1
78007;1
57969;3
37205;1
51236;1
54421;1
64748;1
75796;1
56440;1
51231;1
84605;1
84604;1
55190;1
51232;3
56448;1
51625;2
64320;2
51202;2
58558;1
48527;1
43984;1
56416;1
57949;1
82490;1
69323;1
77052;1
54404;4
77446;2
56420;2
71216;2
78907;1
58568;1
56421;2
50558;2
77820;1
78909;1
48583;1
54455;1
65482;1
85257;1
91431;1
45437;1
57929;2
64355;1
57926;1
63253;1
78911;1
55992;2
46445;1
91069;1
49197;1
61982;1
61983;1
83111;1
78921;2
56489;1
36511;1
81946;2
84654;1
75720;1
77413;1
49160;1
64759;1
64758;2
45802;1
77416;1
75721;2
72306;1
64373;2
90867;2
36502;1
84260;1
49177;1
48550;1
48553;1
69367;1
54442;2
45816;1
71709;1
69361;1
45403;1
62620;1
70484;1
84253;1
55961;1
84252;1
57910;1
77784;1
40002;1
67020;1
49400;2
52768;1
78864;1
79503;1
79505;3
49402;2
49401;1
79508;2
46992;1
74871;1
74873;1
58211;1
82160;1
51160;2
52752;1
78463;1
51164;3
85337;1
45296;1
62418;2
67039;1
47104;1
52747;1
36317;1
55111;2
85343;1
59320;1
46470;1
70618;1
78070;2
40400;1
55107;1
40012;1
70612;1
66527;1
58737;1
48702;1
33861;1
82142;2
42911;1
53010;1
49029;1
58730;1
49023;1
49020;1
42907;1
64692;1
50744;3
50746;1
41920;1
78490;1
48715;3
78493;2
58769;1
80082;1
78059;1
45249;1
40047;1
80089;1
40045;1
57589;2
62467;2
84805;1
55123;2
46099;1
78897;1
80079;2
52373;1
52374;1
50769;1
67671;1
87424;1
36341;1
80613;1
78472;1
52784;1
52782;1
78888;1
51159;1
70127;1
84802;3
62487;1
40827;2
52771;1
48747;1
58777;1
82188;1
60217;3
80607;1
54901;1
60210;2
52397;1
50788;1
52398;1
41115;1
62476;1
47582;1
54040;3
46914;3
74360;1
53474;1
63558;1
67627;1
79147;2
80048;2
47199;1
56010;1
60626;2
47193;1
49487;1
68601;1
72290;1
53894;1
49801;1
73356;1
49802;1
73751;1
47593;1
53071;1
53072;1
47590;2
86866;2
50039;1
73753;1
53464;1
70175;1
66973;1
47187;1
53076;1
54038;1
49490;1
49812;3
67633;1
88111;1
74388;1
73760;1
80665;1
70164;1
56036;1
68211;1
70165;1
58285;1
81551;1
81558;1
39585;1
69752;1
49826;2
49823;1
54930;2
80065;1
74823;1
74371;1
38906;1
35667;1
39170;1
80056;1
79963;1
39594;1
69749;4
54944;1
60254;1
83686;1
73251;1
54054;1
39989;1
74812;1
80681;1
46954;3
65779;1
56822;1
56056;1
53433;1
53432;2
46025;2
56827;1
65770;1
74839;2
39141;1
61295;1
46956;1
82607;1
74844;3
42054;1
52725;3
38026;1
63509;3
47151;1
63507;1
59786;1
46015;1
80677;2
41981;1
79556;1
56815;1
41566;1
47558;1
69766;1
53033;1
89229;1
80668;1
52710;1
62401;2
79166;1
63539;1
60699;1
59777;1
41970;1
41185;2
72724;3
58700;1
54022;1
58701;2
54974;1
54028;1
41599;1
54026;2
83658;1
79930;1
58706;1
46045;1
47168;1
53444;1
70193;1
59763;1
73736;2
83638;1
56837;1
72705;1
54012;2
41194;1
72710;1
47163;1
75473;1
63519;1
67615;1
42087;1
83641;1
49470;1
65346;1
83703;1
81486;1
59861;1
61641;3
62776;1
47631;1
47633;1
75417;1
71167;1
37950;1
47635;2
51579;3
49776;1
61648;1
79901;1
49774;1
72222;2
39110;1
61240;1
80595;2
75038;1
76208;1
75039;1
66028;1
92022;1
43637;1
62010;2
68153;1
81080;1
47621;11
88091;1
43620;1
44600;1
72218;1
81084;2
38966;1
44225;1
65322;1
83723;1
77395;1
47658;2
77394;1
81859;2
61265;1
43650;1
60700;1
75018;3
91509;1
66048;2
71192;1
83734;1
75828;1
41553;1
51587;1
88070;1
66928;1
49784;1
92628;1
72234;1
59853;1
61278;1
74305;9
72658;2
71128;1
51537;2
50403;1
34970;1
72655;1
76628;1
65301;1
68122;1
37351;1
63199;3
44635;3
56103;1
43679;1
56108;1
38475;1
77377;1
77378;1
51529;1
81886;1
61615;4
71131;1
62052;1
60703;2
44238;1
73262;1
36865;1
61215;2
30952;1
61605;1
81047;2
61606;1
76234;2
81897;1
71149;1
72280;1
50426;4
87021;1
56121;3
44264;1
62085;1
62080;1
44262;1
59802;1
68146;1
61222;2
76223;2
44650;1
76221;1
43696;1
77354;2
45783;1
74902;2
51546;1
50414;1
49748;1
34962;1
76631;1
79200;1
87037;1
72684;1
82594;1
56118;3
50026;2
45799;2
61230;1
81068;1
74340;1
57184;1
56119;1
54515;1
76289;1
44676;1
71624;1
30922;1
54512;3
84349;1
50448;1
84728;1
46504;1
48643;1
84748;1
77323;1
58680;1
69201;1
49093;1
92097;1
64604;5
70566;1
70569;2
62098;1
62099;2
70565;2
63145;1
55055;1
84710;1
40479;1
45352;2
63172;1
71603;1
87408;1
84329;1
84707;1
88549;1
46520;2
77736;1
62711;2
31198;1
55070;1
45751;1
81023;1
37325;1
77306;1
83276;1
64626;2
46519;1
71609;1
46516;3
71111;2
35147;1
70583;2
69257;1
64636;1
64630;1
49041;1
86306;2
46549;1
50482;1
65384;1
83253;1
75854;1
49052;1
55095;1
81807;1
45707;1
33399;1
57653;1
50822;1
42563;1
84361;1
35115;1
46564;1
88589;1
63136;1
43098;1
63132;1
67124;3
85128;2
84766;1
75048;1
48691;1
50498;1
76291;1
46555;1
69263;1
69264;1
84356;1
50496;1
78356;2
75596;2
52045;1
63924;1
59499;1
63920;1
52041;1
50895;2
36237;1
63919;1
70305;6
36230;1
63918;1
59491;2
73610;1
69124;1
71881;1
46166;1
63933;1
77184;1
71884;1
40799;1
58353;2
90632;1
78360;1
68532;1
68537;1
78757;1
75989;1
37074;1
55493;1
69144;1
80722;1
50874;1
36214;1
75160;1
50878;1
63005;2
46674;1
28858;1
82745;1
84887;1
30200;2
78786;1
75976;1
52441;1
69151;1
75172;2
57234;1
78770;1
79839;2
43479;1
84878;1
58374;1
80703;2
84870;1
71092;1
63852;1
47257;1
69625;2
53906;2
40763;1
87133;1
45203;3
78310;1
73653;1
53123;5
84860;4
33995;1
32469;1
74781;1
61817;1
63441;1
86471;1
61819;1
63979;2
78329;1
63846;1
41036;1
45212;1
79853;1
79851;1
58857;1
53137;1
74778;3
73642;1
53134;1
55467;1
84858;1
74020;1
74025;1
84854;2
46630;1
63047;1
41002;1
84057;1
50827;1
47232;2
53932;1
50396;2
53109;1
64558;1
63825;1
77611;1
63057;1
45231;1
63438;1
58832;1
50836;2
53118;1
74001;1
84834;2
49345;1
74741;1
87172;1
83772;2
80384;1
55436;3
75907;2
43721;1
66274;1
86796;2
43011;1
48867;2
56199;1
53573;1
43723;1
59412;1
55029;1
54624;1
53941;1
81624;1
49917;1
75117;1
59017;2
43415;1
59016;1
86035;3
79898;1
60584;1
48852;1
58805;1
67705;1
81613;1
44843;1
36292;1
67708;1
55412;4
80361;1
73678;1
63870;1
59021;1
41048;1
59433;1
49326;1
53555;1
59437;2
44072;1
59439;1
55003;1
76588;2
80358;1
55407;1
56181;1
49331;1
74716;2
44834;1
74710;1
41053;1
48839;2
60562;1
41055;2
55018;1
55016;1
40736;1
30689;1
60566;2
66236;3
69169;1
67767;1
43052;1
66231;1
75142;1
75143;1
49382;1
75145;1
59458;1
32942;1
70733;1
59043;1
59042;2
75942;1
43042;1
56160;3
52073;1
44897;2
75159;5
72976;1
92440;1
72973;1
74492;1
48819;1
69176;1
31778;1
41084;1
80759;1
49922;1
36250;2
44887;1
44880;1
35771;1
59065;1
41085;1
43035;1
66626;1
53183;2
48809;1
72178;1
66223;1
49930;1
75923;1
49931;1
66225;3
85607;1
49375;1
59466;1
52888;1
44533;1
74454;1
44534;1
82241;1
72169;1
68026;1
76911;1
64194;1
31037;2
67004;1
47733;3
91657;1
44545;2
65242;1
84480;1
85085;2
82232;1
30611;1
51092;1
38532;1
76917;1
56648;1
54697;2
54696;1
76514;1
31754;1
49851;2
38528;1
48796;2
84492;1
65660;1
56618;1
59884;1
71486;2
47713;1
42255;1
43787;1
82211;1
65266;1
43780;1
74448;1
81579;2
34625;1
65261;1
55787;1
48778;3
84432;1
82205;1
84436;2
53526;1
48382;2
48383;2
48384;1
47771;1
48259;2
45631;1
64158;4
83849;1
74428;2
55793;3
48370;1
88198;1
48375;1
41436;1
72522;1
61316;4
80462;1
64970;1
80463;1
48782;1
70680;1
70681;1
83816;1
70687;1
53505;3
83328;2
48233;1
66188;1
41400;1
54646;1
77200;1
60196;1
83331;1
30633;1
64184;1
83828;2
84460;2
59510;2
39220;1
53517;1
53518;2
42296;1
68809;1
39229;1
47743;1
77217;1
71908;4
64185;3
71901;1
80446;1
77224;2
45678;1
84009;1
64940;1
71422;1
51007;1
76185;1
35236;1
46207;1
84002;1
77634;1
48212;1
85016;1
68496;1
42201;1
54219;1
75506;1
61753;1
64128;1
71435;1
51824;1
48227;1
48223;1
76177;1
85009;2
77230;1
50365;1
51022;2
50918;1
70234;1
64509;1
64132;1
48327;2
62854;1
40315;1
62855;2
84021;2
50368;1
71012;1
85039;1
84413;1
61730;1
64512;1
50354;2
64147;2
78701;1
84922;1
68071;1
78707;1
64911;1
45141;1
48315;1
64520;1
71408;1
77644;1
76986;1
84914;1
84915;1
77251;1
62830;1
62832;1
50341;1
69590;1
61380;1
76954;1
75547;1
71964;1
34137;1
78288;1
62396;1
62846;1
45162;1
45163;1
40304;1
51866;1
52469;1
77276;1
83397;1
64506;2
71060;1
75554;1
56682;1
71065;1
81147;1
75551;1
72579;1
52478;1
71979;1
52479;2
68872;2
77285;1
71980;1
42224;1
81138;1
44557;1
61771;1
34119;1
71458;1
64107;1
45187;1
62822;1
77297;1
57714;5
51073;1
45688;3
76942;1
71049;1
68887;1
77685;1
77687;2
56660;4
69526;2
47315;1
51378;1
75698;1
52148;1
78254;1
58099;2
64486;1
71790;2
78258;1
80835;1
52562;2
77988;1
29128;1
52567;1
30320;1
78666;2
51360;2
75685;2
78266;4
55364;3
84992;1
52553;1
88725;1
84997;1
82854;2
77995;1
82856;1
52557;1
77990;3
77992;1
84998;2
57366;1
88317;2
40688;1
33665;1
87216;1
52926;1
57379;2
52151;1
77062;1
58477;1
47329;2
64498;2
64497;2
64495;1
80852;1
64494;1
52531;1
55387;1
82870;1
82871;1
48507;1
61907;2
79742;1
46210;1
87237;1
63713;1
78219;1
58468;2
47357;1
52102;1
91287;1
52524;1
74114;1
86574;1
52527;1
76497;1
46218;3
59104;1
36535;1
45118;1
60483;1
87220;1
29414;1
50961;1
52508;1
67279;1
50962;1
39732;1
39734;1
74125;2
67271;1
67270;1
57392;5
58452;1
84957;1
84954;3
67272;1
84955;3
59116;1
36543;2
73500;1
73529;1
89486;1
79722;1
85586;1
69507;1
63732;1
45911;1
50976;1
40647;1
52120;2
86596;2
63327;1
52119;1
40630;2
79731;1
39754;1
35823;1
47369;1
82826;1
63726;3
67297;1
74651;1
74145;1
67290;1
58978;2
80801;1
68453;1
58048;1
60977;2
70869;1
37622;1
83086;1
72092;1
74600;2
60049;1
74602;1
76456;1
83874;1
49200;1
83876;1
81730;1
36176;1
41755;1
73943;1
47399;1
30797;1
43828;3
61054;1
35858;1
53261;2
41750;1
30791;1
87678;1
36183;1
58914;1
47383;1
60444;1
60445;2
63743;1
46720;2
53664;1
47793;1
53668;1
53271;1
83890;1
83891;2
83892;1
76473;1
49224;1
36196;1
29876;1
58947;1
43844;7
69080;1
53693;2
53280;3
68907;2
58007;1
65095;1
86151;1
53296;1
67851;1
39792;1
32537;1
39796;1
39795;1
83070;1
86158;1
53294;1
69099;1
74199;1
69979;1
73590;1
60930;1
61092;1
90583;1
89425;1
55816;3
70831;1
86610;1
41799;1
32113;1
52189;2
59182;2
76422;1
73584;1
80277;1
66342;1
69965;1
73589;3
59197;1
60937;1
86621;1
70843;1
63780;3
73999;1
52175;5
41789;1
89022;1
81759;1
42762;1
36152;1
81799;1
72070;1
67882;1
86631;1
69990;1
52975;1
66762;3
42752;1
54702;1
75278;2
67898;1
73015;3
69989;1
67893;1
69986;1
69052;1
48938;1
32100;1
60425;1
72953;1
81295;1
65158;1
48154;2
74553;1
83018;1
64885;2
79479;2
72018;1
81281;1
72015;1
56338;6
72017;1
44409;1
83002;1
56742;3
64878;1
49289;1
83910;1
65551;1
65550;1
83004;2
83915;1
72933;1
68971;1
68970;1
82369;1
74575;2
49993;1
66718;1
65941;2
45097;1
71389;1
47851;1
65528;2
56361;1
51792;3
79457;2
79441;1
56760;1
79447;1
72441;1
51781;1
65198;1
84577;1
48113;1
83935;1
54357;2
83937;2
79436;1
70398;1
79434;1
48114;1
65195;1
48116;1
48489;1
39340;1
64063;2
73060;1
43865;1
74529;2
54758;1
89885;1
65593;1
54360;1
83048;1
44926;2
74531;1
82325;1
43891;1
47890;1
82328;1
48897;1
68931;1
65988;1
80329;1
60881;1
48892;1
64862;1
54789;6
79417;1
83031;2
65173;1
65174;1
84568;1
48498;1
74549;1
84560;1
56312;1
65571;1
83971;2
64047;1
64852;1
87647;1
61439;1
64856;3
64857;2
45505;1
72405;1
61449;1
45033;1
61448;3
50240;1
77536;1
62296;1
36610;2
86535;1
64022;2
70365;1
61450;1
58546;1
75614;1
54329;2
77520;1
44487;1
45029;1
76863;1
45930;1
51710;1
64821;1
61464;3
63376;1
91315;1
76877;1
51306;1
75623;7
31383;1
45014;1
51709;1
29463;1
50257;1
86557;1
64815;2
78195;1
84110;1
70387;1
71809;1
77507;2
54344;1
51315;1
45009;1
77501;4
71320;1
82778;1
88766;1
45579;1
48408;2
51736;1
71325;1
34775;1
33236;2
81256;1
42346;1
76811;12
69456;1
67313;1
75646;1
71863;1
57435;2
61491;1
82785;1
61492;1
61493;2
51984;1
70322;1
51724;1
56784;1
77947;1
77949;1
82782;1
62937;1
45974;3
62268;1
58504;1
69443;1
52579;2
77974;2
71342;1
56798;1
86527;1
71347;1
71348;2
44458;1
62274;1
46691;1
72487;1
57851;2
71359;2
50217;1
78156;1
77543;1
76014;1
37179;1
91753;1
57444;1
55233;1
36436;1
54103;1
73416;1
63607;2
78965;1
82014;1
63200;1
55949;1
52621;1
50614;1
47015;2
79084;1
78556;1
62563;1
52247;2
46366;1
63215;1
84284;1
55954;1
40507;1
50617;1
79098;1
49558;1
47915;1
56393;1
85470;1
49143;1
56396;1
46335;1
52643;3
58607;2
52647;1
80992;2
67992;1
62549;1
46877;1
47920;1
56382;2
85228;1
79622;1
47926;1
49135;1
78979;1
55930;1
68797;1
43277;1
86902;1
52219;1
67593;2
77883;1
57481;1
77884;1
57484;1
78593;1
70924;1
48612;1
60349;3
69835;2
46391;1
49112;1
51272;1
69423;2
57488;2
45385;1
77891;1
55912;1
71638;1
70530;1
78994;2
71639;1
70938;1
91390;1
69821;1
82065;1
50661;2
50662;1
55909;2
83182;1
58141;1
69813;1
83979;2
43958;1
82071;1
85806;1
85808;1
67957;1
70029;2
45361;1
70022;2
67954;1
48606;1
67194;1
69808;1
83588;2
52678;1
77870;1
86266;1
67553;1
40983;1
60311;2
46384;3
71666;1
71667;1
83992;1
58139;1
86948;1
71669;1
54807;1
68332;2
47989;2
80929;1
79688;3
70047;1
39873;2
67526;2
47981;4
53365;3
56993;1
68346;1
60783;1
63680;1
70036;1
60780;1
79697;1
66487;1
67532;1
54820;2
42871;1
68737;1
54823;2
75394;1
49717;1
42164;1
47087;2
42166;1
42165;1
53353;1
81409;1
60757;2
79023;1
53357;1
79022;1
66866;1
39850;1
66868;2
50672;1
80163;1
74924;1
80518;1
80162;1
53773;1
66093;1
58189;1
47072;1
67508;1
48071;1
80915;1
60764;1
29762;1
52298;1
47475;1
50150;2
38393;1
74907;1
74904;1
70958;1
39849;1
74913;2
83545;1
75374;1
44286;1
75373;1
61196;1
61198;1
63651;1
80587;1
53707;1
70083;1
39839;1
80145;1
54856;6
53715;1
66070;1
83534;1
73458;1
39837;1
54146;1
79655;1
68309;1
42829;1
56953;2
70071;1
53703;1
82911;1
83522;1
54132;1
89912;1
54137;4
79665;4
70994;1
39026;1
79062;2
62503;1
63639;1
62506;1
78539;1
56943;1
61179;1
60797;1
49561;1
80126;1
52601;1
66051;2
54129;1
66496;1
74282;1
54124;1
61170;1
78542;1
50197;1
53307;1
53719;1
47977;1
66892;1
66895;1
39809;1
73826;1
74958;1
39802;1
73424;2
39901;1
81381;1
72757;1
72756;1
76721;1
54490;1
64395;1
92521;1
80212;1
73934;1
72367;1
61146;1
43539;1
44735;1
44736;1
76301;1
59729;1
65059;1
61141;1
41679;1
49667;1
72764;2
54897;1
80224;2
54898;2
81398;1
83614;1
62151;2
75708;1
60811;1
36965;1
44748;1
65046;1
66800;1
48020;1
82433;1
82432;1
61520;1
54882;1
44329;3
81959;2
62657;1
76329;1
76327;1
84693;1
76320;1
44711;1
62139;1
72744;1
48004;1
71297;1
81375;1
71298;1
35493;1
65477;2
73183;1
80205;1
44725;1
76316;1
43504;1
65853;2
48597;1
76310;1
48591;1
56000;1
72791;1
35961;1
50543;3
51677;3
48059;1
54099;2
48055;2
54092;1
43578;3
57072;1
76341;1
65824;1
60862;1
53799;1
73164;2
87720;1
56408;1
51663;1
65410;2
61513;1
44787;1
57065;1
48067;1
44785;3
38383;1
55518;1
44784;1
76330;1
50144;1
49620;1
92110;1
37232;1
35986;2
72380;1
66813;1
37239;1
65806;2
50113;1
65801;1
62175;1
62173;1
71251;2
36980;1
81334;1
35452;1
65808;1
51646;2
50516;1
45891;1
76359;1
60833;1
65810;1
77021;2
45472;1
57575;1
83144;1
75784;1
45865;1
54414;2
51223;1
51220;2
51221;1
52693;1
51632;1
76383;1
70451;1
52694;1
56430;1
57969;3
46409;1
54421;1
67207;1
51619;2
56440;2
84605;1
51232;3
55190;2
56448;1
51625;1
64320;3
77842;1
64321;4
69336;1
91010;1
71741;1
77454;1
44799;1
77458;1
67903;1
83169;1
48527;2
84222;1
35949;1
70435;1
77831;1
69323;1
78010;1
67917;4
54404;1
77446;1
56420;3
57046;1
50558;1
48516;1
58566;1
78017;1
84218;1
70444;1
54458;1
48583;1
72325;1
54451;1
36912;1
70497;2
57929;2
64354;1
63253;1
78914;1
36522;1
77814;1
46445;1
56484;1
52206;1
81952;1
57527;1
61989;2
61983;1
67249;1
49194;1
83111;1
69387;1
65499;1
65498;2
78921;1
61592;2
56489;1
38302;1
81947;1
81946;1
63248;1
84659;1
84654;1
49162;1
42428;1
45802;3
64758;1
75721;2
77416;1
61971;1
77001;1
77006;1
64373;1
61562;1
36502;1
58597;1
84260;1
49177;2
84668;1
45811;1
67226;1
57912;1
70485;1
62620;1
70484;1
55961;2
84252;1
57006;1
77784;1
53815;1
64680;1
85104;1
46992;1
41957;1
45282;2
47113;1
74871;1
77798;1
52757;1
58211;2
86347;2
68673;2
51160;1
51164;6
59354;2
47109;2
67035;2
62418;1
85112;1
45290;1
49422;2
50729;1
55111;4
46477;1
40028;1
42920;1
71573;1
41144;1
78436;1
85343;1
59320;2
39501;1
52364;1
48709;1
28926;1
53016;3
85747;1
58733;1
58730;1
53010;2
68690;1
49020;1
51183;2
85352;1
62431;2
62432;1
46483;1
52354;1
50744;1
47124;1
52352;1
55138;1
48715;1
80082;2
45248;2
77744;1
45249;3
58262;2
41909;1
80088;1
58265;1
57589;2
82191;1
51134;1
73780;1
55125;1
84805;1
77756;1
40869;1
67073;1
80079;1
28985;1
50767;1
80613;1
82172;1
85714;1
52784;1
52782;1
70119;2
67081;1
70664;1
78031;1
86836;1
50776;1
71533;1
50770;1
40826;1
54508;1
40827;1
52771;1
60211;1
85701;1
60217;4
48744;1
69705;2
78870;1
60210;1
88501;1
52397;1
50788;3
70110;1
43130;1
50787;1
41115;1
62472;2
51142;1
72295;1
80642;1
54040;1
80640;1
74360;1
60633;1
79147;1
80048;3
42016;2
47193;5
79149;1
69733;1
72290;1
73359;1
53894;1
49802;1
80632;1
47590;1
75492;1
44164;1
75491;1
50039;1
70170;1
79150;1
53464;2
53465;1
69729;1
54922;1
54036;1
54038;3
49812;3
39992;1
56036;1
53493;1
73243;1
42035;1
40877;1
54067;2
66595;1
80065;2
74823;1
53094;1
74372;1
63561;1
73772;1
53486;1
73779;1
54943;1
60250;1
69749;1
54944;1
44188;2
60258;1
49836;1
68610;2
69747;1
65777;1
46954;1
46952;1
53433;1
47158;1
46025;2
65770;2
60670;1
82614;1
46956;1
69777;1
73316;1
47548;1
74844;1
76697;2
76696;2
49442;1
76695;1
52725;4
59786;1
46014;2
59390;2
82625;1
60681;1
82620;1
79556;1
56815;1
74396;1
73305;1
53033;1
47558;2
82618;1
75455;1
62401;1
47179;1
59777;1
53041;1
41971;4
56846;1
69792;3
67602;1
53047;2
54022;2
54026;2
52703;1
54029;1
67608;1
80029;1
46042;3
53444;2
73736;1
79534;1
56837;1
79536;1
53446;3
74855;1
54987;1
63519;1
75473;1
59760;1
67615;2
79178;1
49471;1
67616;1
49470;1
81487;1
83703;1
81486;1
61641;1
75417;1
51577;2
47635;1
61646;1
71168;1
38436;1
37952;1
61240;1
75039;1
68168;1
66028;1
92022;1
75803;1
75802;1
43637;1
62010;2
65354;1
47621;8
37940;2
62019;1
43620;1
75024;1
65738;1
81084;1
44225;1
71182;1
47658;3
90278;1
84799;1
38452;1
43653;1
43654;1
82560;1
60700;2
75018;2
66048;2
59844;1
59846;1
62036;1
64284;1
65335;1
72640;1
83734;1
66918;1
72648;1
75003;1
77386;1
83729;1
61278;2
74305;2
51537;1
63196;1
63199;1
43679;3
63193;1
81883;2
56108;1
59828;1
61610;1
61615;2
76616;1
81455;2
73266;1
62052;1
63189;1
44238;1
60708;1
38487;1
61605;1
61606;1
77351;1
71149;1
50426;2
44264;1
71143;1
62080;3
76229;1
59803;1
44650;1
77354;4
79209;1
51546;2
31639;1
47600;2
73282;1
79200;2
62074;1
56118;1
61239;1
45797;1
45799;1
44662;1
56119;2
77341;1
54515;1
76289;1
44676;1
54512;2
63150;1
70549;1
63152;2
33806;1
77714;1
84728;1
48642;1
44684;1
55051;1
69201;1
34489;1
49092;1
64604;1
54521;1
70566;2
70569;1
71627;1
63145;1
55055;1
64229;1
57153;1
45352;1
40478;1
50463;1
70577;1
76260;1
84707;2
56556;1
46520;1
56554;1
62711;1
34996;2
81023;1
46519;2
45343;1
46516;1
71111;2
76251;1
70583;1
43074;1
64636;1
42541;2
54559;1
55086;1
56570;1
62730;1
62737;1
46549;1
64256;1
65389;2
65388;1
75854;1
64648;2
75069;3
78829;1
75061;2
81807;1
43069;1
45707;3
42569;1
72204;1
91549;1
72205;1
57654;1
52316;1
56590;1
84361;1
46564;2
57115;1
63134;1
67123;2
36802;1
75046;1
52324;1
84766;1
45712;1
50498;1
57103;2
63126;1
69264;1
50496;1
64244;2
33547;1
78356;1
75596;2
37092;1
79809;1
52045;1
63924;1
69669;1
52041;2
50895;1
82763;1
75186;1
78351;1
69124;2
82760;1
73616;1
33950;1
69129;1
63409;1
71881;1
75585;1
90623;1
58353;1
91156;1
66208;1
90633;1
68532;1
78757;3
52819;2
29906;1
80728;1
52029;2
55493;3
69144;1
62342;1
52028;1
71089;1
50874;2
75160;1
63005;1
50878;2
82737;1
69640;1
82745;1
80717;1
68525;2
58887;1
52441;1
51487;1
37060;1
86705;1
79839;1
58370;1
74043;1
74044;1
75177;1
58374;2
58878;2
84870;1
63852;1
69625;2
53906;2
53907;1
69624;1
45200;1
46618;1
55472;2
68583;1
53123;2
71512;1
84860;2
33995;1
63849;1
78723;1
84869;1
86471;3
63441;2
74782;1
59915;1
49317;1
63979;1
62317;1
61835;3
61834;1
63972;1
51908;1
79853;1
89376;1
74778;2
63457;3
59902;1
55467;1
78714;1
78715;1
84858;1
74020;1
84854;2
74025;1
47239;2
63942;4
46630;1
85680;1
63047;1
45223;1
63427;1
89384;1
74767;1
58848;1
40362;1
50396;1
55459;1
78743;1
84826;1
63057;1
79875;1
78341;1
50839;1
74000;1
78732;1
61804;1
46109;2
81631;1
39663;1
49341;1
75106;2
83771;1
83772;3
59000;4
86796;1
47682;1
48867;1
39666;1
53573;2
55027;1
55029;2
54624;2
44851;1
83760;1
73686;1
75117;1
79891;1
41072;1
60178;1
55424;1
74738;5
43415;3
59016;2
44859;1
63074;2
86035;1
60580;1
86036;1
81615;1
70780;2
60586;1
43736;1
67705;1
36295;1
81613;1
44840;1
44843;1
44077;1
47270;1
49320;1
53979;1
49322;1
55412;1
87549;1
73678;1
53146;1
47660;2
86023;1
87156;1
53556;1
70754;1
41047;1
59433;1
59437;1
53555;2
43704;1
39647;1
44072;3
76583;1
49331;1
56181;1
44834;1
41053;1
60562;1
41055;1
70767;1
44087;1
66652;1
55016;3
60565;1
60566;1
66236;1
43052;1
59994;1
43444;1
42643;1
52084;1
31796;1
79244;1
60533;3
59455;1
59458;2
59457;1
70733;1
88237;1
49391;1
49956;2
60134;1
66242;1
52073;4
75159;6
92440;2
72973;1
59056;1
80772;1
38175;1
74499;1
70705;1
75933;1
80759;3
49922;1
53591;1
65631;1
52061;2
60508;1
60512;1
59477;2
72179;1
52873;1
43035;2
66626;1
52876;1
53183;1
49930;1
53196;1
41091;1
67752;1
49932;1
67754;2
66225;5
85607;1
59466;1
60523;1
38153;1
69197;1
44533;2
72162;1
68859;1
72164;1
68856;1
82242;2
44536;1
81192;1
31037;1
76523;1
31036;1
85092;2
47733;4
49875;1
91657;1
49874;1
44545;3
54690;1
44544;1
85086;2
81180;1
76922;1
31437;1
60605;1
56645;1
54697;3
54696;2
67014;1
57774;1
49851;1
74432;1
38522;1
48796;1
82221;1
55721;1
34619;1
65660;1
54684;1
65270;4
76507;1
51898;1
43787;1
48392;3
79340;1
72135;1
51883;1
81579;2
65261;1
44119;2
56624;1
53521;1
48778;3
38507;1
48383;3
64989;1
48259;1
83849;1
92394;2
55793;2
47760;1
48370;1
44500;1
41434;1
54260;1
80468;1
80463;1
70680;1
53505;1
84459;1
48233;1
54644;1
66189;1
45612;1
71910;2
59510;1
83826;1
70678;1
53517;1
39221;1
68804;1
53518;3
66173;1
83338;1
70675;1
57793;2
39228;1
57797;1
41412;1
47744;1
71908;5
31046;1
50938;2
77224;1
61340;1
67491;2
84009;1
64940;2
76185;1
29595;2
70252;1
48349;1
48212;1
61750;1
68496;2
54218;1
54219;4
51424;2
75506;1
85013;1
64538;1
61751;2
50372;1
50370;1
64120;2
45664;1
34683;1
40349;1
48227;4
58407;1
81103;1
84404;1
85009;1
34188;1
61744;1
88684;1
51022;1
51021;1
63474;1
64132;1
40315;1
56698;1
71012;1
61319;1
85035;1
77657;1
61736;4
50354;1
78701;4
50352;1
77256;1
78707;1
40327;1
51802;1
64911;1
61337;1
45141;2
84428;1
85028;1
54209;2
77644;2
83373;1
84914;1
84915;1
48304;2
52450;1
61382;1
82675;1
50341;2
69590;1
71961;1
77260;1
67456;1
76954;1
34137;1
35273;1
75540;1
62846;1
82681;1
45162;1
50338;2
88655;1
51058;1
38575;1
90159;1
71060;1
56682;1
51472;1
71065;1
51476;1
52478;2
52479;1
68872;1
77285;1
69579;1
71980;1
65237;3
62373;1
62805;1
82266;2
44557;1
61771;1
65230;1
62820;1
64107;1
37037;1
62822;1
57714;1
70205;1
46594;1
51073;1
82250;2
68883;1
71047;1
76948;2
71046;1
71049;2
68887;1
45189;1
37031;1
56660;1
75282;1
69526;1
51378;1
69524;1
77093;1
57344;1
52144;1
58092;1
52148;1
78258;1
85521;1
36574;1
52561;1
52562;1
70400;1
75289;1
40283;1
74158;1
78666;3
77081;1
82849;1
78266;5
75685;2
51365;1
58999;1
78261;1
52553;1
88725;1
82854;1
58490;1
52557;4
82851;1
84998;1
57365;1
48901;1
52164;2
40688;1
78239;1
78232;1
55399;1
70421;1
78640;1
57379;1
39712;1
52151;1
58477;1
47329;1
71764;1
51388;1
64497;1
62232;1
51384;1
87200;1
69013;1
64492;1
55387;1
52939;1
82871;2
36122;1
78635;1
48507;1
69550;1
28725;1
52910;1
85561;1
84171;1
87238;1
58468;1
52102;1
60477;4
47357;1
74640;1
50274;1
43388;2
76497;1
46215;1
46218;1
59104;1
45118;1
86176;1
86174;1
35803;1
84181;2
52924;1
50960;1
52508;1
50962;1
74630;1
57392;5
84957;1
52518;1
40235;1
59116;1
36543;1
36548;1
74633;1
53234;1
74634;1
36551;1
60495;2
52120;1
61944;1
86596;1
74131;1
84984;1
58986;2
78607;2
53246;2
73537;1
40630;3
47367;1
39754;1
50985;1
74142;1
85981;1
81700;1
84972;1
80801;1
58971;1
44969;1
37622;3
83087;1
60971;3
83874;1
49200;1
60429;1
58929;1
48962;1
41755;1
47399;2
41759;2
49208;2
53673;1
53261;2
86148;1
41750;1
53274;2
87262;2
58914;1
36188;1
46721;1
60445;1
61048;1
53664;3
47793;1
47792;1
53668;3
48958;1
83891;1
88393;1
61070;1
54734;1
55319;2
39781;1
81755;1
81756;2
76477;1
29876;1
43844;2
53693;1
60458;2
69082;1
61073;1
60947;1
68902;1
58007;1
37656;1
59520;2
83884;1
63766;2
41727;1
49236;1
53294;2
60462;1
86152;1
69099;1
69098;1
32528;1
36133;2
67860;1
89805;1
61092;2
75248;1
65519;1
52996;1
55816;1
89426;1
46296;1
41795;1
46293;1
52184;1
32113;1
59180;2
52189;1
35897;1
59182;5
66743;1
44995;1
80277;1
69969;1
89025;1
73589;1
74597;1
70843;3
63780;1
73999;1
52179;1
81759;1
78689;1
60020;1
69049;1
86124;1
86631;1
78680;1
86633;1
29189;1
42752;1
41383;1
89009;1
73015;3
43338;1
52988;1
55829;1
81779;1
48933;1
48930;1
60424;2
72953;1
55843;1
81295;1
68958;1
32876;1
72416;1
89859;1
64888;1
64885;3
71364;1
51773;1
65917;1
81281;1
56338;5
82329;1
83409;1
71377;1
71370;1
72959;1
83004;1
83915;1
65945;1
72933;2
68971;1
68970;2
49993;1
74570;1
53604;1
66718;1
77592;1
76401;1
71381;1
34715;1
71383;1
79457;1
48181;1
53614;1
48183;1
57898;1
51787;2
72447;1
65534;2
79447;1
64051;1
54352;1
65584;1
70393;1
44913;2
48489;1
61012;1
70794;1
55894;1
64063;7
47869;1
54758;1
89883;1
65593;1
60086;1
65185;1
79428;1
47865;1
38203;1
82328;1
48897;1
53643;1
83961;1
67815;1
44930;1
64036;1
60095;1
64035;1
83031;3
54782;1
60882;1
65173;1
65174;1
65166;1
31829;2
38222;1
56318;1
74549;3
44949;2
64856;1
83970;1
64857;2
61433;1
61449;1
45033;2
61448;1
61447;1
83486;1
71822;4
77536;3
67353;1
62296;1
62969;1
36610;1
70365;1
84137;1
77138;1
88799;1
71826;1
75614;1
44487;1
45930;1
48468;1
37125;1
74105;1
34293;1
61464;1
63372;1
63371;1
91315;1
83460;1
75627;1
75623;6
45014;2
29463;1
50257;1
48109;1
77928;1
64815;1
61479;1
64814;1
84110;1
61473;4
70387;1
51313;1
77507;2
51315;1
75635;1
84524;2
61860;3
77501;4
81224;1
81223;1
82778;1
77950;1
68990;1
48408;1
45070;2
51736;1
71325;1
56772;1
61488;1
78182;2
62934;1
61891;1
76049;1
76811;9
75646;1
69454;1
76812;2
71863;1
57435;2
29482;1
51987;1
61493;1
63383;1
77940;1
55297;1
56784;2
51722;1
82782;1
65103;1
62936;2
55292;1
44445;1
45974;3
75658;1
51336;2
77974;1
70331;1
71342;1
56798;1
42360;1
44458;1
77961;1
71351;1
77156;1
62281;1
47801;1
51743;1
71358;1
51960;1
51739;1
76015;1
54309;1
86509;1
76014;1
54303;1
69469;1
51359;2
54103;1
55237;2
84272;1
82014;2
52624;1
50605;1
62568;1
47015;3
52242;2
52241;1
85468;1
85207;1
78554;1
52247;2
46366;1
84286;1
63215;1
84284;2
55953;1
36443;1
82027;1
71688;3
52232;1
47006;3
71685;1
46864;1
79614;1
59212;1
52237;1
43911;1
84296;1
52643;2
52647;2
86213;1
43267;1
67992;1
82938;1
78574;1
41241;1
46330;1
51293;1
56382;2
79622;1
47926;1
78979;1
55930;1
36427;3
78583;1
74993;1
85457;2
67980;1
62534;2
52215;2
40937;1
78588;1
51287;1
77884;1
82051;1
68786;2
60344;1
52661;1
49119;1
52660;1
69834;1
40952;1
69835;2
60349;3
48612;1
43249;1
46391;2
46397;1
69423;1
45385;1
77891;1
55912;1
71638;1
30458;1
60336;1
86961;1
51267;1
69433;1
55909;2
58115;1
83182;1
83599;1
66417;1
67181;1
58141;1
69813;1
83979;4
52685;1
43958;1
70029;1
33327;1
69407;1
83981;1
57467;1
67954;1
34446;1
69807;1
43231;1
82974;1
69808;1
58638;1
83588;1
86268;1
43943;1
82088;1
83582;3
60311;1
67557;1
55245;1
48605;1
67947;1
46384;4
62575;1
67945;1
53386;1
45374;1
85412;2
50646;1
83992;2
82969;1
71669;1
81429;1
39469;1
59280;2
68332;1
53374;2
29794;1
70975;1
39873;1
50181;1
68740;1
81432;2
73497;1
68330;1
67526;1
83577;1
47981;7
73496;1
48090;1
68346;1
73897;1
66874;1
80937;1
80938;1
88816;1
53364;1
83563;1
54178;2
74936;1
66487;1
70979;1
54820;1
67532;1
68737;1
42164;1
47992;1
42166;1
60755;1
66099;1
53353;2
35533;1
60757;3
81408;1
53357;1
66866;1
47463;1
89919;1
74924;2
73104;2
68722;1
53773;1
83552;1
76778;1
31533;1
76774;1
47079;1
60766;1
70054;1
36029;1
52298;1
47475;2
39079;1
48077;1
78501;1
54157;1
73466;1
69842;2
53763;3
58173;1
42147;1
89146;2
61195;1
63651;1
63656;1
80967;1
83528;1
78517;1
53707;6
59656;1
54856;2
80145;1
83537;1
53715;1
29758;1
75345;1
54144;1
73458;1
47443;1
82509;1
47452;2
61188;1
63640;1
82904;1
68300;1
70071;1
79052;2
53703;2
74970;1
80569;1
54137;2
59257;1
79665;4
53317;1
72815;2
46833;1
80948;1
63636;1
73821;1
61179;1
54836;1
66051;1
54129;2
85897;1
66498;1
66499;1
78542;1
39038;1
72808;2
53307;1
80552;1
66892;1
80108;1
47971;1
66895;1
83501;1
63618;1
82004;1
54114;1
39802;1
85888;1
87381;2
47531;2
72756;1
61545;2
65053;2
39909;1
37294;1
59720;1
72367;5
88892;1
61141;1
49672;2
80496;1
41676;1
41679;1
49667;1
80224;1
54898;3
81398;1
44331;1
44748;1
44745;2
92157;2
43522;1
82433;1
82432;1
50100;1
44328;2
61520;2
61521;1
54882;1
61522;1
65071;1
61125;2
30886;1
54479;3
80476;1
76323;1
44711;2
62139;2
49649;1
48004;1
49646;1
81376;1
71298;1
54482;1
44725;2
35499;1
65853;2
81970;1
55536;2
81971;1
36949;1
56000;1
60858;2
65402;2
72791;2
51677;1
50543;2
65408;1
48059;1
54099;2
44777;1
77473;1
44773;1
43578;9
60862;1
50139;1
73164;1
51663;1
65410;1
51661;1
65001;2
48067;1
48066;1
92117;1
50144;1
65004;1
42896;1
39495;1
62189;1
65420;1
50526;1
50523;1
45880;1
57986;1
54071;4
72387;1
59705;1
48034;1
50517;1
48035;2
66810;1
50113;1
37235;1
36972;1
62175;1
71251;1
65808;1
68231;1
49609;1
51646;1
41610;2
54086;1
76358;1
50509;3
76359;1
68239;1
65810;1
83144;2
57575;1
69356;1
51628;1
75783;2
54414;1
51220;1
51632;1
76383;3
77857;1
52694;2
85291;1
57969;10
70457;1
54421;2
67932;1
90863;1
83159;1
82092;2
56440;1
55190;1
51232;1
84602;1
76371;1
56448;2
51625;1
71725;1
77037;1
63286;1
56449;1
45846;1
78022;1
71741;2
84613;1
44799;1
58558;2
84222;3
35014;1
35949;1
63274;1
56416;2
84225;1
45458;1
48529;1
69323;1
78010;1
54401;1
67917;1
56420;1
77825;1
56421;1
58568;2
58566;1
91441;1
31266;1
84637;1
65482;1
91431;3
70496;1
61582;1
64354;1
57926;1
55999;1
46447;1
46445;2
84644;1
30145;1
54467;3
92193;1
49192;1
61983;3
84237;1
78921;2
56489;1
63249;1
81946;1
42421;1
84659;1
84654;3
84655;2
75723;1
77418;1
49160;1
45802;3
64758;2
72307;1
75721;4
61971;2
67235;1
64379;1
34393;1
69376;2
77005;1
36502;1
84260;1
84263;1
49177;2
84668;1
45811;1
29326;1
54442;1
75737;1
45816;1
85489;1
78940;1
69361;1
61575;1
84253;2
78945;1
57910;1
46064;1
47110;2
49400;1
77781;1
40007;1
59348;2
46459;2
64684;1
51179;1
49404;1
79505;1
40424;1
49402;1
40423;1
78096;1
85102;1
47113;3
53800;1
62409;1
52757;1
46050;1
86347;1
51160;1
36304;1
68673;1
52752;1
56492;1
51164;3
62418;1
49414;1
85112;1
47104;2
50729;2
87492;1
55111;3
36312;1
71573;1
46470;1
62443;1
40011;2
67055;1
48709;1
67054;2
55109;1
58737;1
53017;1
53016;1
40802;1
85747;1
58733;4
53010;1
85743;1
58730;1
49020;2
52357;1
62432;1
64692;1
52354;1
50744;2
50746;3
52352;1
70606;2
67662;1
55136;1
48715;2
58768;1
80082;3
58769;1
45248;1
57589;2
86816;1
62467;1
73782;1
82191;1
51134;1
36346;1
77756;1
55123;1
86818;1
43110;1
70632;1
80079;1
50767;2
51129;1
36341;1
52782;1
36356;1
50776;1
54502;2
87455;1
85300;1
50770;1
78476;2
40845;1
60211;1
58777;1
36368;1
82188;1
69702;2
48744;1
60217;2
69705;1
78870;2
50788;2
52397;1
52398;1
78044;1
40050;2
40433;1
41115;1
46914;1
74360;1
50796;1
60633;1
66983;1
70186;1
79147;1
56010;1
69738;2
60626;1
60249;1
66575;1
40897;1
47192;1
68601;1
76659;1
72290;3
46909;1
63540;1
54030;1
73751;1
46929;1
47592;1
36385;1
53071;1
47590;2
75491;1
53464;3
68200;3
53465;2
56023;1
69728;1
54922;2
54038;1
49812;1
53079;1
60234;1
53085;1
90319;1
73766;1
68218;1
44174;1
86877;1
76672;2
76671;1
49829;1
68625;1
74371;1
74372;4
50051;1
38906;1
53486;1
79133;1
68224;1
66992;1
79963;1
69749;3
69742;1
68610;2
67650;1
60259;1
74812;1
65777;1
46954;2
46952;1
53434;1
46025;1
65770;1
41162;1
50084;1
39141;1
61295;1
47549;1
73316;1
61291;3
82607;1
75449;2
82606;2
56054;1
53028;1
76697;1
52725;2
63509;3
76692;1
59787;1
53839;1
47147;1
56816;2
74396;1
41566;1
74837;1
53033;1
56809;3
56063;1
63539;1
56846;2
41970;2
56849;3
69792;1
41185;2
58700;1
82628;1
54022;5
54028;1
39957;1
41599;1
39959;1
52703;1
52702;1
79930;1
83658;1
54029;3
47173;1
38003;1
46045;1
46042;6
46039;1
46941;1
70193;1
59763;1
63528;1
73736;1
83638;1
56837;2
53446;1
53058;1
69784;1
85787;1
39948;1
47163;2
60294;1
68161;1
64299;1
64298;1
44205;1
61641;1
62776;3
47633;1
71168;1
72222;2
61240;2
76204;1
76208;1
75039;1
76209;1
69284;1
62010;1
51563;1
62782;1
47621;3
43621;2
75024;1
66017;1
65738;1
59873;1
44225;2
77395;1
88087;2
77394;1
44610;1
47650;1
43654;1
44617;1
60700;1
75018;1
66048;2
59844;1
75820;1
75823;2
61269;1
84793;1
68174;1
64284;2
71192;1
65335;1
83736;2
75829;1
28530;1
77381;1
81867;1
72648;1
44217;1
88070;1
49784;1
61278;2
74305;1
66929;1
61603;1
34047;1
77373;1
37916;1
61202;1
81051;1
44635;2
43679;1
63193;2
63192;1
35174;1
76246;1
49724;1
76615;1
56502;1
61615;2
61614;2
76618;1
73393;1
72661;1
81455;1
87952;1
73262;2
61215;1
30952;1
55611;1
82576;1
61605;1
81047;1
76234;1
63598;2
61623;1
71149;2
49759;1
38070;1
50426;1
38076;1
44264;1
62080;1
79210;1
66952;1
72284;1
44650;1
49751;1
77354;2
45783;2
74903;1
50414;1
49748;1
44255;1
87036;1
36881;1
38899;1
56117;1
45799;1
44662;1
56119;2
77332;1
62494;1
54515;1
77331;1
76289;1
71625;1
54512;1
63152;1
85194;1
34470;1
63156;1
77714;2
48642;1
75890;1
30519;1
44684;6
37309;1
76279;1
50429;2
64604;2
54521;1
70566;1
45320;1
70569;1
62098;2
84336;1
45327;1
70565;1
84332;1
55055;1
64228;1
50435;1
62701;1
58685;2
57153;2
81034;1
83262;1
45352;4
71603;1
77317;1
76260;1
31181;1
50466;1
48664;1
77736;3
84321;1
77735;1
75090;2
55073;2
71109;1
71612;1
64626;1
46516;1
62726;1
50456;1
83244;1
43074;1
92062;1
64636;1
42541;1
83249;1
84777;1
63115;1
62737;1
42538;1
92051;1
52306;2
91931;1
85364;1
49052;1
57121;1
85361;1
57124;1
46536;1
54578;1
85396;2
54579;2
86325;1
84361;1
56598;1
57115;2
63134;1
62751;1
36409;1
43098;1
50818;1
54588;3
45718;1
52324;1
49075;1
81828;1
86315;1
50498;1
84356;1
50496;1
64244;2
78356;1
75596;1
71897;1
52041;2
69124;1
71881;1
77183;1
71884;1
77186;1
58353;4
33949;1
84894;1
80725;1
69135;1
78360;3
52819;2
75989;1
80728;1
52029;1
55493;1
80722;1
62342;1
63004;1
36692;1
50871;1
67781;1
69648;2
75160;1
50878;3
52025;1
82745;2
75973;1
78788;1
68525;1
58887;2
63015;1
62332;1
75560;1
75172;1
57235;2
79839;2
57234;1
40393;1
84875;2
57230;2
78775;1
75177;1
68516;1
58374;1
80703;1
78382;1
58879;1
71092;1
33036;1
53906;2
53907;1
84860;1
73658;1
78723;2
86471;1
61819;2
82704;1
50865;2
63848;1
69635;1
63846;1
61835;1
63972;2
50860;1
34593;1
58857;1
74778;1
73642;1
59902;1
36200;1
61829;1
53928;1
63834;1
53929;1
63833;1
50390;2
79863;1
45223;1
41004;1
40362;1
50396;2
50840;3
69613;1
63825;1
63057;1
85691;1
32478;1
45231;1
86469;1
79870;2
74001;1
63817;1
56193;1
44862;1
81635;1
75103;1
74741;1
75911;1
83771;1
83772;1
59951;1
80382;3
59006;1
59000;1
86796;1
66274;1
47682;1
43013;1
48867;2
39666;1
39669;1
53573;1
55029;1
54624;1
53941;1
54628;1
44851;2
73687;1
83760;1
75117;2
37778;1
41072;1
75116;1
74737;2
59017;2
74738;1
59016;1
43415;1
44859;2
63074;1
74729;1
41840;1
39679;1
39677;1
60586;1
63889;1
49359;1
43736;1
48853;2
81613;1
47270;1
49320;1
76573;1
55412;2
87547;1
37743;1
53972;1
47661;1
59021;2
53556;1
70754;1
63085;1
49326;1
81608;1
53555;2
39647;1
55003;1
83746;1
49331;1
53153;1
59038;1
60562;1
47670;1
70767;1
44087;2
49338;1
40733;1
60565;1
40736;3
66654;1
66236;2
43440;1
60533;2
59457;1
38189;1
32942;1
43057;1
67775;2
43042;1
49392;2
60134;1
53980;1
52073;2
52071;2
75159;1
58399;1
72973;1
74498;1
75936;1
59977;1
70708;1
75123;1
81656;1
83798;1
49363;1
52061;1
49367;1
59477;1
60512;1
72178;1
37782;1
48809;1
46170;1
49930;1
53196;1
66225;1
83786;2
49377;1
52051;1
39693;1
44043;1
72998;1
54199;1
52888;1
69196;1
59079;1
74455;1
76100;1
68856;2
82241;3
67410;1
82242;1
81195;1
82243;2
68029;1
81194;1
44536;1
81193;1
30623;1
47733;2
67004;1
49875;2
42283;1
57761;1
44544;2
76922;1
76917;1
81597;1
54697;2
54696;1
31757;1
68836;1
48273;1
82229;1
48796;1
84492;2
65660;1
42650;1
57741;1
72535;1
49856;1
43787;1
68848;2
65265;1
48393;1
74448;1
54287;1
74449;1
72137;1
42663;1
64992;1
42665;2
71490;1
81579;1
65261;1
44119;2
42667;1
55787;1
53521;1
48778;1
72508;1
84436;1
48383;3
48384;1
61306;1
44812;1
64158;1
83846;1
74428;2
53530;1
92394;1
55793;1
61316;1
44827;1
87528;1
56608;1
64168;1
80462;1
72105;1
84458;1
48361;1
48233;1
54643;1
66188;1
34197;1
45612;1
83331;1
84464;1
54243;1
59510;1
39221;2
53518;2
68806;1
64949;1
57793;1
57797;1
41412;1
72501;1
66176;1
71908;5
31046;1
64185;2
50938;1
67491;2
50382;1
71919;2
84009;1
64941;1
45130;1
29594;1
76182;1
51007;3
48217;1
76185;1
62876;1
84002;1
48212;2
68496;1
35232;1
45670;1
84929;1
76998;1
85014;1
61352;1
50371;1
34684;1
48336;2
51821;1
71435;1
48227;1
58407;1
45124;2
54228;1
61744;1
51025;1
68478;1
48327;2
62854;2
56698;1
71012;1
61319;1
85039;1
84413;1
64517;1
71942;1
61735;1
85030;1
64512;1
50909;1
78701;1
76190;1
50359;2
35202;1
64910;1
64911;1
45141;1
36730;1
29561;1
48315;1
84428;1
54208;1
64521;1
64905;1
77644;1
84420;1
83373;2
71009;1
67464;1
84914;2
84915;1
48304;2
61382;1
51046;2
50341;1
76954;1
75547;1
37042;2
78288;1
61790;1
62846;1
82681;1
45162;1
34642;1
40304;1
51866;2
51869;1
36718;1
52469;1
34649;1
88655;1
37440;1
64506;1
56682;1
71065;4
65201;1
72579;1
34654;1
62812;1
52478;2
61776;1
68872;2
85075;1
57316;1
45692;1
71057;1
62805;1
78297;1
64108;1
71454;1
64107;1
45187;2
78292;1
62822;1
37037;1
57714;3
45688;1
61765;1
82254;1
45189;1
65226;1
77687;1
56660;1
51378;1
52146;1
85528;1
75698;1
36571;1
58099;1
78258;1
52561;1
52948;1
88713;1
74158;2
69938;1
78666;1
85536;1
90145;1
85535;1
36105;1
77081;3
78266;1
51364;1
52553;1
58490;1
52557;1
82851;1
52164;2
77076;1
90519;1
78237;1
85954;1
34341;1
70426;1
70421;1
53206;1
71765;2
69553;1
52151;1
47329;3
51381;1
52531;1
53210;1
52939;1
40297;1
74691;2
77068;1
82873;1
74694;1
46782;5
53218;1
78210;1
73507;1
58468;2
60477;1
52524;1
91286;1
76497;2
46215;1
46218;1
86182;1
90501;1
35404;1
45118;1
35803;1
76893;1
46769;2
76890;2
52924;1
67277;1
50962;1
39734;1
47346;2
76898;1
67271;1
57392;5
84956;1
58451;1
57390;1
84955;2
78616;1
74634;2
87256;1
69507;1
63732;1
40647;1
61943;1
47372;2
84158;1
74138;1
63327;1
69911;1
80817;1
69518;1
64453;1
68450;1
37617;2
39754;1
67297;2
67292;1
47364;1
47365;1
63335;1
80800;2
32572;1
58971;1
47788;1
42706;1
67826;1
47395;1
73937;1
36176;1
58929;1
67827;1
41755;1
47399;2
30797;1
53261;1
41324;1
53274;1
83860;1
36189;1
36188;1
41742;2
46721;1
49215;1
46720;1
63740;1
53668;1
53271;1
87267;1
83891;1
83892;1
83067;1
55314;1
54734;1
53695;1
43844;1
86674;1
79764;1
39792;2
49235;1
55307;1
73560;1
44973;1
63766;1
49238;1
86686;1
37651;1
53294;1
37650;1
69099;1
69098;1
36133;2
73590;2
69978;1
61092;2
48925;2
66746;1
55818;1
41795;2
60925;1
41799;1
52184;1
32113;2
59182;2
79398;1
81760;1
35881;1
41368;1
67876;2
73589;1
48914;1
70843;1
63780;3
52175;2
81759;1
32122;1
42762;1
49262;1
43320;1
72070;1
60026;1
80899;1
37688;1
66351;1
86631;2
69990;2
60909;1
52972;1
85504;1
66762;2
54702;1
75274;1
67898;1
73015;1
55829;1
52981;1
38649;2
64888;1
47833;1
71364;1
79479;4
65917;1
54392;1
83017;1
72018;1
56338;2
72017;1
44409;1
65149;1
56742;2
56749;1
83008;1
37586;1
56369;1
84594;1
74575;1
48173;1
53604;1
65941;1
77591;1
45097;2
56756;1
71386;1
38658;1
44426;1
65950;1
48183;1
51787;2
64087;1
51780;1
65533;1
53627;2
65197;2
82306;1
48877;1
83939;1
54357;1
83937;1
87632;1
70398;1
79432;1
44910;1
39359;1
48116;1
44913;1
70390;2
65973;1
65187;1
53632;1
64063;4
48884;1
61019;1
74529;1
54758;1
73063;1
83951;1
37705;1
65185;2
60894;1
84557;1
74531;1
82325;1
84555;1
68931;1
80329;1
53643;1
73092;1
60881;1
64862;2
54789;1
83419;1
65173;1
65174;2
56318;1
74549;1
83028;1
54381;1
64047;1
64852;1
64856;2
50249;1
45033;3
61447;2
42307;1
83485;1
77536;2
67359;1
68350;1
86535;1
76865;1
77528;1
75614;1
44487;1
48432;1
77520;1
44488;1
74100;1
61463;1
77102;1
61879;1
76877;1
75622;1
75623;6
45014;2
57419;1
77926;1
50257;1
91701;5
64815;3
46312;2
84110;2
70385;1
61473;1
70388;1
86552;1
51315;1
61868;1
75635;1
84524;1
76883;1
58529;1
61860;1
77501;7
91331;1
88766;1
45070;2
51736;1
71325;1
61488;2
51731;1
62934;1
51320;1
76048;1
76049;1
75647;1
76811;8
69454;3
61491;1
61492;1
82786;1
61493;1
77940;2
91320;1
51726;1
51722;1
77949;1
65105;1
55292;1
65104;1
35362;1
77566;1
45974;1
78179;1
52579;1
70331;1
71342;1
56798;2
86527;1
71347;1
86529;1
44458;4
75662;1
51343;1
46694;1
77960;1
44461;1
47801;1
62281;1
47802;1
34766;1
76015;2
37177;1
54303;1
51357;1
57444;1
29300;1
54103;1
55237;2
54102;1
78965;2
82014;1
52624;1
47017;1
47015;2
43282;1
79084;1
62563;2
78554;1
52247;1
73400;1
63215;1
87360;1
66402;1
78958;1
67173;1
40507;1
71688;1
47006;1
84280;1
51292;2
52643;1
52647;1
49524;1
79628;1
82938;1
41241;1
78574;1
56382;1
79622;1
47926;1
40941;1
85848;1
68797;3
74997;1
82046;1
78975;1
85457;1
62534;3
52212;1
67593;1
78588;1
70546;1
51270;1
68786;2
70927;1
69835;1
78599;1
70001;1
69423;1
69422;1
52283;1
40566;1
77891;1
55912;2
78997;1
52657;1
82067;1
51267;1
86283;1
43251;1
87327;1
83182;3
58115;1
67548;1
53393;1
69813;1
83979;1
85814;1
58640;1
67189;1
45361;1
69808;1
40982;1
43943;1
68756;2
60311;1
83582;2
48605;1
46384;1
62575;1
70507;1
85412;1
45372;1
33331;1
83992;1
58139;1
71669;1
54807;1
59280;1
53374;1
47989;1
66470;1
39873;1
70048;1
69873;1
69875;1
73128;1
60769;1
73497;2
68330;1
49706;1
47981;3
32609;1
66874;2
81419;1
54170;1
70036;1
74257;2
54178;1
66487;1
74935;1
54820;1
54823;2
42164;1
68314;1
79023;1
53357;2
81408;1
39447;1
47462;1
47463;1
53771;3
70944;1
73103;1
69853;1
67504;1
60766;2
70054;1
39079;1
70962;1
39849;1
32631;1
74913;2
79035;1
58174;1
89932;1
36020;1
75372;1
89146;1
61198;1
62520;1
63651;1
80967;1
53707;1
54856;3
80144;1
53715;1
83534;1
82506;1
82509;1
79656;1
74298;1
56953;1
53703;1
54132;1
59257;1
79665;2
53317;1
39020;1
46833;1
63639;1
56942;1
39409;1
56943;1
88847;1
75321;1
42177;1
80126;1
52601;1
73818;1
54129;1
85893;1
54124;2
53730;1
72821;1
59273;1
72808;1
53307;2
80552;1
47977;1
79077;1
66895;1
82004;1
73826;1
73427;1
62103;1
73424;1
39901;1
72756;2
39900;2
92521;1
39908;2
59720;1
80494;1
82441;1
72367;3
36953;1
81393;3
75306;2
54893;1
80224;1
37283;1
83610;1
54898;2
73916;1
44331;1
34806;1
60810;1
36965;1
44748;1
92157;1
89090;1
48020;1
43522;1
61520;1
54882;1
61521;2
44329;2
81959;1
73197;2
65462;1
65463;1
61125;2
84693;1
54479;1
61122;1
30158;1
84697;1
73183;1
42099;1
44725;3
65853;1
55536;1
61528;1
61133;1
48590;1
48591;1
51677;1
34830;1
72799;3
53784;2
77477;1
77473;1
54092;1
43578;2
57072;2
71270;1
56408;1
65001;1
48068;1
55518;1
44785;1
44784;1
77465;1
65004;1
64704;2
37234;1
62185;2
65420;1
38357;1
54071;1
72387;1
48034;1
72380;1
48035;1
62175;1
76731;1
91891;1
60833;1
68238;1
30836;1
43547;1
45470;1
77021;1
51225;1
83144;1
54414;2
67926;1
76383;1
52694;3
70453;1
57969;8
78005;1
67932;1
83158;1
45876;1
83159;1
84604;1
51232;1
58588;1
51625;1
64320;2
70464;1
63286;1
90858;1
64321;1
71741;1
35012;1
44799;2
48527;1
34896;2
84222;1
77839;1
57949;1
31920;1
78010;1
54401;1
67917;1
54404;1
29369;1
71216;1
58568;2
56421;1
50558;1
58566;2
56425;2
78017;1
48518;1
31267;1
78909;1
84638;1
45828;1
83100;1
90895;1
70499;1
70496;1
45437;1
64354;1
55994;1
55992;1
46445;2
56484;1
84643;1
54467;1
57526;1
75755;1
61983;2
57522;1
69385;1
61596;1
45423;1
78921;1
61592;1
31271;1
84659;1
77413;1
84655;4
49160;2
75723;1
64758;1
75721;1
61971;1
78932;1
77001;1
61562;2
69376;2
84263;1
55973;1
49177;1
84666;1
29326;1
84665;1
54442;1
42414;2
78943;1
45403;2
62620;1
70484;1
78945;1
57910;1
57006;1
78946;1
50706;1
50707;1
52764;1
74880;1
67020;1
59348;2
46459;1
64680;1
59340;1
79505;1
49402;2
79508;1
45282;3
52342;2
28948;1
74871;1
53800;2
52757;1
50719;1
82166;1
82160;1
36304;1
51160;5
78462;1
51164;3
49414;2
45290;2
86354;1
82137;1
39500;1
53007;1
52740;1
51192;2
55111;1
71573;1
41144;2
59320;1
62443;1
47136;1
70618;1
40011;1
55109;2
53017;1
53016;2
58730;2
53010;1
55105;1
49020;1
78441;1
62431;1
62432;2
47124;1
78086;1
50744;1
50746;1
55138;1
48715;2
59307;1
58768;1
80082;2
77743;1
45248;1
45249;1
58262;1
80089;1
40045;1
34562;1
86816;1
46493;1
78496;2
40869;1
55123;1
46097;1
80079;1
68637;2
50769;1
70137;1
51123;1
78472;1
36356;1
68666;1
48730;2
78885;2
54500;1
87455;1
84802;1
50770;1
62487;1
52771;1
69709;1
52397;2
50788;2
40050;1
43130;1
41116;1
62472;1
70113;1
70188;1
54040;1
46914;2
80640;1
74360;3
86851;1
63558;1
70186;1
70187;1
79147;1
32350;1
80048;3
75489;1
47193;1
60626;1
79149;1
49488;1
47192;1
83671;2
53896;1
54030;1
47592;1
53072;1
75492;1
75491;2
60644;1
70170;1
53465;2
56023;1
70174;1
32759;1
73342;3
76665;1
47187;2
73233;1
54038;1
49490;1
49812;2
70164;1
54928;1
76672;1
67647;1
40877;1
66595;1
80065;2
54930;1
53094;1
74372;1
63561;1
80653;1
68224;1
66992;1
54943;1
79963;1
39594;1
69749;2
67650;1
54058;1
74812;1
46954;1
82612;1
82613;1
46956;1
47549;1
73316;1
47543;1
74844;2
90388;1
52725;3
49441;1
63509;1
47151;1
76692;1
59788;1
41988;1
56815;1
41566;1
47557;1
52710;1
82123;1
39548;2
35633;1
41189;1
56849;1
65790;1
58700;1
54022;1
58701;1
54028;1
42964;1
54026;2
79930;1
58706;1
46045;1
79534;1
53446;4
54012;1
54987;1
59760;1
56088;1
49470;1
83701;1
38059;1
38054;1
61641;1
41529;2
62775;1
51577;1
61646;1
41523;1
61648;1
30033;1
39110;1
76204;1
36816;1
59866;1
76206;2
66028;1
75800;1
92022;1
76209;1
62010;1
75401;1
38064;1
47621;3
69697;1
54992;1
37940;1
62019;1
65738;2
83708;1
44606;1
44225;2
38971;1
62792;1
44610;1
61265;1
30052;1
75012;1
59844;2
84793;2
71192;1
65335;1
68173;1
77381;1
72648;2
44217;1
75005;1
49784;1
77386;1
65756;1
74305;1
51537;1
49737;1
50403;2
61603;1
87831;1
56100;1
44635;1
68124;1
63193;1
43679;1
68127;2
38475;2
29680;1
55604;1
81886;1
62053;1
61215;2
50008;1
74329;3
50006;1
81894;1
45774;1
50426;3
44269;1
62080;1
44262;2
76229;1
59802;1
59803;1
61222;1
38494;1
77354;1
79209;1
74902;2
51546;2
49748;1
79201;1
87038;1
44255;1
56118;1
56117;1
38899;2
45799;1
72273;1
55639;2
76211;1
61628;1
34053;2
42585;1
54516;1
54515;3
78142;1
30922;1
63152;2
63156;1
78146;1
84728;2
57160;1
64604;2
54521;2
70566;1
70569;4
35150;1
87918;1
45352;1
63172;1
54533;1
71603;1
84329;1
50466;1
56554;2
33014;1
55073;1
40485;1
64629;1
64626;1
46519;1
71111;2
71113;1
70583;2
50802;1
69257;1
65381;1
64636;1
57636;1
54559;1
70590;1
46549;1
42538;1
83250;1
52306;1
75068;1
55095;1
75069;1
56582;1
78829;2
78820;1
72204;1
91549;1
50823;1
52312;1
84751;1
83225;1
85396;1
83224;1
84754;1
56590;1
56599;1
84361;1
29237;1
57115;3
52324;1
49075;1
38424;1
29220;1
50499;1
81828;1
76291;1
78805;1
86319;1
30502;1
43087;1
84356;1
50495;2
64244;1
73607;1
80744;1
37092;2
52045;1
46654;1
50899;1
79808;1
52044;1
69669;1
71894;1
36230;1
82763;1
70300;1
75994;1
59491;2
46156;1
78351;1
69124;2
86720;1
37087;1
62353;3
46166;1
62356;1
37081;1
52037;1
77184;1
86722;1
52031;1
58353;2
69135;1
84894;1
78360;1
58896;1
75989;1
52819;1
80728;1
55493;2
80722;1
50874;1
75160;2
63005;1
36217;1
82737;1
82745;1
84887;1
82744;1
75164;1
58886;1
68525;1
58887;3
58888;1
75976;1
79834;1
64597;1
69658;1
29017;1
57231;1
57230;1
74044;1
43479;1
33968;1
58374;3
80703;1
49308;1
63852;1
53906;3
58324;1
63858;1
78313;1
45203;2
53123;1
71512;1
84860;1
61814;1
84869;1
63441;1
61819;1
74782;1
82704;1
49317;2
46622;1
61834;1
79853;2
63030;1
63840;2
51906;1
58857;1
74778;2
84857;1
74020;1
78711;1
82711;1
74024;1
53929;1
46630;1
63833;1
68561;1
79863;1
78330;1
58848;1
50393;1
41822;1
41019;1
52800;1
78344;1
79870;1
50836;1
74000;1
84836;1
46109;2
84834;1
44862;2
83772;2
80384;1
55436;1
59006;1
59000;1
75907;1
43721;1
32018;1
53579;1
41859;1
56199;1
39669;1
43728;1
43723;1
48863;1
43722;1
55029;2
54624;1
41466;1
54628;1
75115;1
53941;1
39674;1
44851;2
39259;1
41072;1
60178;1
74737;1
59017;1
74738;1
59016;1
44859;2
63074;1
86035;1
41077;1
43739;1
70780;1
60586;1
49359;1
63889;2
81619;1
55038;1
53979;2
37743;1
47660;2
47661;1
59021;2
86776;1
49326;1
29974;1
43704;1
43707;1
55003;1
80358;1
47261;1
49331;1
53153;1
70757;1
59038;1
73665;1
41053;1
60562;1
48839;2
53151;4
80794;1
44087;1
39271;1
49338;1
55016;1
30689;1
66654;1
66236;1
69169;2
42646;1
70724;1
49386;1
75145;1
52089;1
38183;1
60533;1
74092;1
48820;1
72982;1
80783;1
59042;1
75942;1
53980;2
60138;1
42636;1
35780;1
52073;1
67779;1
44897;1
75159;5
92440;2
52861;1
48810;1
72973;2
74492;1
86764;1
48819;1
32400;1
80759;5
44889;1
67745;1
75123;1
52061;2
60512;1
59477;1
86736;1
79262;1
38160;1
41085;1
48809;1
49931;1
67752;1
67754;1
66225;1
60112;1
44873;1
44043;2
49379;1
59466;3
52888;2
43021;1
59079;1
70723;1
29053;1
44533;1
82248;1
74455;3
31423;1
76105;1
44534;1
72166;2
72164;1
82240;1
82242;1
76911;1
81193;2
81192;1
76523;1
80410;1
85092;1
47733;5
44544;1
54690;1
85086;2
84480;1
38532;1
54697;1
54696;2
67014;1
47722;1
57774;2
38113;1
35295;1
65276;1
76125;1
30602;1
55721;1
84492;1
65660;1
54684;1
82214;1
68848;1
48394;1
59890;1
48393;1
68843;1
72137;1
72540;1
34628;1
81579;4
44119;2
59895;1
55787;1
48778;2
84432;1
68819;1
48382;2
84434;1
48383;4
47771;1
61305;1
47779;1
70293;1
48259;1
64158;2
74428;1
55797;1
55793;1
53534;1
48370;1
31478;1
83318;1
88198;1
48780;1
54260;1
44821;1
56608;1
48757;1
53505;1
84459;1
84458;1
53501;1
48233;1
53502;1
47753;1
45618;1
54646;1
71910;1
64184;5
70678;1
53518;2
70677;1
57793;2
70672;1
39229;1
47743;1
42292;1
48246;1
87504;1
71908;6
80446;2
50938;1
77224;1
45679;1
84931;3
67491;1
84009;1
70258;1
50389;1
76185;1
84002;1
48212;1
77634;1
76995;1
68496;1
42202;2
54219;2
84925;1
64535;1
51424;1
64538;1
76999;1
86432;1
68093;1
48336;2
40349;2
71435;1
48227;1
58407;1
45127;1
45124;1
84404;2
85009;2
54228;1
61744;1
88684;1
70234;1
63474;1
64132;1
86428;1
48327;1
62854;1
51812;1
51810;1
56698;1
84021;1
71012;1
51809;2
85039;1
84413;1
61736;2
50354;2
40322;1
68072;1
36738;1
51801;1
76190;1
45648;1
51802;2
62868;1
45141;1
48315;2
84428;1
64521;1
54208;1
54209;1
77644;1
83373;1
84914;2
77251;1
84915;1
52450;2
48304;3
86404;2
62830;1
50349;2
62832;1
69593;1
61382;2
50341;1
81154;2
82281;1
76146;1
78288;3
61790;1
82681;1
40304;2
51052;1
52469;5
88655;1
71068;1
85041;1
64506;1
42231;2
78279;1
75551;2
62812;1
50324;1
58797;1
38565;1
52478;2
75526;1
68872;1
65239;1
76164;1
51441;1
61771;2
81139;1
65230;1
64108;1
64107;4
45187;2
52483;1
37037;1
62822;1
57714;2
33934;1
70200;2
45688;1
85069;1
45680;1
77295;1
82254;1
65226;1
37031;1
77687;2
56660;1
69527;1
69526;1
51378;2
58092;1
75698;1
58097;1
78258;2
71790;1
52561;1
52562;1
74158;3
78668;1
69938;1
78666;1
77084;1
36105;1
78266;3
52964;1
52967;1
55364;1
58490;1
52557;2
78655;1
84998;2
82851;1
48901;1
88317;1
88311;2
69950;1
53206;2
52155;1
71765;1
39712;1
33678;1
51388;1
64497;1
69013;1
64494;4
52531;1
55387;1
52938;1
74691;1
78635;1
53218;1
46782;3
69550;1
40296;1
70411;2
45104;2
87237;1
84171;1
87238;1
78219;3
58468;3
47357;2
52102;1
74640;1
50274;1
67262;1
78624;1
46215;2
73515;1
84176;1
60483;1
45118;1
78221;1
76890;1
52924;1
50962;1
67277;1
43391;1
74125;1
52512;1
86582;1
74630;1
84956;1
57392;6
84957;1
84954;4
86585;1
86586;1
40237;2
59116;1
74633;1
74634;3
78220;1
87256;1
60495;2
45911;1
37600;1
50972;1
63728;1
86599;1
84158;1
86592;1
74663;1
63321;1
78607;1
40630;2
64453;1
86196;1
47369;1
82826;1
87249;1
63726;2
50985;1
63719;1
67297;1
50979;2
74651;1
58978;1
63337;1
80801;1
58048;1
37622;1
60977;1
83086;1
60971;1
42706;2
60049;1
75207;1
67826;1
83874;1
73550;1
49200;1
36178;1
49202;1
41755;1
39381;1
49208;1
43828;2
53673;1
35858;1
53261;3
46714;1
67833;1
37636;1
36183;1
39771;1
83868;1
49216;1
46721;2
60444;2
60445;3
63743;1
46720;1
60442;1
47793;2
53668;3
79798;1
53271;1
83065;1
83892;1
83068;1
61070;1
73570;1
73958;1
39788;2
81746;1
43844;1
60458;1
35872;1
88398;1
53280;3
86670;1
37656;1
73569;1
53296;2
67851;1
76485;1
39795;1
38704;1
63766;2
49238;1
46702;1
53294;2
74608;1
60462;1
56250;1
32528;1
75247;1
73590;1
43303;1
60930;2
61092;1
76417;1
80879;1
55816;1
80884;1
32113;2
52189;1
59182;1
66743;1
52994;1
73584;2
73589;1
67877;1
59197;1
60937;1
59199;1
63780;1
73999;1
79390;1
89022;1
35886;1
81759;1
42762;3
41396;1
49262;2
37688;1
67882;1
52979;1
86631;1
69990;1
52972;1
86633;1
54702;1
75274;1
75278;1
73015;1
69989;1
55829;2
38295;1
41769;1
85516;1
52981;1
48930;1
60424;2
54396;1
81295;2
68958;1
72416;1
47833;1
64888;1
54390;1
64885;1
71364;1
79479;3
65917;1
72018;1
56338;1
66703;1
65145;1
42375;1
81692;1
56742;1
71373;1
83910;1
65551;1
71370;1
49283;2
68974;1
72933;2
68971;1
68970;1
48173;1
53606;1
74570;2
65941;1
77591;1
77592;1
45097;2
51792;1
71383;1
79457;2
53614;1
77581;1
51787;1
44902;1
45083;1
65530;1
51780;1
71391;1
64088;4
71390;2
65534;2
71394;1
84577;1
64050;1
43876;1
83935;1
83937;1
65584;1
83055;1
65195;1
48116;1
83459;2
84588;1
70794;1
59637;1
48888;1
43869;1
64063;6
73060;3
68920;1
84582;1
43865;1
74529;2
47869;2
54758;1
60891;1
83951;1
60894;2
38203;1
74531;1
60092;1
65988;1
53643;1
53640;1
37739;1
32060;1
64862;2
60095;1
54789;1
83031;4
44938;1
60882;1
39337;2
65173;1
65174;1
83432;1
38222;1
74549;2
65999;1
56312;1
54381;2
83026;1
64047;2
64852;2
44949;1
64857;1
46303;1
61449;2
70357;1
69499;1
77536;2
62295;1
76850;1
68350;1
86534;2
51945;1
45935;1
34289;1
48432;1
77520;1
45029;1
44488;1
45930;1
37125;1
37127;1
64825;1
77932;1
61464;1
61463;1
75622;1
75623;7
58518;1
45014;1
48109;1
51700;1
64815;1
46313;1
84110;2
61473;1
51315;1
61861;1
75635;2
84524;1
58529;1
77501;3
61860;1
76882;1
51310;1
82778;1
91331;1
34779;1
48408;1
45070;2
51736;3
71322;1
76811;7
77160;2
71863;1
57435;1
29482;1
61491;1
61492;1
51985;1
77941;1
56784;2
65104;1
77565;2
84501;1
45974;1
69443;1
75658;1
52579;1
77974;1
71342;2
88784;1
86527;1
62278;1
44458;2
62274;1
35396;1
45989;1
47402;2
46694;2
62960;1
69464;2
71351;1
47801;1
62281;3
34763;1
71359;1
76015;1
76014;2
91753;3
69469;1
47417;1
55233;1
85878;1
55237;1
84272;1
58622;2
52625;1
55949;2
63200;1
82958;1
47015;1
52242;1
79605;1
62563;1
47907;1
84284;1
55953;1
78958;1
71688;1
85476;1
84280;1
79614;1
59212;1
52237;1
85217;1
84296;2
51292;1
43914;1
82944;1
52643;3
52647;1
79628;1
41241;1
56382;2
78579;3
78979;1
68797;2
33762;1
78583;1
74993;1
78972;1
82046;1
62534;1
52212;1
52219;1
51289;2
91389;1
69836;1
77884;1
57484;1
40954;1
69834;1
69835;1
60349;2
46391;2
51274;1
68781;1
46397;2
46896;1
69422;2
83196;2
52283;1
78996;1
57492;1
77891;1
55912;1
55914;1
78994;2
71639;1
48626;1
69821;1
50662;1
83182;4
83599;1
67186;1
64301;1
53393;1
85814;1
87312;1
67189;1
69404;1
83981;1
52678;1
86266;1
67553;1
43943;1
60311;2
48605;1
52259;1
46384;1
70017;1
45374;1
33331;1
50646;1
82969;1
83992;2
83991;1
86948;1
68335;1
68332;2
60777;1
47988;1
39043;1
86995;1
39872;1
39873;1
39876;1
50181;1
67522;1
60769;1
47096;1
68330;1
47981;5
73496;2
53365;1
48090;1
66874;1
60783;1
81419;1
80936;1
80937;1
48091;2
53364;2
66480;1
60780;1
79697;1
70981;1
66488;1
83560;1
69868;1
74936;1
74935;1
67532;1
70977;1
42871;1
79019;1
47087;1
60755;1
53353;1
60757;2
44274;1
81408;1
60752;1
50672;3
74918;1
53771;2
70944;1
68722;1
53773;1
75365;1
79026;1
66093;1
76773;1
47079;2
53776;1
58189;1
47073;1
67508;1
67509;1
46800;1
60765;1
53343;1
60764;1
47475;1
39079;2
32631;1
74913;1
54157;1
68713;1
73466;1
79035;2
61198;4
82515;1
63651;2
78519;1
53707;1
59656;2
70083;1
54856;1
53715;1
39420;2
88030;1
39837;1
54146;1
68309;1
47958;1
46826;1
47452;1
42829;1
70079;1
56953;1
46820;1
79052;1
53703;2
80981;3
80569;1
89912;1
54137;5
53317;1
79665;2
70994;1
41283;1
39026;1
39020;1
46833;1
78539;1
62506;1
56943;1
53734;1
42177;1
80126;1
54836;1
52601;1
54834;1
54129;3
74282;1
61170;1
72821;1
59273;2
72808;1
50197;2
82500;1
53307;1
66066;1
46841;1
82009;1
36061;1
82004;2
39809;1
73424;1
75318;1
39901;1
61545;1
92521;1
64394;1
39906;1
73934;2
61146;1
44735;1
81980;1
61141;2
49672;1
72764;2
54897;1
61554;2
48026;2
80225;1
62150;1
60811;1
59730;1
44748;1
44745;1
75710;1
89090;1
81997;1
43522;1
48020;1
44328;1
61520;1
54882;2
61521;1
61522;1
44329;2
49659;1
44709;1
71282;1
84696;1
76327;1
61126;1
54479;1
61128;1
72344;2
84690;1
49647;1
49648;1
81969;1
48004;1
48009;1
49646;1
71298;1
80202;2
54482;1
80205;1
44725;2
59754;1
59752;1
65853;1
61528;3
56000;2
60858;1
65402;1
72791;1
50543;1
65408;1
72799;1
82487;2
44773;2
43578;8
57072;1
61106;2
60862;2
53799;1
73164;1
56406;1
65410;1
92550;1
76756;1
44787;1
41629;2
48066;1
38383;1
66844;1
61508;1
55517;1
55514;1
37248;1
62185;2
81327;1
62189;1
65420;3
54077;1
91879;1
72387;1
54071;1
57094;1
66813;1
66105;1
51641;2
35452;1
65432;1
68232;1
41614;1
50514;1
51646;1
76350;2
50120;1
82456;1
54081;1
57990;1
66821;1
76359;1
35457;1
65810;1
74209;1
60832;1
64732;1
77021;1
83144;2
91034;1
75782;1
54414;1
51220;1
51221;1
76383;1
70451;1
52694;1
77852;1
70452;1
57969;4
63297;1
64748;1
83158;1
82092;1
51619;1
56440;1
51231;1
51232;3
51625;3
57973;2
64320;2
64321;1
51204;1
44799;2
77455;1
58558;1
84220;1
48527;1
31927;1
77831;1
48529;1
45859;1
77446;1
56420;1
78907;2
56421;1
58568;4
58566;3
56425;1
78017;1
78019;1
70441;1
64341;1
78909;1
48583;1
54454;1
54455;1
72325;1
90888;1
57927;1
64353;1
57926;1
55999;2
36522;2
55992;3
46445;1
57527;1
54469;1
54467;2
61982;1
57522;1
72317;1
83111;1
45420;1
78921;1
36516;1
84234;1
84655;1
77418;2
64759;1
83122;1
64758;1
45802;2
75721;3
81916;2
78933;1
48553;1
81932;1
42414;1
78943;1
62620;1
46410;1
48554;1
55961;1
84252;1
50706;1
46064;1
74880;1
78866;1
46459;1
64680;1
78454;1
64684;2
71595;1
79503;1
67023;1
49402;1
46999;1
41957;2
45282;3
47113;1
52342;1
74871;2
28948;1
52757;5
62409;1
66509;1
78858;1
82165;1
86347;1
51160;2
28949;1
78463;2
87462;1
51164;2
34519;1
40413;1
62418;3
45290;1
46058;1
40025;1
55111;3
59320;1
46472;1
49031;1
42516;1
70618;2
34544;1
49425;1
78439;1
78070;1
40011;1
52736;2
33868;1
53016;1
58733;1
53010;3
49029;1
46480;1
68690;1
78447;1
59332;1
49020;1
62432;1
68691;1
52354;1
86802;1
50744;5
70609;1
50746;1
78082;1
67662;1
55138;3
58763;1
84815;1
78493;3
80082;1
58769;1
91484;1
45248;2
77744;1
45249;1
58262;1
80088;1
41909;1
77740;1
40045;1
57589;2
86816;1
62467;1
41913;1
40460;1
46493;1
82191;1
46495;1
77756;2
55123;1
40034;2
45253;1
87428;1
50767;1
50769;1
36341;2
51123;1
80613;1
78472;1
52782;1
70119;2
45266;1
33837;1
78031;1
87455;1
84802;1
70127;1
62487;1
54508;1
55145;1
80606;1
36367;1
69702;1
82188;1
69709;1
43133;1
50788;1
52398;1
62472;1
51142;1
47582;1
54040;3
46914;1
53060;1
47581;1
74360;1
53061;1
70186;2
79147;2
80048;1
56010;1
75489;1
47193;3
60626;1
83678;1
54910;1
40897;1
83671;1
72290;1
66576;1
73356;2
53069;1
67622;1
63540;1
80632;1
63548;1
75491;1
50039;1
53462;1
56028;1
53464;1
53465;2
68200;1
73341;1
69728;1
54036;1
60237;1
54038;2
49812;1
49490;1
74818;1
90319;1
73760;1
80665;1
73767;1
86877;1
81554;1
76671;1
49829;1
58283;1
40877;1
74820;1
54067;1
49823;1
60269;1
69756;2
54930;1
74371;1
79578;1
74372;2
53094;1
63562;1
66999;1
53486;2
58278;1
39170;1
79963;1
69749;1
54944;1
58271;1
56042;2
60258;1
39986;1
39528;1
89231;1
46954;2
46952;1
53434;2
46025;1
53432;1
65770;3
61295;1
47549;1
47548;4
74844;3
82606;1
52721;1
52725;1
49444;1
60282;1
59788;1
35601;2
46013;1
80677;1
80674;1
56813;1
41566;1
80668;1
52711;1
52710;1
47179;1
59777;1
41971;1
41970;1
69792;1
56849;1
41185;1
58700;1
65790;1
82628;1
54022;2
58701;2
42964;1
54026;1
83656;1
52702;1
67608;1
79930;2
46042;7
35622;1
47168;1
83638;1
79534;1
56837;2
53446;1
47571;1
74859;1
80010;1
54987;1
46030;1
41521;1
83703;1
38054;3
61641;1
47633;1
75417;2
51579;2
41523;1
79901;1
72222;1
39110;1
61240;1
80595;1
76204;1
36814;1
75039;1
59866;1
68168;1
62010;2
34948;1
38961;1
47621;6
37940;1
82537;1
75024;1
72218;1
81083;1
81084;1
72214;1
59873;2
62792;1
47658;1
81859;2
34028;1
84799;1
44610;1
43653;1
75012;1
75825;1
59844;2
75823;1
65335;3
75828;1
41553;1
77381;2
51587;1
66918;1
59859;1
75001;1
66926;1
83729;1
74309;1
74305;1
71128;1
38479;1
77373;1
72653;1
61603;1
37918;1
62065;1
63199;1
56100;3
44635;1
59825;1
43679;1
68127;1
82586;1
38475;1
56108;1
55604;1
43676;1
49724;1
76615;1
61615;3
76616;1
76619;1
76618;1
37341;1
63187;1
81455;1
73266;1
36865;1
61215;1
74329;1
50426;1
87024;1
89168;1
62085;1
62080;2
81076;1
60745;1
76229;1
76226;1
50013;1
77354;5
50411;1
61635;1
47600;1
71151;1
79201;2
79200;1
68130;1
36880;1
44255;2
87038;1
56118;1
56117;1
68134;1
45799;1
44662;1
77341;1
56119;1
54515;3
76289;1
84733;1
44676;1
71625;1
71624;1
75886;1
54512;3
70549;2
77714;4
84728;2
46504;1
48642;1
77323;1
44689;1
50429;1
49098;1
57669;1
54521;1
64601;2
70566;2
70569;1
62098;1
45324;1
70565;3
63145;3
84332;1
62701;1
83262;1
40478;1
45352;2
71603;1
70574;1
37332;1
50466;1
84707;1
56554;1
62711;2
81027;1
76252;2
87415;1
70588;1
71111;1
62726;1
48653;1
76251;1
70583;1
51506;1
57636;1
49047;1
84777;1
29211;1
46549;3
64257;2
75854;1
58301;1
52306;1
75069;1
78829;1
75061;2
78820;1
42569;1
91549;3
83220;1
75864;1
84751;2
85395;1
56590;1
56599;1
69276;1
63130;1
86321;1
54588;1
57647;1
83238;1
29220;1
46556;1
46555;1
57103;1
50496;1
64244;2
50809;1
75596;2
37097;1
78354;1
37092;1
52045;1
50899;1
69669;1
58369;1
50895;2
70305;1
28834;1
30223;1
78351;2
37089;1
71881;1
62356;1
85679;1
86723;1
69670;1
30210;1
84894;1
68532;1
78360;1
84890;1
75989;1
52819;2
37074;1
52029;1
69144;2
62342;2
80722;1
52028;2
55492;1
63004;1
50875;1
50878;1
46676;1
82745;1
46671;1
82741;1
80713;1
62332;1
75172;3
57235;1
37060;1
75569;1
85658;1
79839;2
74047;1
57230;1
58370;1
46149;1
58879;1
40380;1
63029;1
45200;1
79842;1
52009;2
89369;1
73653;3
53123;1
84860;2
84036;1
73658;2
74783;1
39636;1
63848;1
78329;1
41800;1
40754;1
61834;1
79853;1
63030;1
74778;1
55467;2
84857;1
74020;1
82711;1
74025;1
84854;1
47239;1
69602;1
41836;1
63832;1
79860;1
87110;1
79863;1
78331;2
63047;1
79866;1
63427;1
78330;2
91169;1
50840;2
63955;1
63057;1
52804;1
45231;1
79870;1
78341;1
50838;1
74001;2
91176;1
61804;3
55449;1
63817;1
39663;1
44862;3
75106;1
67720;1
55436;2
47290;1
86794;1
43721;1
86796;1
43011;1
47684;1
56199;2
41857;1
48863;1
53573;1
55029;1
49349;1
47284;2
30296;1
54624;3
49351;1
54627;1
83762;1
67738;1
44851;1
81624;1
41072;1
74738;1
43415;2
86036;1
70781;1
70780;1
49359;1
67705;1
39641;1
47270;1
55412;1
70747;1
37743;1
87150;1
73676;1
41044;1
59021;1
53556;1
41048;1
70755;2
53555;3
39647;1
55003;1
80358;1
52095;1
52092;1
56181;1
49331;1
59929;1
74716;1
53153;1
59038;1
48839;1
41055;1
66657;1
53151;2
74707;1
55018;2
59425;1
86787;2
59428;1
38193;1
40736;1
60566;1
55012;1
66236;1
49942;1
70724;2
75142;1
43444;1
52084;1
75145;1
43440;1
60533;1
38183;1
59456;1
59455;1
72982;1
59457;1
59042;2
49392;1
66242;1
56161;1
75159;6
43450;1
72976;1
92440;3
66635;1
70705;1
80759;2
59977;1
75932;1
49922;6
75123;1
49362;1
35771;1
44880;1
87587;1
65631;1
60513;1
59477;1
60512;1
52066;1
79263;2
43035;1
48809;1
41091;1
67754;1
66225;2
49377;1
52055;1
53584;1
72998;1
69199;1
46181;1
80750;2
82248;1
72164;1
67410;1
76911;2
81193;2
54293;1
47733;3
49875;1
72558;1
82231;1
56237;1
44549;2
76918;1
60605;1
81598;1
54696;1
72566;1
57774;1
49851;1
81172;1
56224;1
84492;1
65660;1
47719;1
49859;3
54687;1
43787;1
59893;1
82214;1
92337;1
74441;1
48394;1
48393;1
48392;1
81163;1
81575;1
42664;2
81579;2
42667;2
68812;1
55787;1
48778;2
68819;2
84436;1
84435;1
84434;1
47772;1
48383;1
61305;1
61306;1
61307;1
64989;1
64158;1
74428;1
48785;1
55797;1
53530;2
48789;1
55793;2
92394;2
47761;1
83313;1
48370;2
61316;1
41439;1
56608;1
48759;1
70687;1
53505;1
83328;1
47752;1
57786;1
47753;2
70274;1
64967;1
70270;1
41400;1
45612;1
71910;1
54244;1
64184;2
39221;3
70677;1
57797;1
72501;1
71908;3
64185;3
89764;1
50938;3
71916;1
45130;1
51007;2
48345;1
52498;1
52497;1
84002;1
68493;1
77634;1
85016;1
81111;1
54219;2
61758;1
71035;1
50945;1
75501;1
71039;1
50372;1
77236;1
68093;1
68091;1
64930;1
37015;1
76171;1
48227;2
45669;1
84404;1
54228;1
85009;1
77230;1
85003;1
92708;1
61743;1
88684;1
61726;1
50916;1
88688;1
82690;2
86428;1
48327;1
51812;1
62855;1
40315;1
64139;2
64921;2
56698;1
71012;1
61319;1
85039;1
51405;1
64512;3
85030;2
61733;1
50354;1
68072;1
77256;1
36738;1
40327;1
45648;1
84428;1
54209;2
85028;1
77644;3
83373;1
67464;1
84914;3
84915;2
48304;2
52450;1
86404;2
50347;2
62830;1
36726;1
61382;1
61380;1
77260;1
81154;1
76954;1
75547;1
85057;1
81150;1
75540;1
52460;1
51869;1
50338;2
51052;1
36718;3
71968;1
46570;1
57739;1
37440;3
61784;1
76966;1
83397;1
83398;1
42231;1
77666;2
65201;1
72579;1
50324;1
38565;2
52478;2
34112;1
45692;1
57316;1
77696;1
62805;1
76167;1
44557;1
61770;1
34667;1
34668;1
64107;3
45187;1
37420;1
57714;2
70200;1
82667;1
76942;1
45680;1
65226;2
77687;3
69527;1
69526;1
52146;1
52148;1
64487;1
71790;2
51375;2
52561;1
52949;1
52562;2
77988;1
78663;1
52566;1
78666;1
79715;1
34311;1
33699;1
82849;1
75685;1
78266;4
85531;1
55364;1
52553;1
78654;1
75297;1
48901;1
36119;1
52164;1
40688;1
39708;1
80861;1
85954;1
52926;1
70426;1
52546;1
53206;1
71765;1
34336;1
69553;1
39712;2
29157;1
52151;2
33678;1
47329;1
69013;1
64494;1
88745;1
52531;2
48501;1
43378;1
74691;1
82871;1
74692;1
48507;1
46782;2
70411;1
45104;2
86188;1
45107;1
78219;1
47357;1
52102;1
39722;1
52524;2
74640;3
76497;1
46215;1
46218;2
59104;3
86184;1
60483;1
87220;1
84181;1
46769;2
52924;1
50961;1
52508;1
67277;1
39732;1
47346;1
57392;10
86585;2
58451;1
91290;1
78616;1
40237;1
59116;1
36543;1
59118;1
74633;1
36550;1
89486;1
79722;1
60495;1
34305;1
58443;2
52120;1
40266;1
84159;1
73533;1
40630;2
86198;1
52111;2
58437;1
82826;3
61956;1
67290;1
47365;1
80801;1
40257;1
58048;1
44969;2
47788;1
86140;1
73550;2
60429;1
49200;1
36178;1
80243;2
41755;2
86658;1
47399;1
53675;1
43828;2
53673;1
61054;1
53261;1
60967;1
86148;1
41750;1
37633;1
87678;1
83860;1
67833;1
58914;2
49213;1
83868;1
49216;1
46721;5
66771;1
49215;1
63743;1
60442;2
59548;1
47793;1
63740;2
48958;1
53668;1
70888;1
79798;1
83065;1
83890;1
83891;1
87295;1
83068;1
41359;1
54731;2
37643;1
37644;1
76472;1
67846;1
74620;1
32137;1
43844;1
60458;2
69082;1
53280;1
79764;2
68907;1
58007;1
90599;1
73569;3
74614;1
58006;1
83073;1
59520;1
76485;1
83884;1
48979;1
63766;1
53294;1
81778;1
32528;1
36133;2
73590;2
76418;1
90582;1
52996;1
55816;1
52997;2
86610;1
60925;1
41799;1
52184;2
59182;1
66743;1
52994;1
78696;1
78697;1
80277;1
89026;1
75251;1
73589;1
69074;1
61086;1
63780;3
73999;1
79390;1
56269;1
48191;1
35885;2
81759;1
78689;1
42762;2
41396;1
75268;1
86631;1
37685;1
66351;2
48948;1
52975;1
56276;1
52970;1
75261;2
66762;2
80299;1
42752;1
69989;1
43337;1
69981;1
55829;1
85516;2
52981;1
60425;1
72950;1
55843;1
65923;1
74553;1
89859;1
47833;1
64888;1
64885;1
51773;2
79479;3
83017;2
79463;2
72017;1
91773;1
83409;1
56742;1
65554;1
89840;1
71370;1
65551;1
56369;2
31308;1
82364;1
72933;1
68970;1
53606;1
66718;1
65941;1
53604;2
77590;1
77592;1
45097;3
47851;1
51792;2
79458;1
79457;1
76802;1
49983;1
65950;2
51787;1
87601;1
71392;1
56350;1
65534;1
79447;1
65961;1
65197;1
48113;1
64051;2
55882;1
64050;1
30768;1
65964;1
79434;1
80313;1
65585;1
60079;1
70393;1
48116;1
39340;1
86694;1
61012;1
65187;2
64063;6
73060;1
61019;1
60891;2
37708;1
73063;1
60086;1
60894;1
44926;1
82325;2
43891;1
84555;1
48897;1
65988;1
53643;2
80329;1
53640;1
44930;1
32060;1
64035;2
38216;1
65173;2
65174;2
83434;2
31829;1
68941;1
74549;1
38615;1
64047;1
44949;1
87647;2
83429;1
64857;1
61433;1
72499;1
70357;1
83485;1
77536;4
62969;1
68353;1
76070;1
36610;2
64022;1
61844;2
48432;1
44487;1
44488;1
36641;1
64821;1
74105;1
36645;1
77930;1
61463;1
45555;1
61461;1
63371;1
77102;1
51933;1
83460;1
37533;1
61879;2
75623;6
45017;2
76874;1
45014;1
50257;3
46312;1
64815;1
84110;1
61473;1
50253;1
51315;2
61861;1
45955;2
84524;2
76883;1
77501;3
38684;1
82778;1
48408;1
68990;1
62933;1
33236;1
77575;1
81256;2
68397;2
76811;12
75646;1
51328;1
71863;1
75649;1
29482;1
82786;1
77947;1
78171;1
77949;2
77565;1
45974;2
69443;1
51336;1
88784;1
34251;1
48425;2
51754;1
71344;1
71347;1
77556;1
62277;1
77554;1
62274;1
46693;1
45587;1
62968;1
48412;1
62281;1
86518;1
77967;1
50217;1
76015;2
91753;2
51357;1
42358;1
55237;1
59205;1
84272;1
58622;1
85876;1
63607;1
78965;1
86907;1
63200;1
52621;1
62568;1
79609;1
47015;3
79605;1
79081;1
52247;2
55222;1
63215;1
84284;1
52616;1
82027;1
40507;1
43298;1
40515;1
47006;3
71685;1
84280;1
56393;1
85214;1
49143;1
56396;1
84296;1
51292;1
55927;1
36419;1
52643;2
43267;1
80992;1
49524;1
41241;1
56382;3
40941;2
55930;2
40945;1
67593;1
78588;1
70543;1
57484;1
68786;4
52661;1
49119;1
52660;1
60349;1
69835;1
46391;1
49113;1
40561;1
49112;1
70002;1
49508;1
49509;1
91102;1
40569;1
46896;1
41226;1
51279;1
55912;1
66449;1
70530;1
42120;1
71639;1
70938;1
48627;1
48621;1
89570;1
50661;1
86283;1
83182;2
86964;1
49513;1
58113;1
83599;2
83597;1
58141;1
67186;1
70903;1
69813;1
46373;1
83983;1
62583;1
87312;1
69407;1
58147;1
71673;1
70022;1
62588;1
67954;2
48606;1
69808;1
82971;1
43943;1
67553;1
60311;1
70012;1
46384;2
51241;1
67945;1
85415;1
45372;1
85412;1
82969;1
71669;1
63698;1
60777;1
50189;1
39873;1
79682;1
69875;1
68740;2
42888;1
54813;1
81435;1
47981;11
83577;1
53365;1
56994;1
60786;1
35547;1
66874;2
60783;1
73897;1
80937;1
60787;1
70036;1
60378;1
74936;1
79018;1
54823;1
53353;1
60757;2
81408;4
53357;2
47463;1
74918;2
32641;1
80517;1
68720;1
31534;1
53773;1
69853;1
73473;1
67508;1
46800;1
60766;2
36029;1
50689;1
47475;1
46806;1
39076;1
68713;1
53763;1
79035;1
42143;1
61196;1
61198;2
62520;1
63651;2
59656;1
54856;1
83537;1
53715;1
82506;1
73458;1
47443;1
39837;3
68309;1
63640;1
61188;1
68300;1
79052;2
53703;4
83522;1
88043;1
54137;2
59257;1
79665;3
72815;1
41283;1
80561;1
79062;3
83506;2
46833;1
62506;1
63636;1
62500;1
79065;1
31577;2
36052;2
83510;1
41690;1
41691;3
54836;1
54834;1
54129;3
47428;1
74969;1
85897;1
61170;1
47423;1
41280;1
47430;1
78542;1
89513;1
79071;1
70093;1
39417;1
47970;2
53725;1
73427;1
62103;1
73424;1
75318;1
81381;1
72756;1
39900;1
64394;1
80212;1
61146;1
59726;1
61554;1
80225;1
60811;2
44748;2
84684;1
65046;2
66801;1
48020;1
66805;1
61520;1
54882;1
81958;1
61522;2
44329;1
72733;1
81959;2
65071;1
65465;1
54889;1
71282;1
61125;1
61126;1
65849;1
84693;1
54479;2
61128;1
44718;1
84690;1
84697;1
44711;1
48599;1
41651;1
71297;1
71298;1
65477;1
42099;1
54482;5
65853;1
81970;1
48597;1
76310;1
55536;1
30163;2
56000;1
65402;3
72791;1
41626;2
54099;2
76344;1
48057;1
54092;1
82487;1
43578;2
57072;1
87720;1
51663;1
56406;1
34849;2
61513;2
50535;1
48067;1
44785;1
43560;1
61508;1
38388;1
49620;1
37248;1
64704;1
65420;2
54077;1
50523;1
45880;1
45883;1
54071;1
72380;1
38767;1
81331;1
60827;1
65434;1
62175;2
71251;1
65432;1
62173;1
41610;1
35047;1
48041;2
54081;1
50509;1
76359;1
35457;1
59713;1
82451;1
50124;1
82452;1
68238;2
43547;2
82450;1
74209;1
72379;1
77021;1
91033;1
54414;1
35038;1
77857;1
57969;2
54421;1
30101;1
42472;1
51232;2
55190;1
76373;1
51625;2
57971;1
64320;1
64321;1
91010;1
51202;1
77458;1
44799;1
48527;1
43983;2
56416;1
54404;2
57046;1
78907;1
48516;1
58568;1
58566;2
84218;4
31266;1
84637;1
91426;1
65482;1
54451;1
45437;1
64353;1
61582;1
57929;1
57926;1
63253;1
55999;2
78914;3
36520;1
46447;1
55994;1
55992;2
83116;1
81952;1
28613;1
54467;1
92194;1
61989;1
49194;1
83111;1
63245;1
65496;2
64362;1
65498;2
78921;1
31271;1
84230;1
38302;1
81946;1
63248;1
84654;1
84655;2
49160;1
75723;2
64759;1
64758;1
45802;1
77416;1
75721;1
85273;1
67235;1
36507;1
69376;1
61562;2
90867;1
36502;1
58598;1
49177;2
84666;1
84660;1
75737;1
42414;1
71709;2
70485;1
78949;2
61575;1
62620;1
84253;1
84252;1
46065;1
53812;1
49400;1
78864;1
40007;1
46459;1
64680;1
79503;1
67023;1
49404;1
78093;1
58229;1
45282;1
53800;2
77798;1
50719;1
46050;1
67030;1
86347;1
85726;1
51160;2
52752;2
78463;1
51164;3
77790;1
62418;2
40415;1
62413;1
50729;1
46086;1
36317;1
55111;4
71573;4
41144;3
46470;1
46472;1
39501;1
70617;1
78070;1
67055;1
67054;1
52736;1
55109;1
67053;1
33868;1
53017;1
48702;1
53016;2
58733;1
55102;1
53012;2
59331;1
49023;1
59332;1
49020;1
62431;1
46483;1
68691;1
71568;1
50744;1
41920;1
48715;2
77748;1
78493;1
80082;3
45249;3
77740;1
78498;1
40460;1
46493;1
62463;1
40465;1
51133;1
84805;1
77756;1
55123;3
43110;1
67073;1
68637;1
40456;1
67671;1
70137;1
51124;1
51123;1
78472;1
80617;1
48730;2
78885;2
78883;1
50776;1
51159;1
50770;2
78476;1
55153;1
40845;2
52771;1
85701;1
80606;2
80607;1
60217;1
60210;1
50788;2
40430;1
62472;2
78485;1
62474;1
54040;2
46914;1
50794;1
74360;2
53061;2
86851;1
60633;1
54909;1
32351;1
67627;1
80048;5
47193;4
60626;1
79998;1
89276;1
69733;1
47192;1
72290;3
63540;2
54031;1
50033;1
68208;1
33413;1
63548;1
53462;1
53464;2
53467;1
42022;1
47187;1
69729;1
73233;1
54036;1
39968;1
54038;5
50065;1
80665;2
73765;1
73242;1
76671;1
58285;1
76677;1
79562;1
74820;1
40877;1
80060;1
54067;1
60269;1
68625;1
53094;1
74372;1
63561;1
46900;1
79963;1
69749;2
54944;1
58271;1
76689;1
69742;2
54054;2
49836;1
42996;1
54058;1
39989;1
86897;1
39528;1
86898;1
46954;3
49446;1
53434;1
88967;1
65770;1
82613;1
41162;1
82614;1
46956;1
73316;1
47543;1
72700;1
74844;1
82116;1
52725;3
49441;1
49444;1
47151;1
46013;1
41988;1
80677;3
82620;1
74837;1
47557;1
56809;1
53450;1
59777;1
43603;1
56846;1
41971;1
72724;1
58700;1
54022;1
53047;3
58701;1
54028;2
52703;1
67608;1
54029;1
81513;1
46045;1
46042;4
63528;2
83638;1
56837;1
53446;1
90349;1
74854;1
53058;1
39948;2
32773;1
54016;2
80010;1
74857;1
60294;1
46030;2
68161;2
38059;1
38054;1
44205;1
41529;1
79908;3
75417;1
51579;1
41523;1
61648;2
47637;2
59866;1
38956;1
69286;1
47621;3
62019;3
43621;1
44601;1
61253;1
83708;1
65738;1
81084;1
38966;1
38971;1
62792;1
34917;1
47658;1
37975;2
77394;1
88087;1
75438;1
84799;1
43654;1
66048;1
64284;2
65335;1
83734;1
66919;1
77381;2
88074;1
38468;1
53413;1
30069;1
75003;1
75001;2
30066;1
38049;1
44627;1
59857;1
36846;1
74305;2
51537;2
38095;1
50403;1
38479;2
61603;1
62065;1
37351;1
63199;2
44635;1
56103;1
56104;1
82586;1
77377;1
66938;1
77378;1
81886;1
65318;1
61615;2
61614;1
71132;1
73392;1
73266;1
73263;1
59831;1
50006;1
28556;1
76232;1
74322;1
71145;1
50426;2
56510;1
44264;2
44262;1
36878;2
35190;1
38492;1
76223;3
44650;1
34064;1
43696;1
77354;3
79209;1
74902;1
51546;1
47600;1
49746;1
61630;1
79201;2
79200;2
44255;1
41510;1
38899;1
35181;1
45799;3
44665;1
61230;1
44662;1
57184;1
74340;1
56119;1
77332;1
62494;1
40493;1
78142;1
75887;2
75886;1
54512;1
70549;1
63156;1
84728;1
87007;1
44684;2
49098;1
69201;1
49093;1
54521;1
78138;1
70566;2
45324;1
55055;1
84333;1
64228;1
50435;1
91965;1
57153;1
76264;1
81034;1
45352;4
40478;1
63172;1
71603;1
57696;1
69233;1
37332;1
50466;1
46520;4
81027;1
81023;1
63161;1
87415;1
51116;1
37329;1
83276;1
85166;1
45757;1
71605;2
46519;2
48653;1
50455;2
31190;1
83244;1
43074;1
64636;1
64630;1
42541;1
85376;1
85375;1
31122;1
49041;2
70590;1
46549;2
86301;1
63114;1
75854;2
58301;1
64641;1
92057;1
75069;1
57124;2
75061;1
78820;1
45707;1
72204;1
91549;3
83220;1
84751;1
50822;1
52316;1
85395;1
56599;1
56598;1
57115;3
29236;1
45718;1
54585;1
84766;2
75048;1
81829;1
30502;1
88572;1
50495;1
64244;2
50809;1
55222;1
