33549;1
62360;2
71890;1
78358;2
78356;2
75596;3
52048;1
63924;3
52045;4
71897;3
50896;1
52044;1
63920;3
36237;2
50895;2
47211;1
63809;4
86709;1
86708;1
63917;2
78352;2
78351;1
52806;4
58893;4
78369;1
58892;1
71881;1
62353;1
62355;1
90623;2
71887;1
62356;3
46662;1
69679;1
79816;1
52031;6
34213;1
58896;1
52819;1
62342;3
89348;1
62341;2
50870;6
50871;1
79820;1
69648;2
50875;3
85643;1
63005;1
50878;9
46673;5
69642;1
69640;5
58884;3
58885;1
58886;1
86099;1
63015;2
58871;1
64599;5
75560;1
88222;1
50882;3
46689;1
36224;2
33573;1
63019;6
86705;3
62336;4
79839;3
63906;1
63909;1
89350;1
58879;1
86093;2
40380;1
63028;4
63852;1
49308;1
63029;3
69625;4
63964;2
63858;2
61821;4
69624;3
87138;1
52009;1
63024;2
29547;1
29546;1
45203;2
63851;2
87131;1
59911;1
63849;1
61817;5
61814;3
61815;1
61818;1
63848;4
62317;1
46622;2
61835;9
61834;10
46623;2
63033;9
63972;1
64576;2
46628;1
45212;1
50860;1
45211;1
79853;2
64575;1
63030;3
78323;1
58857;1
91195;3
59902;19
59907;2
50859;7
59905;1
77608;5
47239;2
62305;2
69602;3
77604;1
46630;1
63832;1
86065;1
79860;2
62300;1
29524;3
64562;4
69606;1
45223;2
63043;1
64566;1
78330;1
40361;1
58848;2
47232;1
50828;1
40362;4
58847;1
47230;1
39615;1
50840;2
63825;2
61812;6
63822;9
47223;1
63955;1
29537;1
77611;1
29536;1
63057;3
63054;2
89397;1
78348;1
45231;1
63051;1
63948;6
50839;1
66690;3
61804;9
63817;2
41477;1
58829;3
49345;1
59958;2
59954;2
87172;2
80382;1
47290;3
59000;2
70775;1
32018;1
86796;6
70778;1
59003;2
86044;1
63892;3
43013;1
63068;2
48867;2
39669;1
66689;3
63897;2
43723;1
53573;3
32017;1
43722;2
55028;1
55029;5
49349;2
41466;1
39675;1
79891;1
59943;2
59017;1
59016;7
86035;2
63074;12
79898;1
43731;1
86036;1
60584;1
63079;1
66678;3
39679;1
70780;6
53563;5
66676;1
60586;2
43736;1
48853;2
53562;1
36292;1
47270;3
70746;7
87151;1
87152;1
86023;1
32926;3
63089;1
59021;6
53556;1
86775;1
49326;2
63984;3
63985;1
53555;3
63874;1
43707;3
63988;1
39647;1
55003;2
80357;2
39652;1
80358;1
52095;2
47261;3
70757;3
59038;3
59031;1
60562;3
86782;1
53547;2
48837;1
70767;13
46606;2
63994;1
66652;1
52098;2
55018;5
53540;6
86787;3
60565;5
48835;1
30689;2
63865;5
47268;2
90688;1
59048;1
59994;1
70724;1
52089;2
88239;2
60533;2
72987;3
85626;2
48820;1
32942;1
70733;1
59992;1
88238;2
59042;3
43056;2
32929;1
59987;1
59985;1
52073;3
72976;2
85637;1
52078;1
48810;1
68105;10
72973;3
70742;3
59977;2
35771;4
39680;1
52061;2
49367;5
60513;1
52066;1
52065;1
39688;1
86736;2
66623;1
66626;2
87199;1
72171;1
52876;3
72178;4
48809;11
88255;1
70718;1
49371;1
49377;1
39693;1
53580;2
52055;3
53583;3
53584;3
54197;1
85616;1
52881;1
35769;1
74474;2
52888;1
52885;1
59079;8
70723;2
74454;1
72162;1
44534;2
76100;1
68859;1
68856;3
81195;1
76914;1
55743;1
76911;1
81193;1
68851;1
74458;1
44536;1
30624;1
59094;1
37493;1
54293;2
80410;1
85092;1
37496;1
65251;1
44545;2
44544;1
65242;3
66608;2
85086;1
84480;2
82231;2
37489;1
44549;1
81180;1
76922;5
37480;1
76917;1
60605;2
56648;3
56645;1
57774;2
72142;1
76126;1
74432;4
38528;1
48797;1
48796;2
60602;1
42260;1
65270;14
57740;1
65272;3
59893;2
43787;1
68846;1
81169;1
59891;2
68848;3
65265;1
74441;1
59890;1
65263;1
76900;1
74448;1
81164;1
65261;5
68812;8
55787;1
48778;2
31468;1
38507;1
84436;1
84435;1
74411;1
84434;2
68818;3
41429;1
68065;1
43769;2
30659;1
30656;1
55793;6
44502;1
31478;1
44500;2
84449;1
31472;1
72111;2
41434;1
41439;1
41438;1
48780;2
80468;1
56608;1
80463;1
48783;2
70680;5
70681;1
84452;1
83320;1
48759;1
70687;1
55767;3
83322;1
70683;1
53501;1
57780;2
70686;1
57786;2
41402;1
34197;1
83331;1
71910;4
30639;1
84460;2
53517;1
42299;1
53518;2
70677;3
68806;6
42296;1
71908;3
68030;11
80445;1
80446;1
71901;3
50938;4
67491;1
71919;3
71916;1
37410;2
45130;1
76182;1
77634;2
61750;4
71030;1
85019;1
71033;2
77630;1
54218;2
54219;3
76189;1
37412;1
51424;2
64534;15
51423;3
51422;3
85013;1
51428;1
83341;1
61751;1
76999;1
50929;2
75509;1
50928;1
67481;1
68093;6
29585;1
68091;6
76172;1
77621;1
85007;1
45127;1
45124;2
45125;1
84404;4
76175;1
85009;1
34188;1
61744;1
71028;2
71939;1
61726;3
50916;1
29577;1
56698;2
45153;1
31487;1
85039;1
76972;1
84413;1
50922;3
64517;3
61730;4
71942;2
61736;3
64512;5
85030;1
85033;1
71014;1
76190;3
84428;1
64521;1
64520;1
84425;1
85027;1
77644;3
84420;5
71006;2
67469;1
77646;1
83373;2
76986;1
71009;3
85023;4
61724;1
67464;2
57721;1
57720;1
91234;1
46583;1
69590;2
83382;1
51469;1
71961;1
76959;1
75547;1
71964;2
61796;3
76955;2
34137;2
62396;2
78288;2
61790;1
77671;1
76144;2
76130;1
45162;1
45163;1
78272;2
38575;3
37440;2
67443;1
71068;2
82273;1
85041;1
65208;2
64506;19
61781;5
75553;1
51470;4
44588;1
76136;1
56682;3
75554;1
51472;1
65201;3
38565;1
91210;5
61776;1
68872;7
71984;1
82262;1
67433;2
71980;1
62373;1
77696;1
58793;1
44550;1
77699;1
44557;1
61771;5
81139;1
61770;3
62375;1
56663;2
45187;1
78292;2
78293;1
57714;17
85060;1
38554;1
34127;1
61765;2
75537;1
82250;1
76942;1
67424;1
71047;2
71046;4
51457;4
68887;3
76155;1
65226;2
45189;1
62384;1
65222;3
56660;3
62388;1
79704;1
85523;1
69527;3
79703;1
69526;7
47315;1
51378;6
69524;1
79705;1
52146;1
71799;2
69520;2
85528;2
88336;1
58097;2
34328;1
52148;3
58099;2
64487;1
51375;4
78258;1
89460;1
52948;1
40286;1
79717;3
34311;3
33699;2
75684;1
51360;2
75685;1
78266;5
52963;3
64472;1
78267;1
52964;1
64471;4
85531;1
85530;1
71782;3
58999;2
78261;2
78264;1
48902;1
39702;1
47335;2
48901;8
87219;1
52164;10
39704;2
85541;1
52935;1
62240;1
88311;2
78239;4
39708;1
78237;1
78235;1
58074;1
70807;1
51391;1
69541;2
70809;1
46771;2
71765;2
69553;1
34337;1
39712;2
52158;1
52152;1
33678;1
47329;1
71764;2
51386;1
87202;1
52944;2
64497;1
52940;1
62232;2
64495;1
51384;1
64494;1
90502;1
87200;2
69550;1
46782;2
60473;1
63713;1
78219;2
63715;1
67268;4
50955;1
60477;1
47357;1
91287;1
61915;1
40248;1
59104;3
86182;1
45118;3
60483;4
78221;1
35803;1
86174;1
76894;1
29414;1
79756;1
87224;1
64434;2
46769;4
52924;1
76890;1
67279;2
50962;1
60487;1
64439;8
76898;2
67270;12
67273;4
67272;6
44393;1
59116;2
79722;1
85586;1
69507;1
62201;2
63732;2
52125;4
45911;3
50976;1
47377;1
63736;2
52120;5
61944;3
61943;1
47372;2
58986;2
89482;1
58982;2
69519;1
89497;8
81316;2
37617;1
86196;1
39754;1
47367;2
35823;1
52111;2
61952;1
47369;7
78208;2
64459;5
63727;1
37612;1
63726;6
50985;1
67297;13
40250;1
47364;1
67290;2
81306;1
58971;2
80241;1
58016;1
70869;1
86140;2
58922;1
87273;4
36178;5
60429;2
49202;2
48962;1
73943;1
86658;2
49207;1
39766;1
53675;5
43828;2
72095;1
53677;1
61050;3
30791;1
86146;1
58911;3
58913;1
80235;1
58914;1
47383;2
58917;3
47381;1
49216;2
63747;7
46721;4
33610;1
49215;1
60445;2
63743;2
60442;2
46720;2
53664;1
53668;4
70888;1
87267;1
58945;2
65085;1
87295;1
59126;1
88393;1
70889;1
61070;2
65081;4
41356;1
39781;1
36196;1
58947;2
43844;1
32137;1
60458;1
88396;2
61073;4
88398;1
68902;3
68908;1
79764;1
68907;1
86670;2
65088;1
58931;1
87284;1
58009;5
86151;1
90599;1
65094;2
58003;1
59137;1
65090;3
39792;1
39796;1
39795;1
49238;1
32148;1
66793;10
66792;1
43853;1
82401;1
60462;2
38709;1
65098;2
73970;1
65099;1
90582;1
90583;3
80281;3
48925;1
89425;1
52996;3
63795;1
61099;1
89426;4
55816;2
33646;2
61095;2
70831;1
86612;1
36137;2
52184;3
73988;2
32113;13
59180;1
52189;1
32112;2
52992;2
52188;1
63799;2
59182;5
66743;4
49252;1
35881;2
80277;1
41366;1
35880;2
61081;3
70843;4
61086;11
59199;5
32835;1
63780;6
86625;1
73999;1
35885;1
33652;1
52179;2
32122;1
49262;2
89400;3
59168;3
86631;4
52979;6
72074;1
66769;1
59164;4
52975;1
85507;3
52972;4
60411;1
86633;2
86635;1
66762;3
80299;1
41383;1
36162;1
49273;1
70859;1
88363;1
48938;1
72084;2
55829;4
85515;2
48934;1
52981;3
52198;1
60425;3
60424;8
72953;1
65920;2
68954;1
81295;1
76005;1
74553;1
65156;1
56730;4
56735;1
44407;1
72018;4
81281;1
82330;1
72015;1
72017;2
65149;2
65145;1
57870;1
56741;4
57871;2
83409;2
56742;6
56747;2
72959;3
65139;1
38665;1
55862;2
68974;1
65945;1
68970;1
65133;2
53606;1
66716;1
66718;1
53604;3
57889;1
77591;1
77592;2
45097;2
56756;2
55876;1
38657;1
72039;1
65129;1
38658;1
76802;1
74584;1
82357;1
77584;2
77583;2
77581;1
57898;2
56760;1
72936;1
38653;1
82300;1
83448;2
83449;1
53627;4
82301;1
65198;2
65197;2
84577;1
82306;1
84576;1
48877;1
38603;1
30765;2
30768;1
74517;1
54357;2
74516;1
54355;2
74509;1
65195;1
65190;3
43863;2
68923;1
68927;1
84588;1
86694;1
70794;2
84589;1
53632;2
68920;5
61019;2
74529;2
72918;3
54360;4
65184;2
84556;1
84555;1
65981;2
65178;1
82324;1
48897;1
65988;3
68931;5
53643;2
53640;2
74534;1
65173;5
65174;6
30774;1
65990;3
84569;1
65998;1
54381;2
56722;4
82309;2
81208;1
83486;1
71822;4
37515;5
69499;4
77536;1
54310;1
67359;3
67354;1
67353;2
67356;1
62296;3
76088;1
62295;1
76850;1
77535;1
62299;1
37518;2
76853;1
76070;1
31370;1
44482;1
44483;1
61838;2
83497;1
76865;2
75614;2
67343;5
45937;4
75618;1
54329;7
76076;1
44487;5
77522;1
44488;1
29448;1
81203;1
34293;1
91313;1
91314;1
83460;1
75628;1
61879;6
51303;3
77514;2
83461;1
45017;4
81238;1
31383;1
45014;2
29463;1
57818;1
71809;1
78190;1
67367;1
51313;1
77507;2
51315;3
61861;1
67369;2
64429;2
45956;1
84524;1
76883;1
81225;3
77501;6
76881;2
38684;3
68990;6
45070;1
56772;9
77571;1
76040;1
77575;2
61893;1
61891;2
77577;1
76049;2
45964;1
69456;1
76811;25
75645;1
61895;1
81250;1
71863;3
81252;1
75649;1
91326;1
77560;1
71870;1
65104;1
77565;2
61882;1
45974;1
75653;1
78179;1
76036;2
62268;5
75658;1
65106;2
76826;1
51336;1
37544;1
56799;1
56798;3
62277;2
77556;4
44458;1
62274;7
47409;1
65900;4
76839;2
76832;1
71843;1
65902;1
46693;2
91343;1
69464;4
46691;1
34260;1
34262;2
62281;1
78156;1
76014;2
51355;2
54304;1
65910;1
69469;2
54303;2
81263;1
38699;1
47414;1
51357;3
51359;1
47411;1
76018;2
40149;1
67163;3
50605;1
47017;1
62568;8
63613;3
47015;4
52243;1
47901;1
79605;2
85207;1
62563;2
52248;1
52247;4
87361;1
49551;1
50617;2
71688;3
34415;1
47006;2
34411;1
52231;1
46864;2
85476;1
79614;2
59212;1
85475;1
47918;1
85216;1
52237;1
85217;1
56396;3
58602;1
51292;4
40120;1
33360;1
67992;2
79628;1
46877;1
47920;1
85449;2
85223;1
49527;1
78574;1
56382;9
47926;3
78579;3
59235;1
40941;1
40942;1
67153;1
64798;2
67980;1
47930;7
62534;7
52212;2
52215;1
40937;1
78587;1
51287;5
78593;1
51270;3
78591;1
86950;1
51278;3
78597;5
51274;4
70001;1
69422;3
34467;1
46896;3
85424;1
51279;1
46899;1
40173;1
71639;3
40174;1
89570;2
87325;1
51267;1
50661;2
87324;1
50662;1
89578;1
62597;2
51262;1
67964;18
69433;3
52278;6
67963;1
83182;10
49513;1
36004;2
86929;1
67181;11
67186;2
53393;1
70903;1
70901;1
70025;4
67957;1
62584;1
84700;1
67958;1
70029;1
87312;5
89587;2
33327;1
69407;1
67189;2
71677;3
34446;1
50635;1
67954;6
40150;2
67198;1
53382;1
40982;2
67196;1
80196;1
80192;1
62575;1
70017;1
87301;1
69417;1
85412;1
83992;6
71669;2
86948;2
60773;1
89526;2
68332;2
60777;2
53374;5
88826;2
47988;1
86992;1
80929;2
70047;1
70048;8
70972;1
79682;1
50181;1
70967;2
80189;3
60769;6
39467;1
53365;2
68346;3
66874;1
53368;2
73897;1
73899;2
80938;1
88816;1
47997;2
53364;2
66877;2
47992;3
60755;4
53353;3
60757;14
53357;2
66863;6
35534;1
70065;2
60753;3
60752;1
73860;2
66868;1
50673;2
50672;1
80163;3
70949;9
47072;2
60747;1
80166;2
52296;2
46800;1
60766;3
60765;3
60764;6
74236;1
74237;1
60763;2
78509;1
74238;1
60761;1
40190;1
50150;1
86980;1
46806;2
70964;1
78501;1
89554;1
70958;5
90451;1
80158;1
47066;1
52292;2
80155;1
40198;1
61194;1
47946;3
61196;4
78513;2
82510;1
61195;2
61198;13
79642;1
63651;19
78510;1
39424;2
73847;1
70083;1
62518;7
80145;2
73837;1
66070;1
36075;1
39423;1
82506;1
88032;1
88047;1
59253;1
59252;1
61188;8
63640;4
88048;1
70079;1
53327;1
62513;2
78526;1
46823;1
49599;1
66088;1
70071;1
47045;1
80139;2
90474;1
59257;5
79665;2
70994;4
65894;7
74284;2
65898;1
46833;2
65899;4
39409;1
78539;1
62506;5
62505;1
62500;2
61179;1
60797;1
41692;1
41693;1
41690;1
41691;1
80124;1
61170;1
78542;5
59273;6
79673;4
82501;1
79675;1
50197;1
82500;1
78547;2
59275;1
66893;1
66066;2
70093;3
66067;1
39417;1
59270;2
63623;1
66895;1
47970;1
36061;1
63618;2
66062;1
74270;1
37291;1
80216;1
54490;3
37294;1
66160;1
92521;7
80212;1
60815;3
38741;1
55544;7
73934;2
60822;1
72367;2
36956;1
43539;6
76305;1
84671;2
36953;2
61145;1
65059;3
72362;1
61141;1
30182;2
81988;1
68295;3
80225;2
66152;1
60811;3
55555;2
50107;1
44748;3
61153;1
66800;1
43522;2
65071;8
68282;4
66142;3
35482;1
68287;9
48998;1
65848;1
61125;5
30886;2
61126;2
44716;1
65844;1
61128;3
54479;3
84691;1
44718;1
76323;1
61122;2
44711;1
81968;1
66130;3
36099;2
68275;2
80205;1
54482;4
44725;3
31215;4
65857;1
61130;2
55536;4
76310;1
65851;1
81971;1
81975;1
60858;1
41620;3
41623;1
76344;2
65013;3
65014;1
82487;1
44770;2
77473;1
43578;21
57072;3
66124;2
65824;1
36999;2
60862;5
61104;1
56406;2
77469;1
55518;1
44785;2
66844;2
55517;1
57062;5
50144;2
65004;2
37247;1
37248;3
60852;1
60836;1
39494;1
37231;1
37232;1
57984;2
57981;1
45883;1
72387;2
57094;2
82468;1
44755;1
36979;1
66813;1
72380;2
66105;1
66106;1
36973;2
60842;1
50113;3
65801;1
36972;1
35442;1
38767;2
82463;3
60827;3
65809;1
68232;4
65808;3
68231;1
57992;8
41610;2
76350;1
44762;2
50120;1
57085;1
43540;1
57990;2
76359;1
60833;1
30836;1
82452;2
72377;1
68239;1
43547;2
36985;1
74209;1
64732;9
64733;1
34376;1
51225;2
67923;3
75783;1
67924;5
75782;3
51223;3
54417;1
51220;2
58574;2
51221;2
69350;4
85291;1
57969;17
34371;1
37211;1
37205;2
83151;1
64743;1
54421;1
83154;1
83155;2
64748;3
67207;3
42472;3
56440;2
51232;1
84602;1
76373;2
58588;1
81905;1
57973;2
57970;2
57971;5
71725;3
71728;1
71729;1
34385;1
75767;1
75766;1
71741;1
45842;2
77458;1
44799;1
75762;1
58558;1
57943;2
57949;2
71738;1
45859;1
82490;1
64727;2
75776;1
69323;12
75778;2
64723;4
38797;1
84627;1
54404;2
76396;1
77446;1
67912;2
56420;6
57046;7
58568;1
56421;4
58566;8
56425;3
34361;2
84632;1
31263;1
84637;2
54451;1
36912;3
67251;1
57926;4
56478;1
84643;1
28613;1
54467;3
45839;1
67243;7
61989;10
72311;2
69389;1
55591;1
69386;1
69387;1
31272;1
81947;1
84658;1
85493;1
77414;2
77413;2
75720;1
84654;4
84655;5
31974;1
77418;3
85277;1
45802;1
31248;1
75724;1
77416;1
61971;5
67239;3
75721;6
72306;1
84652;1
85272;1
72302;1
85271;1
69376;5
56455;1
85490;1
58597;4
58598;1
29331;4
64762;1
84668;2
69367;2
69366;1
55572;1
54442;2
84660;1
67226;5
45817;2
71709;1
69361;1
45809;1
81924;1
29323;1
50706;2
46065;3
47110;1
67020;1
59348;3
57201;1
85104;1
64680;1
62420;2
59340;5
71590;1
78453;3
71595;5
64684;6
51179;3
87476;1
79503;1
49404;2
49402;6
79507;1
46999;1
49401;1
46992;3
52342;2
50716;1
62409;1
62408;4
46050;2
67030;1
51160;2
87462;1
78463;1
51164;3
64673;2
62418;1
49414;1
34512;1
49419;1
46058;1
67039;3
85112;1
47104;1
49422;2
58749;1
40021;2
50729;2
87491;1
78436;1
59320;1
78434;3
51197;1
62443;3
39501;1
52364;1
34542;1
50730;1
40011;2
67053;5
46077;1
58737;4
46075;2
58733;5
58730;1
59331;2
52357;1
78441;2
62431;6
78444;1
62432;5
64692;5
71568;2
52354;7
62434;5
50744;3
47127;1
80085;1
58763;1
59308;2
59307;3
78493;3
58768;5
58769;1
80082;1
40047;1
80089;1
80088;1
40045;1
86812;1
34562;4
52382;2
33444;1
86816;2
70141;2
52387;1
78498;3
78499;1
78496;1
31080;1
91491;1
86818;1
67073;1
40034;1
80079;2
86820;3
86821;1
87428;1
71544;1
50767;1
71548;1
50769;1
70133;1
70137;6
87424;2
70139;1
78472;1
67081;1
85309;1
62488;1
34589;1
50776;4
51159;2
51158;1
84802;1
87455;3
70127;10
78476;1
62487;6
54508;1
40845;1
58777;4
50788;7
69313;8
86843;1
50787;4
78485;2
70111;2
51142;2
70188;1
72295;1
79588;1
50794;4
86851;2
53473;2
60633;3
39567;1
63558;4
70186;2
39569;1
70187;3
32351;2
32350;3
47199;1
80048;1
47193;1
60626;6
88919;1
40894;1
80045;1
40896;1
40897;1
90341;1
47192;1
72291;1
72290;4
63540;1
66976;1
70177;6
50033;2
68208;6
70171;1
66970;1
53462;2
50038;1
36775;1
53464;1
73753;3
70175;2
39577;2
47187;4
80033;1
47183;1
60638;1
49490;2
86872;2
88111;1
88110;1
86873;1
88119;1
70165;1
46003;1
68218;1
80069;1
79561;2
74372;4
63561;1
38907;2
38906;1
70155;1
66999;4
80056;1
39592;4
39528;1
86898;1
46954;4
46029;1
46952;1
60673;1
53434;3
63513;4
46951;1
73700;1
47158;1
65770;2
88962;2
82613;1
79546;1
46956;2
88172;1
61291;2
82605;1
82606;1
80006;1
46020;1
49441;1
63509;1
38026;1
49444;2
63504;1
63507;1
59390;3
46016;1
46015;1
61287;2
79552;2
59393;2
78423;2
88187;1
38011;1
62401;3
60699;1
65795;2
82633;2
65793;1
38939;6
58700;4
82629;1
58701;1
82628;1
90362;8
49464;1
41598;1
49460;1
80029;1
46045;3
47178;1
46042;12
41592;1
53444;2
78407;1
32388;3
89618;1
46039;1
73736;1
88167;1
79534;1
78402;1
79536;2
79531;17
53446;5
59371;2
47163;1
47161;3
46030;1
38059;1
38054;1
82538;1
72222;1
65721;1
76204;3
36816;2
75035;1
61243;1
36814;1
76208;1
76207;1
76206;1
68168;1
66028;1
69284;1
68153;1
38064;2
88091;1
61250;1
43621;1
61251;5
30042;1
82537;1
61255;1
83215;1
38965;2
81081;1
65738;1
68158;1
44606;1
38966;2
38971;1
68181;1
66907;1
77394;1
88087;2
84799;1
75013;2
36836;1
84796;1
53408;1
43653;1
82565;2
60700;12
82562;1
75018;1
55661;5
84793;2
91507;1
68174;13
75829;1
66919;12
88074;2
66918;15
77381;1
81867;1
88070;1
75003;1
53417;1
81870;1
65752;1
72234;1
65756;2
73803;1
65755;1
61278;2
55671;2
38095;1
29299;1
60717;2
38880;1
74315;1
44635;2
68124;1
43679;2
68127;1
30079;2
43673;1
56502;1
60703;1
76238;1
61215;7
36865;1
74329;2
82572;1
55611;3
50004;1
61217;1
37347;1
50006;1
68119;2
76232;2
45774;2
81047;1
61210;3
77368;1
74322;1
79491;2
79492;2
77351;2
41501;2
56510;1
68143;2
38076;1
81076;2
60745;1
68147;5
76229;3
68146;1
76225;1
66954;2
61222;13
72288;1
76221;1
76222;1
41512;1
56523;1
43680;2
79484;1
41517;1
68132;1
56526;1
50026;1
38899;5
61239;1
36886;3
74346;1
77349;1
79487;2
45799;5
43682;1
74345;1
72275;2
77343;1
50023;1
77341;1
57184;4
76286;1
77332;2
62494;4
54516;2
84737;1
77331;5
54515;7
62498;1
71625;3
34479;1
54512;2
85192;1
84728;2
84748;1
75890;2
76276;8
57160;1
44684;1
77323;2
42572;1
58680;1
57163;1
34489;2
64604;1
69206;2
37304;2
34488;1
30913;2
54521;3
64601;2
56541;1
56540;2
58685;1
57153;4
45744;2
64612;1
30947;1
54533;1
69234;3
69233;1
29273;1
31181;1
84707;1
56556;2
56554;2
75090;1
76259;1
78399;2
76254;1
31196;1
87415;4
51116;1
77305;2
45759;1
64626;1
69220;1
83244;1
69257;1
84772;1
42547;1
64636;5
54557;2
75078;1
85375;4
54559;2
83248;1
75840;1
56570;2
84784;1
75854;1
64648;2
85143;2
52306;9
64641;4
83257;1
75069;2
85361;2
56582;1
83258;1
57124;4
56586;1
57127;1
45707;2
50823;5
52312;1
72205;1
50822;1
84751;2
56593;2
52316;2
84754;1
56599;2
29237;1
57115;10
45717;3
45718;1
50810;1
85385;1
75046;1
36805;2
85128;2
84766;1
45710;6
75042;1
84768;1
76295;1
81829;1
85380;2
69263;1
69264;4
50809;4
37096;2
37097;1
37092;8
82758;1
57249;3
58369;1
70305;31
75186;2
28834;4
75994;1
52423;2
59491;1
69124;2
69128;1
63409;1
84080;1
62908;2
29038;2
37081;6
77182;1
58353;5
84899;1
75983;2
84898;1
80725;1
66203;1
68530;2
63417;1
75989;2
80728;1
55493;3
69144;6
33020;1
80722;1
55492;5
36692;1
69140;1
29000;2
75162;1
86492;1
82737;1
78784;1
84887;1
75973;1
86495;1
78788;1
78787;2
78786;2
68523;1
80717;3
68525;1
75976;1
52441;1
68521;2
37065;1
90260;1
69151;2
75172;1
57235;1
90269;1
57230;3
58370;3
78775;1
52438;2
84878;1
75177;1
74792;1
58374;2
68516;4
69158;1
33960;1
58326;2
53907;1
41810;1
68583;1
68585;1
74788;1
73654;1
53123;1
84860;3
63447;2
74787;1
63449;1
73658;1
78723;1
29959;1
84869;1
84862;1
63441;5
40756;1
40755;1
40754;1
51908;3
33094;1
41033;1
33098;1
53137;2
73642;4
74778;3
63457;10
55467;1
78714;3
36688;2
32454;1
33988;1
78711;2
86484;1
57297;1
86485;1
84854;2
53139;1
63453;2
53928;2
53929;1
58348;1
41009;1
63427;1
36657;1
84057;1
53103;1
29933;1
30243;1
90222;2
58336;1
41019;1
41822;1
40774;1
40770;1
84060;1
74754;1
53118;1
74001;5
78730;2
78731;1
78732;1
86467;1
84836;1
46109;3
84834;2
83777;1
81631;3
73690;1
56193;2
60183;3
54612;1
60186;1
44862;1
74741;1
73693;1
75103;1
75106;3
41061;1
67720;1
43403;2
55436;5
75907;1
74739;1
66274;3
47682;1
47684;1
59416;2
56199;3
41857;1
81625;1
59412;3
54624;2
30296;1
83766;1
44854;1
53941;3
75115;1
83762;1
67738;2
49917;1
60174;1
73686;2
75117;1
41072;1
67734;11
75116;2
60178;2
74735;1
43415;1
44859;1
74729;1
47693;1
59407;4
40710;1
59401;2
29978;1
56173;1
83753;1
44843;1
67702;1
67709;4
67708;5
53978;2
53979;5
87549;1
67701;1
66257;3
73678;2
53973;3
41044;1
47660;2
47661;3
39263;1
59433;3
40744;1
59437;2
40745;1
56184;2
76588;1
55407;1
56181;4
53153;8
74716;3
73665;2
60158;1
37756;1
44834;1
44833;2
41053;1
80798;1
66263;2
80792;1
53151;1
41861;1
41863;1
59428;3
40737;1
66236;2
69169;8
67767;2
69168;2
75953;1
66238;2
53992;3
81670;1
66231;2
42645;1
74704;1
44056;1
75142;1
42643;1
75143;4
75145;2
79247;1
75950;1
43440;1
56154;2
79244;2
81676;1
80783;1
92436;1
80782;1
75942;1
49956;3
76569;1
75943;1
66243;2
60138;2
53980;2
66242;5
65600;3
59440;2
59441;1
44897;1
67779;1
79257;2
92440;5
58399;1
41886;1
66240;2
38178;1
38175;2
69176;1
65635;2
53187;2
42625;1
32400;1
31778;1
80759;6
75933;1
67745;1
41083;1
49922;7
75123;3
81656;1
67747;1
87587;3
44880;1
81653;1
65631;1
44882;1
56138;1
59477;3
79262;1
53181;2
66223;2
53196;1
49930;2
75923;2
42612;1
41091;1
49931;1
38159;1
65624;1
49932;2
37796;1
67752;11
67754;1
66225;71
44878;1
49937;1
83786;1
44043;2
59466;1
44041;1
29059;1
38152;1
69197;1
69196;6
80750;1
49870;1
76523;2
64199;6
51087;1
37818;2
81584;1
31032;1
81585;1
38138;1
67004;5
47733;2
49875;1
76529;1
72558;3
54690;2
38140;1
38146;1
56237;2
89743;1
34608;2
79328;2
65652;2
67012;4
54697;5
54696;4
67014;1
38111;2
49851;5
38113;1
56224;3
65665;7
65660;2
71480;2
54684;1
44129;1
49859;4
72538;1
81560;1
49854;1
71486;1
89739;10
76507;3
51898;1
35285;1
48394;4
48393;1
48392;2
64992;2
71496;2
42662;1
47706;1
51883;1
72540;1
34628;1
71490;4
81579;1
81570;1
51884;3
83838;1
56202;1
72508;1
48382;1
47771;2
48387;2
39210;1
61305;7
61306;1
47779;2
61307;13
70294;8
48259;5
64989;2
64980;2
65683;2
54669;1
64158;1
45631;1
87534;1
92394;1
47761;1
39200;6
48370;4
38103;1
48375;2
60997;2
44827;1
39207;1
64163;3
83857;1
87522;1
54657;3
31064;1
64171;3
60191;1
59501;2
48366;1
48233;1
47752;2
47753;1
64967;1
48368;2
54643;10
66188;3
64965;1
54644;5
37832;1
83822;1
60192;2
77201;1
54646;1
70277;1
45612;1
60196;5
62891;2
64174;4
64184;6
59513;2
31040;1
59510;2
39221;3
66172;1
64949;3
39229;1
79307;1
87504;1
54636;2
64185;25
31046;1
89766;1
77213;1
63497;1
84931;1
70254;1
77224;1
64111;1
61340;2
84009;3
51003;3
64940;1
71423;1
64941;1
51007;1
37005;1
64118;3
62879;1
70252;1
36766;1
64946;1
71425;2
51008;1
84002;1
48212;2
68493;3
68496;12
63490;1
45670;2
61352;1
50372;4
77236;2
77237;1
64120;3
35223;2
71436;1
34687;3
36755;2
48227;2
51818;2
51817;1
58407;1
35221;1
34681;3
63480;1
77230;1
64134;8
51022;2
70237;5
64130;2
63474;9
64132;3
45659;1
71405;1
82690;2
36745;1
35217;2
48327;5
71403;1
84025;1
62854;8
51028;1
50367;1
62855;5
84021;1
64921;1
51027;1
62858;1
86426;1
58418;2
64147;3
84924;1
77255;1
78701;2
77256;2
50350;5
84014;1
68489;2
51801;1
36735;1
45648;1
50359;3
62868;1
64910;1
61338;2
64911;3
35201;1
68480;3
64905;5
84914;1
48304;10
48302;2
86404;1
50349;3
61388;4
33133;1
36725;1
52453;1
70210;1
61382;2
51872;5
77260;4
52460;1
62846;7
88657;1
52463;2
51869;2
34646;1
34649;1
88655;1
52469;2
51058;2
51860;1
77272;1
77273;2
51050;2
51859;1
37051;1
35263;1
34654;1
52472;1
62812;6
34653;1
50324;2
77289;1
61365;1
52478;2
57316;1
62805;1
71458;1
62820;2
34667;1
34668;1
64108;5
64107;13
52483;2
62822;1
51077;1
77297;1
71452;4
70200;8
82667;1
77294;2
77295;1
37031;1
77093;2
69023;1
52561;2
52560;3
55377;2
88714;1
88713;1
68401;2
52563;1
52562;1
55374;1
85936;2
29128;1
70400;3
75289;1
74684;1
77981;1
74682;2
69938;5
75286;1
75285;1
78666;2
45487;1
90145;1
77084;1
58499;7
45492;1
77081;7
37180;1
82849;1
80827;1
55364;4
69037;1
85922;1
88725;3
52553;1
77994;3
82854;1
77995;3
52558;1
58490;1
82856;1
77990;3
78654;1
75297;1
57365;1
77076;3
70416;1
80861;1
80860;1
55394;1
66314;1
69005;3
52543;2
53200;2
85956;1
88735;3
30346;2
68422;2
85953;1
69008;2
78645;1
77078;2
88733;1
53206;2
66317;1
90123;4
77062;1
69013;1
52531;2
69942;1
66320;4
53210;1
74690;1
74691;2
74692;1
77068;3
52539;1
48507;1
74694;1
53218;2
70411;3
46210;1
73507;2
84171;1
76491;1
76490;2
58468;4
41715;1
41716;1
41706;1
74640;1
74114;1
58460;1
86574;1
50274;3
57380;2
85972;2
76497;4
85973;1
73516;1
46218;1
68449;1
36535;1
84178;1
35404;2
84182;1
33190;1
40651;2
43391;1
40659;1
52512;1
52513;2
86582;7
74630;2
78610;1
29805;2
58453;2
57392;22
58452;2
84957;2
86588;1
58451;1
57390;1
30351;1
84955;2
74637;1
50289;2
68435;1
73502;1
74634;1
73500;1
36547;1
80820;1
68462;1
50296;2
74131;1
86599;1
84158;3
82844;1
74663;1
35428;1
73530;1
85990;1
50295;2
74668;1
55355;1
73533;3
78607;3
63327;1
85996;1
73537;2
32589;1
40630;3
68450;1
40629;1
74146;1
29824;1
80802;2
68453;1
63335;1
80800;3
88707;1
80805;1
47788;2
37621;1
60977;1
37622;3
83086;1
60971;21
60049;2
75207;2
73554;5
67826;8
54716;1
44963;2
73550;1
56290;1
76453;1
87666;1
67827;3
41755;6
53261;2
53274;1
37638;1
37636;3
54727;1
40608;1
76461;1
41742;1
81719;1
76460;1
29842;1
59548;2
47793;4
47792;5
53271;4
53288;1
73577;2
83892;3
37643;2
37644;1
66398;2
55314;1
60061;3
54734;8
76473;1
81756;2
67846;3
74620;1
69082;3
83060;1
60947;3
53280;2
69089;12
67854;6
83073;2
76484;1
75231;1
73560;1
87696;1
76486;1
32537;2
67859;1
41727;2
53294;7
60957;1
74607;1
69099;4
69098;11
81778;1
76413;1
59593;1
76411;4
75247;1
73590;4
60930;7
76418;1
89805;1
67860;1
76417;1
60003;1
65519;5
69066;1
80885;3
69062;1
69063;1
38289;1
69064;5
60925;8
79382;1
41799;1
79381;2
74194;2
74190;1
76422;1
79399;1
73584;2
69969;3
89025;1
78699;1
66342;3
76425;1
76426;2
73589;2
67876;4
67877;10
60937;2
80872;1
56269;1
48191;2
41789;1
89022;5
81759;1
78689;2
42762;5
76434;2
78684;1
59571;1
56274;3
76433;1
69994;1
80899;1
92306;1
66355;1
92309;2
81790;1
37688;1
60901;1
66351;3
69990;2
69044;2
56276;1
60909;1
59579;1
54702;2
75274;1
67898;10
66367;1
67892;1
69989;2
73015;1
73016;1
69986;4
67890;2
69981;8
37690;1
64090;2
48150;1
71369;3
89859;1
72414;2
64889;2
71368;4
71367;1
34739;1
51772;1
51773;1
34738;1
79462;1
79463;3
56338;10
38243;1
39300;2
39305;1
39303;1
81692;3
81693;1
64878;2
83009;1
79469;1
47828;1
65554;1
71373;2
83910;1
79464;2
71370;1
65550;5
56369;2
56365;1
56367;3
49993;1
38259;1
51798;1
71389;1
51799;1
47851;2
89878;1
56361;3
71381;4
34715;1
51792;2
71383;4
79458;2
71385;1
79457;3
48181;1
91797;1
91799;2
91798;1
51787;1
87601;6
72447;1
72449;2
51780;5
64890;2
71391;1
56350;2
64893;2
71397;1
65533;1
72441;1
44012;1
48113;1
73072;4
64050;1
83935;1
83937;2
54768;1
70398;1
64053;1
60079;3
44910;2
39359;1
83055;1
48114;2
70393;12
48116;2
70390;1
38202;1
38201;1
66294;1
48470;1
59637;1
59636;3
73060;3
64063;1
34708;1
34709;1
64068;1
89883;2
37708;1
60891;6
65593;4
89887;1
38209;2
87628;1
47867;2
47865;2
38203;2
44926;2
92287;1
47890;3
48130;2
60092;1
92282;1
73092;2
37739;1
83961;1
65560;5
67813;2
64862;5
60095;4
65567;1
87654;4
54789;2
47898;1
44938;1
79417;1
83031;5
44939;1
54782;8
67810;7
44933;1
60884;2
39338;1
56319;1
48141;1
39320;1
56313;1
64047;4
54779;1
44949;1
87647;2
61439;4
64856;1
61434;12
39328;2
64858;1
45505;1
47883;1
61433;3
62974;9
61443;2
77916;1
46303;1
64017;1
72499;1
61448;1
61447;4
86541;1
70357;5
84147;1
86540;1
50240;1
62969;4
68353;2
36610;5
37114;1
86534;2
77135;1
64022;4
70365;4
88796;3
88799;1
77138;2
70367;2
58546;2
48432;3
90093;1
46326;1
64825;1
51715;2
36645;1
45556;1
63376;2
61464;1
61461;5
63372;2
77102;6
57415;1
51708;1
58518;1
51709;2
35346;1
37139;1
50257;1
51700;2
64815;1
46313;2
61479;1
35348;1
84110;6
61473;1
70387;2
70388;2
86553;1
86552;1
51918;1
58524;2
71308;4
58529;2
68382;1
63393;4
71320;3
45575;1
82778;1
88766;1
48409;1
77951;1
48408;2
51736;1
91719;1
48404;1
62933;3
62932;1
34774;1
37147;1
34771;1
77959;1
33236;3
86503;1
62934;2
51729;1
68397;1
51727;5
57435;10
61491;2
51987;2
61492;3
82785;1
71330;2
63383;10
51984;1
77940;1
63389;2
70322;7
71337;6
61499;3
62940;2
71334;1
51722;1
51721;1
35363;1
62936;18
62937;6
37153;1
37151;2
58503;1
57427;1
57426;4
52579;4
77974;1
47818;1
70331;2
72475;1
48425;1
86524;1
71344;1
71348;6
37164;1
35396;1
37160;1
52581;1
47801;1
71358;1
71359;4
50217;1
51739;3
35382;1
37176;5
91753;1
48410;1
57444;2
36436;1
55233;1
43938;2
55237;1
54103;6
84271;1
73416;1
54102;5
85876;1
55236;1
82961;1
55949;2
63200;6
52624;2
63201;1
79084;2
46368;1
78959;3
73400;3
32692;1
46366;4
66402;1
63215;7
84284;1
84285;2
55953;4
55229;7
52616;2
40507;1
82029;1
55958;1
79098;1
84280;2
36413;1
46335;2
36418;1
52643;4
43269;1
52649;1
52647;1
55918;1
43909;2
41241;1
40540;1
55930;1
36427;1
68797;1
74997;1
36426;2
43277;2
74993;1
86222;1
41259;1
67594;2
49124;1
77883;1
57481;2
86279;1
68783;9
43979;1
68786;3
69835;5
48612;1
60349;4
46391;3
46393;1
40561;1
46394;2
46397;3
58128;2
45380;1
57488;6
41226;3
58125;3
70539;1
40566;1
52659;4
57492;3
77891;1
82068;1
42126;1
55912;3
58110;2
78997;1
55914;1
52657;3
78994;2
78993;3
60333;1
60335;3
48626;4
69821;2
68778;1
68776;4
55909;3
58115;1
83599;2
67548;1
58141;1
66416;1
64301;4
82078;1
36455;1
55256;1
77869;1
77866;1
67546;3
46373;2
85808;1
36452;3
58147;1
45361;1
57466;3
57467;2
66426;1
48606;1
69808;3
83588;2
86266;2
77872;1
43943;1
67553;3
66420;1
83582;1
60311;25
67557;5
48605;3
46384;5
36463;1
45374;2
70507;1
45372;1
82969;1
58139;7
81429;1
59697;3
75381;1
39041;1
39872;2
39048;1
53753;1
39875;1
67522;3
68740;2
74947;1
81432;2
43204;1
76798;1
67529;1
42153;1
67526;5
56994;1
48090;1
81419;1
39860;1
60378;2
60379;1
54178;4
74930;1
66488;1
66484;2
69865;1
54820;3
79018;2
54823;1
75394;1
43213;1
69869;2
49717;1
79014;1
81423;1
42165;4
58151;3
86294;1
81408;1
47462;2
48088;1
47463;3
36497;1
53771;1
73103;1
68722;11
53773;4
83553;3
76773;3
73473;2
83555;1
58189;1
42135;1
89155;1
38394;3
39079;1
39076;2
56977;2
39849;2
74913;1
80507;1
68713;8
66469;3
69842;3
60357;1
80506;1
79035;3
79036;2
69847;1
44286;2
89146;3
72836;3
83528;1
29750;1
53708;1
53707;7
59656;2
54856;5
53715;3
29758;2
73458;2
47443;1
39007;12
54146;5
39837;2
80575;4
42829;1
56953;2
83518;1
53703;4
82911;1
58196;1
72832;1
62125;1
72835;1
39821;1
54137;3
47458;1
69891;2
69890;4
72815;4
39026;1
41283;1
74959;1
41287;1
79062;2
31577;1
42177;1
52601;1
87784;1
54834;4
59674;1
85893;1
66495;1
47428;2
32685;3
66498;2
85897;2
47422;1
66499;2
72821;1
47423;1
41280;1
47430;1
72808;2
80553;1
80552;1
53719;1
79071;2
79077;1
62102;6
75332;1
54849;1
53725;1
54118;1
89101;1
60391;1
39807;3
69887;2
62103;11
73424;1
47535;1
75318;1
38335;1
76724;2
62169;3
75316;2
72756;2
39900;1
61545;1
39909;1
65443;3
39906;1
59720;3
59726;3
49672;2
81393;1
49667;1
54897;2
81395;2
72764;1
75306;3
72766;1
61553;4
61554;1
48026;2
83611;4
39919;1
54898;5
89097;1
48025;1
61520;1
54882;5
61521;10
61522;5
49659;1
44329;1
72731;1
61525;1
62657;3
54889;1
65465;1
51693;1
73197;3
71282;4
92140;2
91098;3
80472;4
80470;2
80473;1
80474;1
49647;1
62139;5
48004;2
48599;2
71297;2
71298;12
65477;7
87740;1
71293;2
59754;3
91083;1
59753;2
56900;5
61528;9
89049;1
71261;1
56000;1
44385;1
76761;1
51673;1
72791;2
51674;2
71267;1
50543;1
51677;1
48059;1
72799;1
54099;2
48056;1
50539;1
54092;1
35077;1
56007;1
89041;1
53799;5
76753;1
87720;9
51663;1
81354;1
71274;7
34849;2
65410;8
53790;1
81350;1
61513;3
34843;1
38382;1
48067;3
38383;1
61508;6
49620;1
89055;1
44370;2
73160;1
51650;1
65424;3
62185;7
81321;1
62189;2
65420;1
54078;2
54076;1
35986;1
38358;1
35059;1
87712;1
34850;1
54071;3
35053;1
59705;1
48034;2
54075;2
48036;1
59707;1
89078;2
51641;3
65434;3
62175;7
79108;1
72783;3
49609;4
50513;1
54089;1
50516;2
48041;1
91897;1
54086;2
89070;1
59713;1
45472;1
57575;3
78000;1
57576;2
52693;1
51632;4
35038;1
52691;1
34871;2
52694;1
35922;1
46400;1
77853;1
77028;1
30410;2
57572;2
77025;1
50584;1
63297;4
45461;1
57567;1
82092;3
85910;1
30428;1
34884;3
85912;1
35029;1
70461;1
64320;7
77038;2
77039;1
77842;1
77036;1
64321;5
78020;3
70429;1
91018;1
35011;1
91013;2
48527;2
51615;1
77834;1
84222;2
34896;1
84223;2
77839;3
50566;3
78029;2
63274;3
77831;1
64330;1
35947;1
90841;1
78010;1
55176;1
71216;12
35007;2
48516;1
50558;2
50555;2
70446;1
78017;2
70445;1
64341;3
77820;1
78909;2
65482;9
90897;1
57533;1
90888;1
70496;7
61582;2
64353;1
61581;1
64354;4
78910;1
64355;1
86200;1
63253;1
88463;1
46447;1
36520;1
55994;1
55992;1
77811;2
46445;2
46430;1
78919;4
57526;2
65490;2
49192;2
65494;3
63245;3
84237;1
61596;5
45423;2
64362;2
65496;8
78921;1
61592;7
36511;3
63249;1
49168;1
91051;1
49160;1
78932;3
77001;1
64373;7
43198;1
77005;4
55971;1
36502;2
84263;1
78933;1
91043;1
55965;3
88430;1
78940;2
55967;6
61570;2
35917;1
64385;3
64386;2
61571;5
50590;1
63227;1
61575;2
62620;10
84253;3
55961;3
84252;5
91800;1
55964;1
41949;1
77788;2
86332;2
78866;1
52768;3
68685;2
77789;1
40425;1
40424;1
45286;1
58229;5
53800;3
77798;1
58211;3
52757;3
86347;1
68673;2
36304;1
28949;1
36305;1
45297;1
45296;1
77790;1
58213;1
40415;2
78843;1
28911;1
55118;1
66514;1
46477;1
84392;1
86359;3
33875;1
53000;2
46470;3
42916;2
70618;11
70617;1
78070;1
52736;2
70612;1
33868;2
66526;1
66522;2
53016;2
53014;1
85747;1
33861;1
55102;2
53012;1
53010;2
68690;6
46480;1
46481;1
49023;2
49020;2
68691;1
70609;3
78081;1
78082;1
70606;3
66530;6
55138;1
77748;5
67667;4
41904;1
45248;1
78059;1
66536;1
45249;1
77740;2
45245;1
57589;1
78053;1
82191;1
43118;1
77756;2
67678;1
70630;1
77755;1
28985;4
68637;1
28984;1
45253;1
58256;1
57598;1
86381;1
78063;3
85713;1
82172;1
85714;1
52784;2
52782;3
77768;2
68667;2
68666;3
48730;1
66550;4
69715;3
78885;3
78883;1
70664;6
78031;1
36352;4
67682;1
55153;2
60211;1
66566;2
52771;2
48747;1
67699;1
55145;1
60215;1
80606;1
69702;1
48744;1
60217;6
69703;2
80607;1
69705;1
68659;1
78870;1
60210;5
78044;3
40430;1
54040;4
80641;1
56016;1
56866;7
75481;1
56014;1
67627;7
44158;1
56010;1
79992;5
79999;2
79149;1
89276;1
54910;1
60249;2
69733;2
53065;1
74804;1
68601;3
83671;1
73356;1
49801;1
53894;1
49802;1
80631;1
53071;1
47590;2
39195;2
56028;1
32759;2
67636;2
76664;1
73342;2
49818;1
54922;2
36388;1
73236;4
53077;1
54038;3
53079;3
67633;4
54034;4
60234;5
36397;1
31671;3
44177;1
73245;1
42035;1
73243;1
58285;5
81551;1
49829;2
58284;3
76677;1
67647;1
58281;1
54067;1
53873;5
49823;3
67644;2
80657;1
66595;1
54930;3
53088;1
53087;1
53094;2
79133;3
39170;1
42992;1
76682;1
54943;6
60250;1
69749;2
44188;2
49839;16
60254;1
56042;1
81546;3
54055;1
76689;1
60258;1
54054;6
39986;1
68610;2
80648;1
54058;1
74812;2
59797;3
56822;3
42052;1
56827;2
41162;1
69777;1
53022;1
47549;2
53020;4
54950;1
47548;3
73316;2
54001;2
74842;1
72700;5
74844;2
76697;1
53028;1
59790;2
82113;2
52725;5
31691;1
60282;1
76692;13
39150;3
41986;1
59786;2
42060;2
59789;1
39158;3
39157;1
56815;4
80674;1
56813;3
74837;1
47558;1
89229;2
74830;2
56809;1
83621;2
75455;1
52710;1
52715;1
60270;1
39927;2
85762;2
79166;2
53041;1
56846;14
53040;4
56849;2
69792;12
41186;3
41185;1
72724;1
67602;1
37888;2
53830;1
67601;1
42969;1
54022;1
79939;2
54974;1
79934;1
54026;4
42961;2
67608;5
89214;1
75467;2
59769;1
59763;1
83638;1
56837;2
72705;1
73217;1
67610;3
69784;11
54012;1
34103;1
74859;2
53055;3
74856;1
37896;1
60294;7
54987;1
67618;1
67615;8
42087;1
83641;2
67616;3
42089;2
51572;3
34938;1
81486;1
59861;2
44200;2
87982;1
64297;2
47631;1
62776;8
39119;2
37957;1
62775;4
62029;1
62028;4
51577;4
75417;1
61646;3
51579;4
51578;1
49776;1
37952;4
80596;1
59866;1
59868;1
90792;10
62010;9
51563;4
62782;2
34945;1
47621;6
49765;7
62019;2
71179;1
69695;1
39102;2
59873;3
83705;5
44225;1
34912;2
71182;4
62792;5
62041;2
62043;2
47657;2
47658;4
49792;1
38450;1
47650;2
57614;1
59840;4
59846;3
51582;1
64284;3
72640;1
51587;2
72648;1
47641;1
49780;1
59853;7
71191;1
59857;2
72658;2
71128;3
49737;1
51537;1
38479;2
34045;1
72655;1
71126;1
49732;1
61603;3
65301;3
63196;1
87831;1
62065;4
62066;1
49739;1
63199;2
56100;1
56103;1
59825;1
63193;2
63191;2
63192;9
56108;1
35174;1
35173;1
51529;3
49724;2
61610;1
61615;1
65318;2
73268;2
76619;3
61613;2
38489;1
73393;1
63184;4
73392;3
71132;2
63187;1
62052;1
81455;2
63189;1
62057;2
63188;3
73263;1
76611;4
87054;1
73398;1
34988;1
73262;2
61606;2
87029;2
71145;2
61623;3
87965;1
71149;2
50426;2
62088;2
56121;1
44264;1
62085;4
71143;1
62080;2
35190;1
79210;1
59802;2
59803;1
35195;1
59805;2
38494;1
34062;1
35198;3
79209;1
50411;1
74902;1
51546;4
74903;1
72686;1
47600;1
31633;2
49748;2
61630;5
79201;1
71151;1
79200;2
79203;1
87038;1
62074;4
87037;1
56117;3
35185;1
61628;1
56119;9
40495;2
70548;1
70549;1
88520;1
63152;4
45338;1
77714;2
84343;1
35134;1
77717;1
35121;1
49098;2
50429;2
49093;3
78138;1
63143;2
62098;5
70569;15
84336;1
62099;1
45327;1
45324;2
63145;10
84332;1
55055;2
64229;2
50435;1
35125;1
87018;1
64227;2
35150;1
45352;1
63172;6
90731;1
78123;4
70577;1
48666;1
33014;2
46520;2
77736;1
77735;1
62711;13
71106;2
40480;1
55073;1
55070;3
35144;1
87929;1
62717;1
57686;1
46519;2
71111;1
64204;2
77726;2
70583;4
43074;1
62730;3
70590;4
46549;1
50483;1
88562;1
65389;3
65388;1
65387;4
78103;2
50482;1
43076;1
65384;9
64260;1
65392;3
43064;1
58304;3
58301;2
55095;1
92057;1
84377;1
62744;1
78829;1
46536;2
48677;1
43069;1
65396;1
63103;2
90756;1
64262;2
57652;1
57653;3
57659;1
64237;6
35114;1
86327;1
62752;2
46564;3
63136;1
43098;1
64233;1
63130;1
63132;2
92077;1
65372;3
49075;1
38422;5
48697;3
38424;1
50499;2
86315;1
50498;1
78806;3
78805;2
63126;2
65374;1
88577;1
88576;1
65375;1
50496;4
61118;1
61118;1
54636;1
53110;1
61306;1
58462;1
56193;2
54100;1
54396;2
54493;2
59951;1
52621;5
54417;3
56015;1
52949;3
52948;1
60571;1
53579;2
56430;2
52568;2
53896;5
55222;1
53462;1
52037;1
59943;1
55958;1
55424;1
54994;1
58588;3
55550;3
54797;1
55035;1
54036;1
56749;2
60586;6
56173;1
55315;1
61070;2
61465;1
56224;6
54533;1
52649;1
54278;1
53493;1
51691;2
55397;1
56691;1
54271;1
52926;1
54476;1
56758;2
54687;3
58007;5
55403;2
53014;1
58278;4
59031;1
54344;2
51918;3
52937;3
56567;5
59851;1
59858;2
53218;2
55487;1
56822;1
52000;1
54254;2
52453;1
54454;2
54557;3
55472;2
54768;2
53227;1
52524;1
51138;2
61306;5
55818;1
55811;1
58462;3
58463;4
60079;2
56054;1
53127;1
52994;2
52203;1
57838;1
52206;1
54469;1
55894;2
51725;1
59441;7
57121;1
56582;3
52371;1
55518;3
53134;2
55328;1
55263;1
61507;1
60711;2
51472;3
51475;1
54578;1
53393;1
54076;2
54430;2
54579;1
56590;1
54075;1
53045;1
52873;1
54500;1
57316;1
54072;1
59770;1
56455;2
52261;1
53934;1
51962;1
52771;4
60215;2
56284;1
52583;1
53449;2
53057;5
53110;1
53725;1
54983;1
54199;2
54114;2
53921;1
59569;3
60873;2
55961;7
57444;8
56224;1
