78355;1
52045;1
52044;1
71894;1
63919;1
70305;1
28834;1
69662;1
63918;3
73610;2
78351;1
78369;1
37089;1
75585;2
62356;1
77182;1
58353;1
82757;1
69135;1
58896;1
52819;1
75989;1
52029;3
55493;1
80722;1
62341;1
63004;2
52836;1
36214;1
75160;2
50878;1
46674;1
69640;1
82744;1
33978;1
78788;1
75164;1
85656;1
79839;1
84875;1
40394;1
58370;1
74043;1
74044;1
75177;1
58374;2
74042;2
71090;1
58878;2
84870;1
49308;1
63029;1
52000;1
69625;1
53906;1
53907;2
45200;1
78310;1
55475;1
53123;1
84860;1
63447;1
73658;3
32469;1
40387;1
78723;1
86471;2
74015;1
61819;1
39636;1
63848;1
40753;1
64576;1
63972;2
51908;1
79853;1
35316;1
63457;1
59902;2
78711;1
57297;1
53139;4
40788;1
85687;1
63834;1
53928;1
46634;1
62305;1
63833;1
62300;1
64566;1
32489;1
84055;1
40362;1
47230;1
50396;1
64558;1
41019;1
29536;1
63057;1
52800;1
69617;2
40356;1
89395;1
50838;1
84830;1
74000;1
84836;1
61804;1
84834;1
81631;1
54612;1
60186;1
39663;2
59958;1
75106;1
47688;1
44869;1
41060;1
83772;1
80382;1
47290;1
32421;1
86794;1
75907;1
66274;1
41856;1
55029;1
54624;1
83767;1
43410;1
44851;2
83760;1
73687;1
60178;1
74737;1
59017;1
55424;1
43415;1
74735;1
59016;2
63074;1
86035;1
79898;1
74729;1
47693;3
53563;3
41847;1
49359;1
48853;1
67705;1
67704;1
83753;1
87540;1
47270;1
49320;1
67708;1
53979;1
29979;1
53973;1
86023;1
47661;1
53556;1
59021;5
41048;1
74717;1
63085;1
59437;2
43705;2
53555;1
43704;1
43707;1
43706;1
80358;1
47261;3
49331;1
83745;1
56181;1
70757;1
73665;1
74710;1
60562;2
48839;1
53151;1
55016;1
48835;1
48834;2
66236;2
69169;1
67767;1
66231;1
75142;1
81678;1
43440;1
49385;1
59450;2
60533;1
59456;1
80780;1
72982;1
32942;1
88237;1
49391;1
60138;1
66242;2
52071;1
67779;1
75159;6
72976;1
52861;1
78790;1
58399;1
68105;1
72973;1
70705;1
80759;1
49922;1
46178;1
75123;1
36250;1
83798;1
67747;1
60513;1
59477;1
85602;1
79263;1
52873;1
41085;1
59065;1
43035;1
72178;3
48809;1
43036;1
66225;2
60112;1
67755;1
44873;1
83788;1
56145;1
52881;1
52888;1
69199;1
70723;1
69196;1
80750;1
74455;2
44533;1
44534;1
76100;1
72164;2
82240;1
72169;1
84475;1
64194;1
64193;1
37493;1
54293;1
80410;1
85092;1
37496;1
81585;1
47733;3
67004;1
91657;1
44545;1
54690;1
44544;2
84480;1
85086;1
60614;1
79328;2
81597;1
54697;7
42688;1
57774;1
49851;1
59882;1
72142;1
38528;1
48796;1
74438;1
84492;2
56618;1
65660;1
72538;1
65270;1
43790;1
59884;1
71486;1
43787;2
82211;1
68848;1
48394;1
76117;1
42663;1
81579;2
65261;3
42668;1
48778;2
53521;1
31468;1
38507;1
48382;1
30663;1
48383;1
68818;1
39210;1
61306;1
70294;1
64989;1
48259;4
64159;1
31077;1
83849;1
43769;2
83847;1
30659;1
55797;2
55793;1
84449;1
48375;1
61316;2
64163;1
56608;1
80463;1
48783;1
43759;2
70680;1
70682;1
48753;1
43757;1
59501;1
70687;1
53505;2
84458;1
53502;1
47753;1
48238;1
48368;1
54644;1
45618;1
79318;2
54646;1
45612;1
71910;4
54244;1
30633;1
83828;1
84460;1
66175;1
53517;3
53518;1
70677;1
57793;2
71908;6
54636;1
68030;1
64185;3
71901;2
89766;1
50938;1
77224;2
70258;2
37410;1
50389;1
71422;1
51007;1
46206;2
64118;1
35237;1
84002;1
68493;1
68496;1
54219;1
84925;1
63490;1
51422;1
61753;1
64538;2
37417;1
61352;1
77236;1
50929;1
61737;1
50928;1
48336;1
68090;1
77239;1
51824;1
58407;1
45124;1
84404;2
54228;1
70234;1
64509;1
50916;1
51021;1
64132;1
36745;2
84025;1
51812;1
62854;1
50367;1
62848;1
64511;1
61732;1
77657;1
85030;1
64512;1
61736;1
45642;1
78701;1
84014;2
78707;1
51801;1
64911;2
61337;1
45141;3
48315;3
84428;1
54208;1
83377;1
84420;1
84914;3
77251;1
50347;1
62830;1
61388;1
69593;1
69590;1
71961;1
81154;2
70208;1
76954;1
76146;1
78288;1
62396;1
76143;1
52460;1
45162;1
88657;1
78272;1
50338;2
52469;1
82685;1
57739;1
51058;1
37440;1
77273;1
64506;1
71060;1
51472;1
75554;1
71065;3
77662;1
57700;1
50324;2
52478;2
52479;1
57310;3
68872;2
69579;1
57316;1
65237;1
44557;2
61770;1
65230;1
64107;3
78293;2
57714;1
70200;2
76942;1
77294;1
45680;1
65226;1
77685;1
77687;3
81126;1
69526;2
79705;1
77093;1
71798;1
69520;1
52148;1
36571;1
58099;1
64487;1
71790;1
88713;1
80835;1
77986;1
40283;1
74158;1
77981;1
69938;2
78666;1
85535;1
77081;1
82849;1
69033;1
52963;1
78266;1
89479;1
52964;1
52966;1
85530;1
51365;2
55364;1
58999;1
52553;1
77995;1
58490;2
52557;1
43355;1
78654;2
82852;1
57365;1
48901;1
36119;2
52164;1
85540;1
78239;1
62240;1
78237;1
55399;1
69950;1
69953;1
53206;1
71765;1
29157;1
52944;1
64498;2
62232;1
64495;1
64494;1
55387;1
52531;1
53210;3
82872;1
43378;2
74691;1
74692;1
77068;2
52539;1
48507;2
46782;2
70411;1
47357;2
74112;1
84962;1
82820;1
74114;2
74640;1
50274;1
43388;1
76497;2
58463;1
46215;2
46218;1
59104;1
68449;1
52521;1
45118;1
46769;1
50962;3
40659;2
67270;1
30350;1
86587;1
57392;8
58452;1
58451;2
57390;1
40235;1
59116;3
36543;1
53234;1
86171;1
74634;1
34305;1
52125;1
52120;1
81709;1
47376;1
85990;1
73530;1
50295;1
78607;2
78605;1
69912;1
73537;3
58439;1
46740;1
78208;1
50985;1
74145;1
63337;1
68456;1
85987;1
58048;1
37621;1
37622;2
60971;1
73554;1
67826;1
73550;1
58929;1
41755;1
86658;2
47399;1
49208;1
43828;2
35858;1
53677;1
30792;1
83860;1
87262;1
36183;1
39771;1
83866;1
43835;1
46720;2
60442;1
53664;1
53668;3
53271;1
36191;1
65085;1
75228;1
60952;1
54731;1
37643;1
66398;1
76472;1
67846;1
32137;1
43844;3
60947;2
68902;3
68907;1
79763;1
87284;1
67854;2
90599;1
53296;1
73569;1
81742;1
41727;1
60462;1
65098;1
69099;1
69098;1
81778;2
73590;1
60930;1
61092;1
52996;2
48925;1
55816;4
69066;1
55818;1
46293;1
70831;1
60925;1
41799;1
52184;1
32113;1
59182;3
66743;1
73580;2
69969;2
80277;1
80278;1
61081;1
73589;1
74597;1
48914;1
52175;2
89022;1
48191;1
52179;1
42762;1
41396;1
67882;2
59168;1
52979;1
69990;2
52975;1
78680;1
60411;1
41777;1
86633;1
66762;4
54702;1
81785;1
75278;1
55829;1
69981;1
29197;1
60425;1
60424;2
38649;1
72950;1
65923;1
72416;2
56730;1
49973;1
54390;1
56735;1
64885;2
79479;3
83017;1
72018;1
79463;1
81284;1
56338;4
72015;1
44409;1
72017;1
65145;1
39305;1
56741;1
83009;1
47828;1
56749;1
71373;1
56747;1
71370;1
79464;1
49283;2
56369;1
83915;1
82369;1
74575;1
65133;1
53604;2
66718;1
71389;1
76401;1
71381;1
51792;1
79457;1
79441;1
72030;1
82357;1
48183;2
65950;1
77581;1
51780;1
65534;1
71397;1
64893;1
79447;1
51781;1
65961;1
53625;1
73072;1
30768;1
54357;1
83937;1
70398;1
48114;1
48116;1
48489;1
65187;1
86691;1
64063;4
73060;1
72918;2
54758;1
60086;1
83048;1
87628;1
48479;1
47890;1
84555;1
82327;1
82324;1
68931;1
53643;2
53640;1
74534;1
83961;1
60881;1
48892;1
64036;1
60095;3
87654;1
79417;1
83031;2
44939;1
39337;1
61422;1
41306;1
65174;1
65166;1
83432;1
48144;1
39320;1
38615;1
83026;1
73088;1
54779;1
64856;2
61434;1
64857;1
61433;1
62974;1
46303;1
72499;1
37105;1
50240;1
37515;1
71822;2
77536;3
84539;1
68350;1
77535;1
37518;1
51945;1
64025;1
84139;1
71826;1
61844;1
76863;1
45029;1
44488;1
90093;1
37125;1
77109;1
61464;1
70376;1
61461;1
77102;1
40210;1
51933;1
51303;1
45550;1
76877;1
37539;1
75622;1
51306;1
75623;6
58518;3
81239;1
76052;2
91701;1
46312;1
48103;1
46313;1
78195;1
64816;1
84110;1
61473;3
70387;1
51920;2
77507;1
61861;1
84524;1
77501;5
61860;2
70315;1
70313;1
38684;1
77953;1
88766;1
77951;1
68990;1
51736;2
61488;1
62934;1
42346;1
77578;1
51727;1
76811;5
77160;1
75646;1
51988;1
71330;1
91324;1
61493;1
70322;1
71337;1
61499;1
62940;1
51726;1
56784;2
51722;1
82377;1
61882;1
45974;1
75653;1
77568;1
78179;1
76036;2
76826;1
37544;1
77974;2
48425;1
51754;1
71344;1
78164;1
86529;1
71348;2
44458;2
45987;1
76831;1
62274;1
77550;1
47404;1
62960;1
46693;1
47803;1
77156;1
62281;1
47801;1
72487;1
77966;1
57851;1
51960;1
77967;1
62961;1
50217;1
78156;1
76015;1
51350;1
76014;1
91753;1
76018;1
55237;1
67163;1
82014;1
52621;1
62568;1
50613;2
52242;1
52247;2
87374;1
73400;1
66402;1
84284;1
55953;1
79098;2
47006;1
85476;1
84280;1
85216;1
52643;4
58607;1
55922;1
79628;1
82938;1
52224;1
55918;1
43909;1
56382;3
47926;1
82043;1
78979;1
55930;1
46347;1
85841;1
68797;1
36425;1
74993;1
43277;1
47932;1
67980;1
82923;1
57481;1
46892;1
51270;1
68783;1
68786;1
82050;2
69834;1
49113;1
46391;2
78599;2
68781;1
46397;1
51272;1
69423;2
86271;1
69422;2
46896;2
86957;1
52283;1
77891;1
55912;1
71638;1
66449;1
78994;1
69821;1
86962;2
71645;1
52278;1
55909;3
83182;6
83599;1
45368;1
83597;1
64301;1
40165;1
70903;1
69813;1
83979;1
62584;1
67957;1
89587;1
69407;1
58147;1
70022;2
57467;1
67194;1
83588;1
33729;1
52678;1
82976;1
40154;1
67198;1
67553;2
69800;1
66420;1
60311;2
48605;2
46384;1
82969;1
83992;2
81429;1
54807;1
68332;2
60777;1
53374;1
58169;1
66470;1
79688;1
70047;1
70048;1
74266;1
68740;1
42888;1
70967;1
47095;1
47096;1
73497;1
68330;1
47981;4
53365;1
60786;1
68346;1
48094;1
80937;1
48091;1
53364;2
70036;1
54178;1
74930;1
54820;2
54821;1
39472;1
54823;2
75394;1
47992;1
60757;4
81409;1
79023;1
81408;1
53357;3
50673;1
50672;2
53771;3
73473;1
76773;1
47079;1
67505;1
76774;1
83555;1
47072;1
58189;1
42134;1
80915;3
52296;1
53343;1
39079;1
38394;1
48077;1
38399;1
50155;1
74914;1
60359;1
73466;1
53763;2
79035;1
54806;1
69847;1
61195;1
61198;4
62520;1
72836;1
63651;2
83536;1
54856;4
53715;1
29758;1
73458;3
82509;1
39837;1
46826;1
82904;1
47953;1
82911;1
83522;1
47044;1
54137;2
53317;1
79665;2
60792;1
72815;2
70994;1
79062;1
83506;1
46833;1
36052;1
80126;1
73818;1
54834;3
47422;1
41280;1
50197;1
72808;2
37992;1
53307;1
87388;1
49577;1
39417;1
66067;1
79076;1
82009;1
85885;1
54114;1
74271;1
73424;3
65053;2
54490;1
92521;1
81388;1
80212;1
39908;1
59720;1
82441;2
72367;3
43539;1
44735;1
44736;1
36953;1
76301;1
59729;1
61145;1
80497;1
49672;1
81393;1
72764;1
54890;1
75306;1
80224;2
83614;1
55555;1
44748;1
84684;2
75710;1
65046;1
49660;1
48020;1
43522;1
82433;1
44328;1
54882;1
61522;1
47515;1
65071;1
68280;1
35482;1
73197;1
61125;1
61126;4
84693;2
54479;1
49647;1
62139;1
72744;1
48004;1
59750;1
71298;1
73186;1
80205;1
35499;1
81970;1
56902;1
55536;1
61133;1
48591;1
56000;1
60858;1
65402;1
72791;1
51677;2
48059;1
72799;1
54099;1
38372;1
48055;1
35071;1
82487;2
43578;5
77475;1
49629;1
73164;1
71274;1
56406;1
35068;1
76755;1
66844;1
55518;1
44785;4
48066;1
38388;1
61508;1
55517;1
65004;1
62185;2
81327;1
65420;1
57984;1
62697;1
45880;1
54071;1
57094;1
35053;1
48031;1
48034;2
59707;1
48035;3
66813;1
72380;2
79110;1
66103;1
66105;1
37235;1
62175;1
65434;1
51641;1
71251;1
68232;1
68231;1
41614;1
50513;1
54089;1
42499;1
82459;1
91891;1
35457;1
59713;1
82452;1
65810;1
36985;1
51227;1
45470;1
45472;1
83144;2
57575;1
91033;1
75782;1
54414;1
51223;1
51220;1
52693;1
70451;1
52694;1
77852;1
57572;1
35927;1
57969;6
83151;1
64748;1
83156;1
64742;1
51232;5
76373;1
57973;1
57971;1
64320;1
70464;1
63286;1
64321;2
75768;1
78022;1
58558;1
84222;2
84223;1
57949;1
45859;1
69323;1
75778;1
84627;1
67917;2
76396;1
56420;1
48516;1
58568;1
76394;1
58566;1
71213;1
78903;1
78017;1
84219;1
84638;1
54455;1
65482;1
85257;1
70499;1
45437;1
64354;2
55999;1
46447;1
36522;1
55992;2
57526;1
61989;2
67243;1
61982;1
61983;1
67249;2
49192;1
83111;1
64362;1
65498;1
78921;1
56489;1
81947;1
81946;1
84657;1
84659;1
84654;1
77413;1
49162;1
84655;1
75723;1
49160;1
64758;1
45802;4
61971;1
67239;1
75721;1
54430;1
78932;1
77005;1
58597;1
84263;2
42412;1
84668;1
48553;1
84666;1
45811;1
56461;1
54442;1
55967;1
69361;1
70484;1
81922;1
78945;1
46065;1
47110;1
50705;1
74880;1
86332;1
53815;1
85731;1
59348;2
85105;1
79505;1
49402;1
52757;2
67030;1
86347;1
51160;1
68673;1
52752;1
51164;1
59354;2
62418;2
78843;1
53006;1
55111;2
42920;1
71573;1
59320;1
62443;2
70618;2
52364;1
78070;1
67054;1
33868;1
86361;1
58733;1
53012;1
86369;1
58730;1
53010;2
46483;1
62432;1
52354;3
50746;1
52352;1
84816;1
84815;1
78490;1
58763;1
78495;1
48715;1
86373;1
91484;1
45248;2
45249;2
80089;1
67065;1
57589;2
40460;1
78498;2
51134;1
55125;1
77756;1
40869;1
55123;4
46099;1
40034;2
68637;2
52371;1
52373;1
87428;1
50769;1
85714;2
52784;1
70119;1
48730;1
34583;1
78885;2
67081;1
78883;1
43121;1
71533;2
84802;2
78476;1
62487;1
40845;1
52771;1
60211;1
60215;2
36368;2
80606;1
69702;1
60217;1
60210;1
67093;1
40050;1
50787;1
62476;1
54040;4
46914;1
50794;1
53473;1
67627;1
32350;1
80048;2
47193;5
60626;1
83671;3
72290;2
69732;1
49801;2
66579;1
80632;1
73751;1
46929;1
53071;1
47590;1
75492;1
75491;2
53462;1
70170;2
73753;1
53464;3
68200;2
53465;1
56023;1
89269;2
49493;1
76666;1
73236;2
39968;1
54038;1
49812;2
60234;1
88111;1
80665;1
54928;1
73245;1
73242;1
81551;1
58284;1
67647;1
40877;1
68620;1
54067;2
80065;1
53094;1
74372;1
54050;1
50051;1
73772;1
79133;2
73779;1
42992;1
76689;1
74811;1
69742;1
60258;1
54054;1
80648;1
69747;1
65777;1
46954;1
46029;1
53434;2
53432;2
56058;1
65770;2
82613;1
41162;1
47549;1
73316;1
82605;1
72700;2
82607;2
82606;1
90388;1
74844;3
76697;1
42054;1
49442;1
52725;2
49444;1
63509;1
76692;1
46964;1
46015;1
82625;1
61287;1
80677;1
74396;1
69767;1
56809;1
39548;1
63539;2
53450;1
69792;1
54022;2
58701;2
54028;1
54026;4
38003;1
58706;1
46042;1
79167;1
53444;1
70193;1
63528;2
65786;1
79534;1
53446;1
82645;1
74854;2
69784;1
74853;1
54016;2
29628;1
54987;2
75473;1
63519;1
80015;1
42087;1
51572;1
65345;1
65346;1
44205;3
38054;1
61641;1
79908;1
47631;1
62029;1
71167;1
51577;2
61646;2
47635;1
75418;2
51579;1
39110;1
61240;1
76204;1
36814;1
76207;1
59866;1
75039;1
76206;1
75802;2
69284;1
62010;2
68153;1
69286;1
38064;2
47621;5
49765;1
62019;2
69695;2
66017;1
44225;2
68187;1
62041;1
65322;1
92643;1
83724;1
77394;1
72634;1
84799;2
75013;1
44610;1
44617;1
82560;1
59840;2
55661;1
66048;2
59844;1
75823;1
68174;1
65332;1
65335;2
88074;1
77381;1
44217;1
66928;1
49784;1
59853;2
65755;1
74305;1
72658;2
49737;1
51537;3
38479;1
81443;1
71121;1
37351;1
63199;3
56100;4
44635;1
38475;1
56108;1
66936;1
77377;1
66938;1
30079;1
61615;2
76616;1
73393;1
62053;1
63187;1
81455;1
81456;1
63189;1
76610;1
68110;1
61215;2
30953;1
36862;1
74328;2
50004;2
66946;1
51556;1
37930;1
72280;1
71149;2
62088;1
56121;1
44264;1
38078;1
62080;1
66951;1
66952;1
76226;1
49751;1
43696;1
50013;1
77354;4
74902;1
74903;1
47600;2
50414;1
79201;1
68130;1
36880;1
36881;1
56118;1
56117;1
65711;1
35181;1
45799;2
55639;1
44662;2
77343;1
61628;1
56119;2
34053;1
48641;1
77331;2
71625;1
63150;2
54512;1
70549;1
84728;1
48643;2
87007;1
48642;1
84748;3
75890;1
77323;1
58680;1
49092;1
64604;1
37304;1
54521;2
91559;1
64601;1
70566;1
70569;3
84336;2
45327;2
63145;1
56541;1
64229;1
50435;1
91965;1
64612;1
45352;2
54533;1
78127;1
84329;1
48667;1
48666;1
50466;1
46520;1
77736;2
83278;1
54546;1
51116;1
37329;1
71612;1
83276;2
78112;1
69220;2
50451;1
46516;1
62726;2
43074;1
92065;1
84772;1
69257;1
42547;1
64636;1
85376;1
42541;1
49047;1
70590;1
65388;1
50482;1
64648;1
83250;1
57628;1
48671;1
92057;1
49052;1
75069;1
75061;1
91549;3
72205;1
84751;3
83225;1
52316;1
85395;1
86325;1
86328;1
57115;1
88589;1
63136;1
64233;1
54588;1
45717;1
50810;1
85128;2
76295;1
46556;1
76293;1
84355;1
57103;1
50496;1
64244;1
50495;1
62360;1
78356;1
75596;1
79807;1
52048;1
52045;2
69669;2
52041;1
59499;1
50895;1
70305;2
30224;1
75994;1
86708;2
63918;1
57242;1
46156;1
30225;1
69124;3
52806;1
73616;2
84083;1
71881;3
62356;1
71883;1
77183;1
36246;1
58353;1
30210;1
86718;1
84894;3
68532;1
75988;1
84890;1
58896;1
75989;2
52819;1
52029;1
37074;1
62342;1
52028;1
37079;1
52021;1
75160;1
36215;1
50878;2
63005;1
91121;1
84887;1
75973;1
78788;2
75976;2
52441;2
58871;1
63019;1
79839;3
40393;1
84875;1
43479;1
58374;2
74042;1
33036;1
49308;1
53906;2
53907;1
50851;1
40763;1
78314;1
29546;1
53123;1
84860;1
63449;1
73658;1
63849;1
61817;2
84869;1
63441;2
86471;1
61818;1
82704;1
49317;1
39636;1
62318;1
46622;1
61835;1
63972;1
79853;1
79851;1
87121;1
68571;1
58857;1
86074;1
74778;1
55467;3
74020;1
57297;1
84854;1
74025;1
77608;1
53929;1
63833;1
62300;2
79863;1
78330;1
91166;1
53930;1
40362;4
58849;1
69613;1
63955;2
63053;1
30237;1
78341;1
58832;1
74001;2
78730;1
84836;1
46109;4
63817;3
81631;2
49345;2
44862;1
49341;1
74741;1
75106;1
87172;1
83772;1
41060;1
80384;1
75915;1
74747;1
55436;2
88276;1
66274;2
43721;1
43011;1
47684;1
43013;1
48867;1
55027;1
47284;1
41466;1
53941;1
44854;1
83760;1
73686;1
39259;1
67734;1
75117;1
74737;1
59017;2
55424;1
74738;1
59016;1
43415;1
63074;1
66284;1
60584;2
63884;1
70780;1
48853;1
67705;2
36295;3
81613;1
47270;1
30285;1
53979;2
70746;1
55412;3
73678;1
67700;1
73676;1
83750;1
47660;1
47661;1
59021;5
41048;1
70753;1
59433;1
49326;1
81608;1
40744;1
53555;3
43704;1
63874;1
44072;1
56179;1
81600;1
56184;1
52095;1
87555;1
76583;2
56181;2
49331;1
59039;1
73665;1
48839;1
39277;1
29094;1
86786;1
39271;1
40733;1
53540;1
55016;1
60566;2
55012;1
66236;4
69169;1
43053;1
66231;1
68508;1
75145;1
59456;1
70733;1
43056;1
59042;1
76569;1
49956;1
43042;1
60134;1
66242;1
56160;1
52073;1
59441;1
44897;1
75159;3
92440;2
58399;1
72973;2
59056;1
38175;1
80759;4
41084;1
59977;1
75123;1
36250;1
81656;1
52061;1
49367;3
60513;1
86739;1
79263;1
43035;1
38166;1
53181;2
66223;1
49930;2
41091;1
42616;1
67755;1
66225;2
67757;1
85607;1
44043;1
44041;1
59466;1
54197;2
52057;1
59079;3
43027;1
44533;1
72162;1
44534;1
76100;3
81195;1
68029;1
82243;1
44536;1
37491;1
47733;2
67004;1
76529;1
44545;1
54690;1
44544;2
65242;3
84480;1
85086;4
60614;1
37480;1
60605;1
54697;1
67012;1
54696;2
38111;1
49851;1
68836;1
72142;1
38528;1
56224;1
79351;1
48797;1
84492;1
56618;1
54684;1
57742;1
65270;2
57740;1
72535;1
59884;1
35285;1
48394;1
48393;1
54287;1
79341;1
81163;1
64992;2
71490;1
81579;1
44119;1
68812;1
55787;2
72125;1
84436;1
72508;1
68819;1
48382;2
84435;1
48383;2
47772;1
61305;1
61307;2
70294;1
48259;3
70299;1
43769;2
55797;1
53530;1
92394;1
61316;1
60997;2
48780;1
48783;1
89784;1
39232;1
48233;1
53501;1
53502;1
57786;1
54643;1
54644;1
41402;1
70270;1
54646;1
62894;2
64174;2
70278;1
92372;2
64184;1
31040;1
84460;1
53517;1
39221;3
66173;1
83338;1
68806;1
42296;1
66171;1
57793;1
44800;1
71901;1
50938;1
50380;1
84931;1
67491;2
71423;1
51007;2
71422;1
35236;1
36767;1
52497;1
62876;1
85019;2
68496;1
54219;4
45670;1
51422;1
84929;2
76998;1
64538;1
77236;1
50929;1
48336;1
77239;1
51824;1
77621;1
85005;1
58407;2
81103;1
45124;1
76177;1
84404;1
85009;1
71028;1
63474;2
63479;1
51812;1
56698;3
84021;1
71011;1
51809;1
58418;1
40309;1
84413;1
85035;1
64517;1
61736;3
85030;1
77256;1
36737;1
78707;2
51801;1
50359;1
64910;1
64521;1
64520;1
83377;1
77646;1
84914;1
52450;1
48304;3
76140;1
62830;1
51872;1
51047;1
50341;2
71961;1
81150;1
76146;1
78288;1
61790;1
44580;1
62846;1
35266;1
51866;1
51869;1
36718;1
52469;4
34649;1
37440;1
85041;1
64507;1
90159;1
75559;1
67445;2
64506;2
83398;1
61781;1
75554;1
75551;1
44586;1
52478;1
61776;1
69579;1
65239;1
57316;1
71057;1
62373;1
77696;1
58792;1
51441;1
61771;1
61770;1
65230;1
64108;1
45187;1
71454;1
64107;2
52483;2
78293;1
37037;1
77297;1
57714;5
71452;1
70200;2
46594;2
82667;1
57719;1
76948;1
65226;1
77687;3
78298;1
56660;1
79705;1
52148;1
79700;1
64487;1
85521;1
78258;1
85930;1
88714;1
88713;1
74158;2
78668;1
78666;1
85535;1
82849;1
69033;1
51360;1
78266;3
52966;2
40696;1
43359;1
55364;1
88725;1
52553;2
82854;1
84994;1
52557;1
77990;1
84998;3
48901;1
78238;1
84199;1
52543;1
85954;1
53206;2
78640;1
71765;1
34337;1
62239;1
71764;1
47329;1
64498;1
64497;2
69013;1
80852;2
64491;1
52531;1
53210;1
74187;1
53218;1
69550;1
46782;4
45104;1
87238;1
52102;1
60477;1
91287;1
74640;1
43388;1
76497;1
46215;1
59104;2
60483;1
78221;1
76892;1
84181;1
40651;1
52508;1
50962;1
39734;1
67271;2
67270;1
52512;1
86582;1
82812;1
57392;4
29805;1
78610;1
84957;1
58451;1
84954;1
86585;1
67272;1
78615;1
50289;1
74633;1
74634;1
91293;1
69507;1
52120;1
40266;1
50297;1
84158;1
50969;1
74138;2
58986;1
81316;1
82826;2
63726;1
74651;1
40629;3
58978;1
68453;1
80800;1
37621;1
37622;1
83086;1
86140;1
60971;1
60049;1
73554;1
73550;1
60429;2
49200;1
41755;2
47399;2
49207;1
41759;1
61054;1
60967;1
61050;1
53274;1
58914;1
49216;1
46721;1
66771;1
60444;2
46720;1
53664;4
53668;3
53271;1
83891;1
53288;2
83068;1
70889;1
54731;1
61070;1
65081;2
54734;1
43844;2
53693;2
69082;1
53280;4
65087;1
65088;1
68907;1
69089;1
58007;1
65095;1
44971;1
73560;1
32537;1
81742;1
44973;1
39795;1
41727;2
46702;1
49236;1
66793;1
66792;1
53294;2
69099;1
81778;1
73590;2
60930;1
67860;1
65519;1
52996;1
80884;2
72051;1
52999;1
60925;1
52184;1
74194;1
59180;1
52189;1
66743;1
49252;1
79398;1
76422;1
80277;1
69969;1
67877;1
32836;1
59197;1
70840;1
63780;1
48191;2
89022;1
81759;2
42762;1
60020;1
36152;1
79368;1
72070;2
80899;1
59168;1
86631;1
72074;1
69990;1
60908;2
42752;1
75278;1
73015;2
69989;1
66366;1
73016;2
43337;1
43338;1
69986;2
41760;1
41763;1
55829;1
52981;1
59569;1
60424;1
72416;2
89859;1
56730;1
64888;1
64885;2
71364;1
72018;1
79462;1
81281;1
56338;2
65149;1
39300;1
56742;1
54797;1
65551;1
65550;1
72959;1
49283;2
65947;1
68970;1
74575;1
53604;1
65941;1
47855;1
77591;1
77592;1
56756;1
71381;3
51792;2
79457;1
53614;1
77583;1
48183;1
65530;2
51780;1
64088;1
71390;1
65534;1
53627;1
65198;1
64051;1
48877;1
64050;2
54357;1
54768;1
72905;1
65585;1
83055;1
65195;3
44913;2
65190;1
83459;1
73060;1
53632;1
64063;1
74529;1
64069;2
89883;1
89887;1
60087;1
87628;1
44926;1
47890;1
83426;1
48897;2
60092;1
68931;1
80329;1
65561;1
64036;2
60095;1
64035;1
65174;1
84568;2
83028;1
44949;3
87647;2
64856;1
64858;1
64857;1
46303;1
72493;1
71822;1
69499;2
45925;1
67353;1
62295;1
77902;1
51945;1
70365;1
84137;1
71826;2
75611;1
58546;1
44487;1
45930;1
61461;1
83460;1
61879;1
75623;6
58518;2
76874;1
45014;1
91701;2
51700;1
64815;1
64816;1
61479;1
61473;1
70388;2
77507;1
84524;3
81227;1
58529;1
76883;1
77501;4
76882;1
51310;1
70315;1
38684;1
91331;1
48408;1
45070;2
71325;1
61488;1
71323;1
33236;1
37144;1
42346;1
68397;3
76811;8
67313;2
71866;1
77160;1
51988;1
82785;1
70322;1
55297;1
71337;1
51726;1
56784;1
51722;2
82377;1
77565;2
62265;1
45974;3
76036;1
69475;1
77974;1
71341;1
37572;1
77978;1
44458;3
81275;1
69464;1
47803;1
34262;2
62281;1
71359;1
50217;1
62961;1
77967;1
78156;2
45993;1
91753;1
38699;1
54303;1
82394;1
71855;1
54103;3
40149;1
55237;2
58622;1
70502;1
82014;2
55949;2
63200;1
82958;1
62568;1
47015;1
52242;1
52241;1
85207;1
52247;1
85462;1
40903;1
73400;1
87361;1
66402;1
36444;1
49551;1
55958;1
82955;1
71688;1
79098;1
52234;1
71685;1
52231;2
79614;1
85475;2
85216;1
85217;1
85214;1
56396;1
43911;1
84296;1
51292;1
51291;1
52643;5
58607;1
56382;2
79622;1
47926;1
55930;1
85848;1
74997;1
82046;2
47932;1
50600;1
62534;2
80998;1
52215;1
78588;1
51289;1
70927;1
69834;1
60349;1
69835;1
46391;1
87336;1
78599;1
40561;1
49112;2
70001;1
49509;2
57488;1
46896;2
41226;2
52283;1
77891;1
55914;1
71638;1
66449;1
68775;1
70938;1
30458;1
85824;1
67576;2
60336;1
50661;1
86962;1
67964;1
52278;1
83182;3
86965;1
67181;1
58141;1
64301;2
67186;1
70902;1
70903;2
43958;1
85808;1
83988;1
89587;1
70022;1
57467;2
66426;1
67193;1
83588;2
58638;1
52678;1
77870;1
40154;1
40982;1
86266;1
43943;1
60311;2
46384;2
62575;1
53385;1
69414;1
50643;1
33331;1
82969;1
83992;1
58139;1
59280;1
60777;1
39873;2
70048;1
39876;1
73128;1
80189;1
47096;1
39467;1
47981;4
32609;1
42160;2
81419;1
73897;1
66874;1
47993;1
53364;2
89531;1
66877;1
39865;1
74930;2
47081;1
67532;1
79018;1
53353;2
60757;1
79023;2
81408;1
70065;1
60752;1
48088;1
36491;1
66868;2
36499;1
80517;1
68720;1
53773;2
83552;1
60362;1
47072;1
67508;1
52296;1
29762;1
50689;1
47475;2
70059;1
39079;2
74913;1
68713;2
73466;1
53763;1
54806;1
89146;1
61195;1
79642;1
72836;1
63651;4
73847;1
47944;1
59656;1
53707;1
54856;4
36075;1
73458;2
82506;2
47443;1
39837;1
47452;1
61188;2
82904;1
70072;1
70071;1
46823;1
53703;4
47045;1
80569;1
73449;1
54137;2
47458;1
79665;2
65898;1
79062;1
46833;3
83506;1
63639;1
56942;2
56943;1
79066;1
62500;1
60797;1
83510;1
41690;1
29734;1
52601;1
39817;1
54834;3
80123;1
54124;1
66498;1
74969;1
54123;1
53307;4
80552;1
72809;1
79071;1
79076;1
79077;2
66895;1
62102;1
63618;1
54114;1
80547;1
81382;1
72757;1
65053;1
76721;2
54490;1
60815;1
80494;1
73934;1
82441;1
72367;2
43539;1
43530;1
43534;1
81393;2
49666;1
54897;2
72764;1
54890;1
61553;1
83614;1
62680;1
55555;1
44745;1
48025;2
48023;1
48020;1
61151;1
76708;1
66805;1
44328;1
61520;1
54882;5
44329;1
61525;1
72731;1
81959;1
68280;1
51691;1
54479;2
72744;1
81969;1
87745;1
59750;1
71298;3
73184;1
54482;1
43504;1
65857;1
72334;1
59752;1
65853;1
55536;1
56900;1
60858;1
51673;1
65402;1
51674;2
50543;1
48059;1
72799;2
53784;1
41626;1
54099;1
82487;2
77473;1
43578;2
57072;2
61106;1
65410;1
61513;1
92109;1
76756;1
50535;1
41629;1
48067;1
55518;1
66844;1
55517;2
61508;2
35064;1
61506;1
61507;1
60852;1
42893;1
62697;1
44755;1
66813;1
65805;1
65806;1
35444;1
62182;1
60827;4
71251;1
81335;2
65808;1
50514;1
50516;1
50511;1
77481;1
48041;1
43540;1
50509;1
35457;1
38756;1
45472;1
57575;1
75783;1
51223;1
51220;1
35036;1
78009;1
52691;3
85901;1
57969;4
50584;1
51232;1
56448;1
51625;2
57973;1
57971;1
64320;2
91464;1
64321;1
67903;1
84220;1
48527;1
84222;1
78029;1
43983;2
77831;1
69327;1
54404;1
56420;2
71216;2
78907;1
58568;2
50558;1
48516;1
56421;1
56425;1
84219;1
48518;1
54458;1
54455;2
90895;1
55583;1
63254;2
91431;2
57926;1
91436;1
55999;1
55994;1
55992;1
77814;1
36925;1
81950;1
61989;1
83111;1
65494;1
64362;1
57937;1
78921;1
61592;2
61591;1
63247;1
84654;1
84655;2
49160;2
45802;3
75721;1
85273;1
78932;1
64379;1
64373;1
61562;2
36502;1
57013;1
29331;1
81917;1
49177;1
84660;1
42414;1
78940;1
55967;1
78943;1
71709;2
70484;2
84253;1
78945;1
84252;1
46065;2
52764;1
86332;1
78864;1
78869;2
71595;1
40808;1
49401;1
47117;1
47113;2
52342;1
74871;1
53800;1
67030;1
86347;1
86348;1
82160;2
68673;2
51160;1
78462;1
52752;4
51164;2
79518;1
67035;1
49421;1
46086;1
66515;1
55111;2
42920;1
42916;1
39501;1
50730;2
85349;1
48709;1
52736;1
58737;1
51180;1
40802;1
55102;1
58733;1
82141;2
82142;2
53010;1
49029;1
59331;1
59332;1
62431;1
62432;3
64692;1
71568;1
39518;1
70606;1
67662;1
84816;1
84815;1
77748;1
58768;2
80082;2
30562;1
45249;1
58262;1
40045;1
58265;1
57589;1
34562;1
86370;1
73782;1
51133;1
55123;2
43110;1
52371;1
50769;1
70138;1
80617;1
48730;1
40060;1
78031;1
85302;1
71533;2
50776;1
54502;1
36352;1
62487;1
78477;1
54508;1
80622;1
40845;2
52771;1
60211;1
66562;1
80606;1
82187;2
48749;1
60210;2
50788;2
52398;1
78044;1
69315;1
50787;1
41115;1
50783;1
51142;1
47582;1
54040;2
80641;1
53061;1
86858;1
63558;1
79147;1
80048;2
75489;2
47193;2
60626;1
66575;1
47192;1
90341;1
68601;2
72291;1
73359;1
53069;1
47595;1
80632;2
63540;1
53071;1
47590;1
56857;1
74352;1
70171;1
66970;1
75492;1
75491;1
50039;1
50038;1
56028;2
70170;1
73753;2
68200;1
53465;1
70174;1
53467;1
47187;1
75498;1
53076;1
80629;2
39968;1
54038;2
49490;1
74384;1
73765;1
46003;1
44176;1
49829;2
81558;1
67647;1
79562;1
49823;2
68622;1
74371;1
53094;1
63562;1
53091;1
66992;1
36797;1
54943;1
69749;4
54944;1
69742;1
83681;1
67650;1
39528;1
46954;1
53432;1
56058;1
65770;2
82614;1
61295;1
78415;1
46956;1
53022;1
54950;1
61291;1
54001;1
82604;1
74844;2
39933;1
52721;1
83633;1
42054;1
52725;2
39939;1
63509;1
59788;1
53839;1
59786;2
38924;1
42060;2
53423;1
59789;1
47147;1
46015;2
39158;1
80677;1
80668;1
53036;1
56809;1
39927;1
32374;1
56846;2
41971;1
41970;1
56849;3
69792;1
46939;1
58701;2
54028;1
74869;1
54026;3
39959;1
52703;1
54029;1
46045;1
46042;2
41592;1
79167;1
32386;2
53444;1
78407;1
63528;1
56837;2
53446;1
74854;1
85787;1
54016;1
74857;1
72710;1
46030;1
83703;1
75410;1
38054;1
44205;1
61641;2
62776;1
80596;2
72222;1
39110;1
36815;1
76207;1
68168;1
92022;1
75800;1
90793;1
62010;1
69286;1
81080;1
47621;3
83215;1
83211;1
65738;1
81084;1
59873;1
44225;1
75439;1
72630;1
84799;1
84796;1
82560;1
57614;1
75018;1
66048;2
75823;1
84793;1
65335;2
37964;1
66919;1
77381;1
81867;1
75003;1
81872;1
59853;2
74309;1
74305;4
71128;1
51537;2
50403;1
34970;1
38479;1
65301;3
63199;1
61202;1
56100;3
44635;2
73270;2
43679;1
81883;1
82586;2
35174;1
81886;1
49724;1
76615;1
73393;1
71132;1
63187;1
81455;1
81456;2
73262;1
61215;1
74329;1
76232;1
76234;1
81897;1
59837;1
74322;1
51556;1
50426;2
62088;1
36878;1
76229;1
56123;1
59802;1
59803;1
66952;1
43696;1
77354;3
47600;2
49746;2
61630;1
79201;2
79200;1
44255;2
56118;1
50026;1
56117;1
76212;1
45799;2
50023;1
76211;1
56119;3
77341;2
77331;1
54515;3
75886;1
45338;1
77719;1
84728;1
48642;2
84748;1
75890;3
76276;2
44684;1
55051;1
49098;2
49093;1
54521;2
64601;1
70566;1
70569;1
70565;1
63145;3
88515;1
50435;1
84738;1
91965;1
64612;1
83262;1
57694;2
84328;1
63175;1
78127;1
84329;1
77735;1
55073;1
45751;1
64626;1
46516;1
71111;1
50455;1
70583;1
42541;1
55086;1
49041;1
83246;1
46549;1
55095;1
75069;1
56582;1
57124;1
78829;1
75061;1
81807;1
63103;1
45707;1
91549;1
72205;1
30019;1
84751;2
50822;1
56590;1
46564;3
29237;1
63130;1
54588;1
67124;1
50810;1
52324;2
75046;1
45712;1
48691;1
31152;1
30502;1
64244;1
50892;1
75596;2
37097;1
52045;1
77191;1
50899;2
50896;1
69669;1
52041;1
70305;1
63919;1
63918;1
63917;1
78352;1
46156;1
69124;2
52806;1
63408;1
77182;1
79816;1
77186;2
58353;1
36243;1
84894;3
80725;1
78757;2
52029;1
37074;1
52028;1
36692;1
50874;1
36214;1
50878;1
46674;1
36217;1
69642;1
82745;5
58884;1
58885;3
58887;1
75976;1
75560;1
88222;1
63019;1
79839;2
74794;1
84874;2
57230;1
58370;1
74044;1
43479;1
33960;1
47259;1
63853;1
47257;1
69625;1
40763;1
61821;1
78314;1
87130;1
73653;3
53123;3
84860;4
73658;1
78725;1
29959;1
84869;1
86471;1
59915;1
33596;1
90201;1
63848;1
63846;1
61834;1
40754;2
51908;2
45212;1
40750;1
63840;1
33098;1
78719;1
63457;1
55467;2
49311;1
74020;1
74025;2
53139;1
74023;1
69602;1
79863;1
45223;2
63427;1
78330;1
53930;1
50393;1
50396;1
78743;1
50840;1
52800;1
69617;1
52804;1
78735;1
53110;1
63438;1
58832;1
50836;1
63948;2
50839;1
74000;2
55449;1
86467;1
61804;1
84834;1
46109;2
39663;1
59958;1
81635;1
49341;1
75103;1
83772;2
67720;1
41060;1
80384;1
55436;1
59006;1
70775;1
47684;1
48867;1
39666;1
81625;1
48863;1
43723;1
55027;1
49349;2
47282;1
53941;1
54628;1
49351;1
83762;1
81624;1
44851;1
73687;1
60178;1
74737;1
63074;1
86035;2
60580;1
60586;1
40710;1
49359;1
67705;1
39641;1
55412;1
70747;2
63089;1
59021;1
74717;1
49324;1
43705;1
39647;1
56179;1
41440;1
67717;1
70757;1
44833;1
59031;1
60562;1
47670;1
41055;1
48837;1
70767;3
44087;1
39271;1
55018;1
59425;1
78306;1
59428;2
60565;2
60566;1
40737;1
66236;1
43053;1
42646;1
42643;1
75143;1
88239;1
60533;1
41894;1
70733;1
43056;1
32929;1
43041;2
76569;1
43042;1
36280;1
60138;1
52073;3
75159;10
92440;5
72976;1
58399;2
48810;1
68105;1
32930;1
74499;1
75936;1
32400;1
80759;1
41084;2
44889;1
59977;1
67745;1
59477;1
49368;1
60512;1
33523;1
52873;1
38162;1
43035;1
72171;1
72178;1
66223;1
41091;1
66225;5
44873;2
44043;1
54199;2
74474;1
52885;1
38151;1
69196;1
80750;1
29052;1
32956;1
74455;2
82248;1
76100;1
82241;1
67410;1
72169;1
76911;1
30622;1
76523;2
37493;1
31036;1
47733;5
44545;1
44544;1
65242;1
31435;2
68015;1
51092;1
31437;1
76918;1
38532;1
79328;1
60605;1
54696;1
49851;1
35295;2
74432;1
76125;1
56224;2
79351;1
55722;1
44128;1
44129;1
49859;1
47713;1
43787;1
65263;1
64992;1
51883;1
42665;1
71490;1
42660;2
65261;1
47700;1
48778;1
68819;1
48382;4
47772;1
48383;2
30663;1
68818;1
47771;1
70294;1
68065;1
74428;1
55793;2
83313;1
47761;1
60997;2
61316;2
64168;1
80463;1
64970;1
54657;1
48757;1
83320;1
48753;1
70687;1
84457;1
70686;1
57786;1
54643;1
66189;1
70270;1
54646;1
45612;1
54244;1
92372;1
64184;1
39221;3
70677;2
66173;1
42292;1
71908;7
64185;4
71901;1
80446;1
77213;1
61340;1
51000;1
51007;1
46207;1
35237;1
77634;1
42201;1
35232;1
42202;1
54218;1
54219;4
45670;1
64538;1
85014;1
64121;2
45664;1
48227;2
54229;1
81103;2
84404;2
45123;1
34188;1
77230;2
71029;1
50916;1
70234;1
63474;1
82690;1
50367;1
64921;1
71011;1
71012;1
51809;1
84413;1
61735;3
84903;1
64512;1
61736;1
85030;1
45642;1
40320;1
50354;1
78701;1
77255;1
50352;1
77256;1
40321;1
50350;1
78707;1
61338;1
45143;1
84428;1
51410;1
64520;1
83377;1
77644;3
84420;1
83373;1
84914;2
84915;1
52450;1
48304;2
48302;1
62830;2
61382;1
69591;1
50341;1
83382;2
71961;1
77260;1
81154;1
71079;1
67456;2
71964;1
81150;1
62396;1
40304;1
50338;1
52469;2
34649;1
37440;3
65208;1
64507;2
61784;1
64506;2
71060;1
71065;1
35263;1
57703;1
61776;2
57312;1
71056;1
51441;1
61771;1
61770;1
78294;1
62820;1
64108;1
45187;1
64107;1
52483;2
62822;1
57714;4
46594;1
44569;1
82250;1
68883;1
71046;1
71049;3
51457;1
65226;1
77687;1
56660;1
52141;1
52146;2
77093;1
58092;1
36571;1
58099;1
71790;2
51375;1
52561;1
33147;1
52949;1
52948;1
80835;1
52562;2
46790;1
40283;1
78661;1
90911;1
78666;1
33699;1
77081;1
69033;1
78266;8
85531;1
71782;1
58999;1
78261;2
88725;1
78655;1
43355;1
77992;1
84998;1
48901;1
36119;1
52165;1
88311;1
39708;1
51390;1
69005;1
88735;1
69950;1
53206;1
71765;1
52151;2
70405;1
71764;1
64498;1
80852;1
55387;2
52539;1
48507;1
70411;1
45105;1
86187;1
87237;1
73507;2
84171;2
63713;1
78219;1
63715;1
41706;1
43388;2
76497;1
36531;1
46215;1
59104;1
78222;1
87220;1
86174;2
35803;2
87223;1
46769;2
52508;2
50962;2
43391;1
76898;1
39735;2
47340;1
57392;5
67272;1
36543;1
74634;1
85586;1
69507;1
85587;1
60495;1
37609;1
52125;1
40647;2
52120;1
86596;1
78607;2
69912;1
80817;1
58439;1
47369;3
46740;1
50983;1
37612;1
79737;1
50979;1
82831;1
40250;1
29824;1
40629;1
37622;2
83086;2
74600;1
60049;2
67826;1
76456;1
54716;1
73550;1
73937;1
41755;2
86658;1
47399;1
39766;1
30797;1
49208;1
43828;2
53673;2
53261;1
46714;1
41324;1
75217;1
54727;1
47383;2
73947;1
47381;1
36189;1
46721;1
60445;2
46720;1
53664;4
47793;1
86131;1
53666;1
53668;2
48958;1
70888;2
83891;1
83892;1
83068;1
75228;2
87295;1
65081;1
58947;1
74620;1
35878;1
60458;1
61073;2
88398;1
53280;1
67854;1
73569;1
73560;1
87696;1
39795;1
63766;1
49236;1
66793;1
73970;1
69099;1
81778;2
75247;1
36133;1
60930;1
75248;2
52996;1
55816;1
46296;1
38287;1
41799;1
59180;1
35897;1
66743;2
79398;1
73584;1
76422;1
76424;1
44992;1
80277;2
80278;1
61081;1
61086;2
63780;1
32835;1
41789;1
48191;1
52179;1
81759;2
76434;1
72070;1
59168;1
52979;1
72074;1
52970;1
54702;1
81785;1
80290;1
67892;1
73015;2
41763;1
85516;1
60425;2
75270;1
65923;1
48154;1
72416;1
56730;1
49973;1
79479;4
51773;1
54392;2
79462;2
81281;1
56338;1
72017;1
42375;1
81691;1
71377;1
31850;1
71370;1
83006;1
65550;2
68977;1
92242;1
74570;1
77592;3
56361;1
30738;1
65950;1
87601;1
64087;1
71390;2
82300;1
65198;1
84577;2
64050;1
54357;1
79434;1
64053;1
65585;1
83055;1
70393;1
83057;1
65195;1
48116;1
84588;1
64063;2
61019;1
80321;2
54758;1
54360;3
37705;1
60087;1
65185;1
37701;1
79428;2
44926;1
84556;2
48897;1
53643;3
53640;5
73092;1
83961;3
65561;1
60881;1
64862;1
60095;1
64036;1
87654;1
83418;1
83031;5
54782;1
61422;1
65174;2
31821;1
84568;1
56318;1
74549;2
83028;1
64856;3
45505;1
46303;1
61447;2
70357;1
71822;1
84530;1
67353;1
62295;1
76088;1
68353;1
76070;1
36610;1
86535;1
40204;1
51945;1
77138;1
61844;1
84547;1
45029;1
45930;3
63376;1
61464;1
63372;2
77102;1
91314;1
83460;1
51927;1
37534;1
83461;1
75623;7
58518;3
45017;2
45014;1
37124;1
86557;1
91701;1
77928;1
51700;2
64815;1
46313;1
78195;1
84110;1
75635;1
84524;1
77501;4
51310;2
82774;1
38680;1
45070;2
77957;1
48404;1
51731;1
55280;2
81256;1
67317;1
76048;1
45964;1
76811;8
69456;1
76812;2
57435;1
81252;1
91326;1
61491;1
91324;1
61492;2
71330;1
82785;1
63383;1
61493;1
62940;1
51726;1
56784;1
35363;1
55292;2
62937;1
45974;1
76036;1
75659;1
51336;1
37572;1
82794;1
51754;1
34755;1
71348;2
44458;2
76831;2
77554;1
35396;1
90041;1
46694;4
62281;2
51743;2
71358;2
51739;1
76015;1
37177;1
54303;1
47414;1
67320;1
65911;1
57444;2
84271;1
73416;1
58622;1
85876;1
78965;1
82014;2
43287;2
55949;1
52621;1
62568;1
50614;1
47015;1
43282;1
52243;1
52242;1
87374;1
52247;1
46366;1
66402;1
84284;1
82955;1
71688;2
47006;1
79098;1
33356;1
84280;1
52237;1
47918;1
49143;1
43911;1
84296;1
52643;1
49524;3
85223;1
51293;1
51299;1
47925;1
36427;1
68797;1
85458;1
62534;1
52215;1
87340;1
40937;1
85453;1
57481;1
70543;1
57484;1
82051;1
40953;1
69834;1
85833;1
40561;1
49509;1
46896;1
69422;1
40569;1
45380;1
77891;1
55912;1
78994;1
60335;1
85823;1
70943;1
50662;1
41231;1
67964;1
55909;2
83182;3
58113;1
67181;1
77862;1
58141;1
82982;1
40165;1
70025;1
40580;1
62583;1
83988;1
87312;1
58640;2
45361;1
70022;1
62588;1
52266;1
67954;3
66426;1
67194;1
83588;1
52678;2
77870;1
82970;1
80199;1
40982;1
67196;1
86266;1
40984;2
68754;1
60311;2
91372;1
67557;1
48605;1
46384;1
85415;1
45372;1
50646;1
82969;1
54807;1
68332;1
60777;1
66470;1
79688;1
39872;1
39873;2
74266;1
49705;2
60769;2
54813;2
73497;2
53756;1
47981;4
32609;1
66874;2
73897;1
79699;1
60378;1
83560;1
70979;1
54820;1
69865;1
42871;1
89122;1
54823;2
75394;1
79019;1
75395;1
42164;1
81423;1
53353;2
74249;1
60752;1
66866;1
39850;1
50672;1
53771;1
73104;2
70949;1
53773;1
76773;1
76774;1
83555;1
42134;1
52296;1
46800;1
60766;1
60764;1
52298;2
47475;2
39079;2
70958;1
39849;1
54157;1
69842;1
83545;2
79035;2
40194;1
42143;1
75374;1
75372;1
89146;1
61198;2
62520;1
63651;3
72836;1
80967;1
47940;1
83528;1
53707;1
70083;1
31595;1
39839;1
53715;1
66070;1
39837;1
46826;1
61188;2
63640;1
46820;1
46823;1
79052;1
53703;1
80981;1
83522;1
47045;1
74970;1
89911;1
89912;2
72835;1
88043;1
54137;3
90474;1
59257;1
79665;1
70994;1
39026;1
41283;1
65894;1
74959;1
41288;1
79062;1
78539;1
56942;1
61179;1
42177;1
75321;1
41691;1
73818;1
41697;2
53739;1
54129;3
85898;1
66496;1
74282;1
54124;2
85897;1
47422;1
32683;1
59273;1
78542;1
53307;3
80552;1
79071;1
66069;1
66893;1
59270;1
46841;1
39809;1
73424;2
47535;1
38338;1
47531;1
65053;1
39909;1
37294;1
54490;1
64394;1
66160;1
92521;1
81388;1
80212;1
73934;1
72367;2
44735;1
44736;1
59729;1
80496;1
43534;1
49672;1
72764;1
54890;1
76711;1
61553;1
61554;1
83610;1
80225;1
54898;2
81398;1
83614;1
60811;2
36962;1
44745;1
30895;1
61153;1
89091;1
84688;1
44328;1
44329;1
76327;1
54479;1
44718;2
76323;1
81966;1
49648;1
72744;1
48004;1
49646;1
54482;4
80205;2
44725;2
43504;1
35499;1
82411;1
55536;4
61528;2
48591;1
30871;1
60858;1
51673;1
51674;1
51677;1
50543;1
54099;1
41626;1
77477;1
48057;1
54092;1
35077;1
43578;10
61106;1
50139;1
60862;1
76756;1
72392;1
41629;1
48067;3
44785;3
66844;1
44784;1
61506;1
37248;1
62185;1
62695;1
65420;1
62694;1
54078;1
35986;1
45880;1
76364;1
59705;1
66813;1
72380;1
79110;1
66103;1
65806;1
65801;1
81331;1
60827;2
71251;1
49608;1
65809;1
48041;2
43540;2
76359;1
68238;3
82452;1
43547;1
68239;1
74209;1
64732;1
45470;1
45472;1
57575;1
77437;1
91034;1
83148;1
75783;1
67924;1
75782;2
51223;1
52691;1
77853;1
35928;1
77025;1
34371;1
42472;1
67207;1
56440;2
51232;1
51625;3
63289;1
64320;1
64321;2
91018;1
45842;1
44799;1
84220;1
84222;1
31927;1
78029;1
82490;1
45859;1
69323;1
71216;1
57046;1
84619;1
58566;2
57958;1
34361;1
84218;2
84637;1
91427;1
88468;1
70496;2
64354;1
57926;1
63253;1
55992;2
81950;1
54467;1
57526;1
61989;1
49192;1
67249;1
83111;3
65494;1
69386;1
64362;1
45423;1
78921;1
61592;1
77805;1
46433;1
81947;1
63247;1
83127;1
84654;2
29338;1
84655;4
77418;1
75723;1
45802;1
75721;3
42424;1
67235;1
69376;1
90867;1
81916;1
58598;1
84263;2
49177;1
84666;1
85482;1
29326;1
54442;1
84660;1
45816;1
55965;1
55967;2
71709;2
57004;1
48554;1
55961;1
78945;1
84252;1
53815;2
82154;1
40007;2
64680;1
51179;1
79503;1
79505;2
49404;1
79508;1
46992;1
47113;1
77798;1
67030;1
86347;1
78858;1
82166;1
52752;1
56492;1
78463;1
51164;2
59354;2
47106;1
41138;1
33496;1
67039;1
47104;1
39500;1
50729;1
55111;1
47136;1
50730;1
55107;1
67055;1
40011;1
48709;1
52736;1
53017;1
58733;1
55102;1
82142;1
42911;1
58730;2
53010;2
46480;1
62431;1
52354;2
50744;1
70609;1
50746;1
55138;2
59307;2
58768;1
58769;2
80082;1
77744;1
67669;1
58262;3
57589;1
78053;1
78498;1
62462;1
51134;1
36346;1
40869;1
55123;3
78892;1
80079;2
50767;1
34557;1
50769;1
78472;1
48730;1
78885;2
62488;1
84802;1
70127;1
62481;1
50770;1
40845;2
58777;1
60217;3
42002;3
77774;1
78870;1
60210;1
50788;2
69313;2
40050;2
41115;1
50787;2
34576;1
62476;1
89667;1
54040;1
74360;2
53061;1
60633;1
32351;1
79147;1
80048;2
68609;2
60626;1
47193;1
40894;1
49488;1
74801;1
68601;2
90341;1
83671;1
73356;1
73751;1
53071;1
75492;1
70172;1
73753;2
36777;1
68200;1
53465;2
47187;2
69729;1
73236;2
54038;3
49812;4
54928;1
68218;1
86877;1
79973;1
39996;1
80065;1
54930;1
36399;1
53087;1
79578;1
53094;2
74372;2
50051;2
80653;1
36791;1
54943;1
39594;1
54944;2
69749;2
44188;1
58271;1
60254;1
83686;1
54054;1
68610;1
67650;1
42996;1
60259;1
74812;1
46954;1
56822;1
53434;1
53433;1
50085;1
65770;1
82613;1
41162;1
47549;3
42054;1
52725;1
59788;1
46014;1
59390;1
46015;1
80677;1
56815;3
74396;1
74390;1
69767;1
82618;1
56809;1
75455;1
52710;1
31682;1
79166;2
53450;1
53041;1
56846;2
54022;2
82628;1
54026;1
79930;1
54029;1
46042;4
79167;2
59769;1
89618;1
63528;1
59763;1
56837;2
79534;2
79532;1
53057;1
54012;1
69784;1
41194;1
39948;1
74857;1
47163;1
54987;1
63519;1
47162;1
46030;1
49473;1
64298;1
41529;1
62775;1
47633;1
51577;1
61646;1
51579;1
49774;1
80595;2
76204;2
76203;1
76208;1
76206;1
75800;1
38956;2
65354;1
72209;1
47621;1
37940;1
43620;1
36827;1
71182;1
66907;1
47658;4
88087;1
77394;1
90279;1
61265;1
75018;1
59844;1
66048;2
61269;1
64284;2
65335;3
83734;1
68173;1
66919;1
77381;1
66918;2
44217;1
75003;1
82555;1
43644;1
59853;1
74305;2
71128;1
49737;2
38095;1
72655;1
76628;1
77373;1
73384;1
65301;1
44635;2
56108;1
43676;1
81886;1
65318;1
72661;1
63187;1
62052;1
72662;1
63189;1
68110;1
74329;1
61217;1
81047;1
77369;1
79492;1
71145;1
34954;1
92683;1
44264;1
60745;1
56123;1
35190;1
59802;1
68146;1
72284;1
76223;1
61222;1
79497;2
72288;1
43696;1
50411;1
74902;1
31639;1
47600;2
79201;3
72684;1
62074;2
66960;1
56118;2
56117;1
38899;1
81063;1
36886;1
44665;1
45799;2
72275;1
50021;1
44662;1
77343;1
56119;2
54516;1
71625;1
78142;1
71624;1
54512;2
70549;1
46504;1
87007;1
75890;3
84748;1
76276;1
50429;1
64604;1
64601;3
70569;1
62099;1
63145;1
56541;1
55055;1
84333;2
91965;1
57153;1
84710;1
45352;3
63172;2
46520;3
56554;1
77736;2
83278;1
35144;1
51116;1
83276;2
64626;1
29260;1
43072;1
92062;1
55688;1
64636;1
57636;1
42541;1
75840;1
55085;1
70590;1
46549;3
88566;1
58304;3
75069;2
85361;1
57124;1
78829;1
63103;1
64262;1
45707;1
42569;2
50823;1
83220;1
83224;1
54579;1
56599;1
46564;2
57115;3
67124;1
67126;1
52324;2
49075;2
48697;1
46556;1
30502;1
69264;1
50809;1
78358;2
75596;2
75597;1
29026;1
79809;1
46654;1
79808;1
50896;1
77195;1
70305;3
70300;2
69662;1
63918;1
57242;1
73610;1
78352;1
46156;1
52806;2
73616;1
63409;1
71881;2
46166;2
62353;1
62356;1
36246;1
59486;1
69670;1
80725;1
52819;1
75989;1
52029;1
69144;2
62342;1
52028;1
55492;1
50870;1
69140;1
67781;1
50874;1
36214;1
75160;1
50878;2
52025;1
46673;1
82745;1
28858;1
69640;2
58386;1
58885;1
58886;1
68525;1
58887;2
58888;1
75976;1
52441;3
75560;1
50882;1
85656;1
84875;1
63906;1
57230;2
75177;1
84878;1
74042;1
58374;1
78381;2
71090;1
71092;1
63853;1
63029;1
69625;1
53906;3
53907;2
69624;1
45200;2
55472;1
45203;1
73653;1
53123;1
84860;3
86475;1
63849;1
63441;1
61818;1
61819;2
59915;1
39636;1
62317;3
63846;1
51906;1
58857;1
86074;2
73642;1
63457;1
36688;1
55467;1
74020;2
86484;1
57297;1
84854;1
53139;1
63942;1
79860;1
79863;1
68561;1
58848;1
63420;1
78743;2
63825;1
41822;1
63955;1
69617;1
79875;1
53110;1
79870;1
53114;1
58832;2
84831;1
50836;1
74001;2
78731;1
86467;1
78732;1
55449;1
84834;1
46109;1
59958;1
73695;1
83772;1
80384;1
55436;1
59000;2
70775;1
70778;1
43011;1
47684;1
48867;2
56199;2
48863;1
59412;2
55029;1
54624;1
48850;1
30295;1
53941;1
80378;1
83762;1
44851;1
67734;1
60178;1
55424;1
59017;1
74738;1
43415;3
59016;2
86035;1
63074;2
70781;2
43739;1
53563;1
70780;1
63889;1
48853;1
55038;1
67704;1
47270;1
29979;1
53979;2
70746;1
55412;3
73678;1
47661;1
53556;1
70754;1
86775;1
59433;1
49326;1
63984;1
53555;4
59437;1
43705;1
43704;1
43707;1
56179;1
55003;2
40727;1
80358;1
76583;1
47261;1
56181;1
59038;1
73665;4
44835;1
44834;1
41053;1
48839;1
70761;1
70760;1
70767;3
53151;1
59425;1
53540;1
55016;1
60566;1
66236;1
69169;2
70724;1
81670;1
75142;1
81673;1
79248;1
52084;1
75145;1
31796;1
43440;1
81678;1
52089;1
60533;1
43057;1
49391;1
67778;1
60138;1
52071;1
44897;2
75159;5
58399;2
38175;1
66635;1
42625;1
80759;3
59977;1
67745;1
49922;1
36250;1
36254;1
39683;1
60513;1
60512;1
59477;1
46177;1
53183;1
43036;1
72178;1
74482;1
49930;1
49932;1
42616;1
66225;7
67755;1
49371;1
52881;1
44533;1
76105;1
44534;1
68859;1
72164;2
81195;1
81194;1
74456;1
76523;1
54293;1
47733;3
49875;1
49874;1
42283;1
72558;2
44545;2
38140;1
65242;1
54696;1
76514;1
57774;1
49851;1
68836;2
72142;1
82229;1
48796;1
48270;1
84492;1
55721;1
65660;2
49859;2
54684;1
34611;1
57741;1
72538;1
65272;1
54687;1
71486;2
43787;1
79341;1
72137;1
65261;3
49845;1
47700;1
55787;1
48778;4
54254;1
74413;1
72508;2
68819;1
74411;1
48382;3
53526;1
48383;1
68818;1
70293;1
61306;1
70294;1
48259;1
68065;1
64158;3
87534;1
83849;1
74428;1
55797;1
54265;1
55793;2
48370;2
83318;1
61316;1
80468;1
80462;1
64168;1
54657;1
31449;1
48757;1
70681;1
70682;1
72104;1
48753;1
53505;1
84459;1
84458;4
53501;1
54644;1
47756;1
31058;1
64174;1
62891;1
68036;1
71910;4
54244;1
59513;1
59510;1
70678;1
39221;1
53518;2
70677;2
66173;2
68806;2
70672;1
57793;1
47743;4
77212;1
71908;9
64185;3
80446;1
50938;1
50380;2
45676;2
77224;1
67491;4
70258;2
64940;1
76182;1
51007;1
29595;1
35237;1
70251;1
77634;1
71030;1
35232;1
76189;1
54219;2
64535;1
64534;1
75506;1
51422;1
64538;1
71039;1
77236;1
61737;1
68093;1
68091;1
71436;1
85009;2
71932;1
51022;2
64132;1
84025;1
35217;1
71403;1
68478;1
62854;1
50367;1
61319;1
85039;1
58418;1
61736;2
85030;1
64147;1
78701;1
77255;1
71948;1
78707;1
36735;1
45648;1
51802;2
70241;1
62868;1
61337;2
48315;2
84428;1
83377;1
54209;1
29568;1
77644;2
64905;1
83373;1
76986;1
84914;2
77251;1
84915;1
52450;4
48304;3
57721;1
76140;1
50347;1
62830;1
61382;3
51046;1
61380;1
71961;3
81154;2
44576;1
37042;1
61790;1
75540;1
82681;1
61395;1
52469;1
64507;1
64506;1
75553;1
61781;1
71060;2
42231;1
78279;1
71062;1
72579;1
72576;1
62812;2
38565;1
52478;1
61776;1
68872;1
85075;1
71057;2
45692;1
71056;1
77696;2
82266;1
81139;1
65231;2
64108;1
64107;3
45187;1
52483;2
78292;1
62822;1
71450;1
51077;1
82250;1
67424;1
71046;1
77295;1
45680;1
51457;1
56660;1
85523;1
69527;1
69526;1
47315;1
77093;1
57344;1
52148;1
36571;1
58099;2
64487;1
71790;1
77988;1
77986;1
74158;1
78667;1
36105;1
58499;1
33699;1
51369;1
77081;1
69033;1
78266;3
51364;1
85531;1
51365;2
58999;1
84992;1
82854;1
58490;1
52557;1
78655;1
84998;1
47335;1
36119;1
88317;1
78238;1
87212;1
40681;1
78235;2
78232;1
80865;1
55399;1
69008;1
68429;1
77078;1
71765;1
69553;1
57379;1
77062;1
71764;1
64498;1
64497;1
80852;1
69013;1
64491;2
64492;1
52531;2
82870;2
43378;1
74691;1
53218;1
69550;1
74696;1
86188;1
79742;1
73507;2
76490;1
58468;1
63715;1
52102;2
60477;2
76497;1
46215;3
59106;1
59104;1
52521;1
78222;1
45118;1
86176;2
78221;1
76893;1
52508;6
50962;2
76898;1
40659;1
47346;1
47340;1
47341;1
52512;1
82811;1
86582;1
74630;1
84956;1
57392;12
84957;1
84954;1
36543;2
74633;1
74634;1
36550;1
85586;1
34305;1
40647;1
52120;1
86596;1
40266;1
82841;1
73530;1
78607;1
53246;1
63327;2
69518;1
40630;2
82826;1
78208;1
37612;1
67297;1
74651;2
40250;1
68456;1
58048;1
58971;1
60977;2
37622;1
70869;1
83086;1
60971;3
60049;3
73554;2
67826;1
83875;1
73550;2
36178;1
58929;1
41755;1
86658;1
47399;2
43828;1
53673;1
61054;1
63750;1
53274;1
58914;1
49213;2
47383;1
80231;1
46721;1
60445;1
66775;1
29841;1
47793;1
47792;1
53668;2
53271;1
83892;1
54732;1
54734;1
76477;1
43844;1
69082;1
61073;1
53280;3
68907;2
69089;1
65095;1
67854;2
59520;1
76486;1
81742;1
39795;2
38704;1
63766;2
41726;1
53294;1
60462;1
69099;1
81778;2
74199;1
36133;1
60930;2
61092;2
52996;1
55816;1
69066;1
70831;2
38287;1
69062;1
86610;1
32113;1
59180;1
66743;1
73584;2
76422;1
32519;1
44995;1
80275;1
73580;1
69969;1
75251;1
69965;1
80867;1
67876;1
61086;1
59199;1
63780;2
52175;2
52179;1
60020;1
49262;1
75268;1
72070;1
72074;1
48948;2
60908;1
52975;1
52970;3
52972;1
85504;1
66762;2
81785;1
54702;1
52190;1
43337;1
55829;1
52981;1
60425;1
60424;1
81293;1
74553;2
71369;1
72414;2
47833;1
56735;1
64885;3
79479;2
65917;1
72019;1
72018;1
79462;1
56338;2
72015;1
65149;3
38243;1
66703;1
56742;1
83005;1
65550;2
56369;2
83915;1
72933;3
65947;1
31300;1
49993;1
48173;2
66718;2
53604;1
65941;1
45097;1
71389;1
56361;2
72430;1
51792;2
79458;1
79457;1
44426;1
76802;1
53614;1
82357;1
48183;2
77583;1
57898;1
64087;1
71390;1
53625;1
65197;1
82306;1
64050;1
83935;1
74517;1
54357;4
72905;1
65584;1
60079;1
39359;1
48114;1
48116;1
43864;1
70798;1
86694;1
65187;1
70794;1
59637;1
59636;1
43869;1
64063;4
73060;2
43865;1
48884;1
74529;2
54758;2
60891;2
73064;2
54360;3
65185;1
38203;1
84557;1
83422;1
47890;1
65981;1
48897;1
68931;2
65988;1
53640;2
73092;1
74534;1
44930;1
60881;1
48892;1
60095;1
64036;1
54789;2
83031;2
38216;1
44939;1
67810;1
39337;1
61422;1
65174;1
48493;1
65990;1
84567;1
48498;1
74549;2
56313;1
83028;1
54381;1
64852;2
44949;1
56722;1
64856;1
83429;2
83970;1
61434;1
64857;1
61443;1
86546;1
61449;1
45033;2
61447;2
69499;1
77536;3
62295;1
84539;1
68350;1
76070;1
86534;1
64022;1
70365;2
77138;1
61844;1
54329;1
45029;3
44488;1
37125;1
51715;1
63376;1
45556;1
61461;3
77102;1
83461;1
75623;6
44498;1
76052;1
48109;1
86556;1
46312;1
64815;2
61479;2
61473;1
51920;1
77501;5
61860;1
81224;1
84528;1
76054;1
90947;1
82775;1
77953;1
68990;1
51736;1
71325;1
50207;1
71323;2
77575;2
37144;1
55280;1
76811;5
75646;1
76812;2
81250;1
71863;1
57435;2
51988;1
91326;1
71330;1
61493;1
77941;1
70322;1
51724;1
71337;1
62940;1
56784;3
77948;1
91724;2
51722;1
82782;2
77949;1
55292;1
62936;2
45974;5
61882;1
76036;3
75658;2
82370;1
71342;1
48425;1
56798;1
70330;1
71347;1
71348;3
77554;1
62274;1
47407;1
76839;1
46693;1
51743;1
72487;1
71358;2
71359;1
51960;1
76015;1
76014;3
48410;1
54303;1
47414;1
51357;1
51359;1
42358;1
57444;1
82390;1
84277;1
73416;1
58622;2
85876;1
82014;1
43287;1
63200;1
52624;1
79609;1
46850;1
62568;2
47015;3
52241;1
85207;1
79081;1
66402;1
84284;4
84285;2
52616;1
47006;1
50626;1
46864;1
59212;1
56396;1
43911;1
51291;1
33360;2
52643;2
58607;1
52649;1
52647;1
86214;1
62549;1
79628;1
47920;1
55918;1
56382;2
78579;1
78979;1
55930;1
68797;1
74997;2
82930;1
82046;1
50600;1
62534;3
52212;2
52215;2
52219;1
78588;1
51289;1
49124;2
68786;2
40953;1
60349;1
48612;1
69835;1
49113;1
46393;1
49112;1
46397;1
68781;1
49509;1
69423;1
40569;1
45380;1
46896;1
69422;3
86957;1
70539;1
52283;2
58110;1
70938;3
85823;1
67576;1
69821;1
50662;1
62597;2
86283;1
55909;2
83182;5
43951;1
67184;2
53393;1
83591;1
83979;1
40972;1
85814;1
62583;1
58640;1
83981;1
70022;2
66426;1
67193;1
69808;2
42100;2
83588;2
52678;1
40982;1
69801;1
83582;1
80192;1
48605;1
46384;5
53385;1
69417;1
83992;2
71669;1
79001;1
60777;1
53374;1
58169;1
70975;1
50185;1
39872;1
74266;1
79682;1
83574;1
42888;1
73128;1
80189;1
47095;1
81432;2
73497;2
68330;1
49708;1
47981;7
53365;2
60783;1
47993;1
66874;3
48094;1
60787;1
53364;2
73894;1
60780;1
74930;2
83560;2
74936;1
66487;2
74935;2
70977;1
67532;1
47080;1
79018;1
54823;2
75395;1
42164;1
53353;2
60757;1
79023;1
81408;2
53357;1
50672;1
80163;1
53771;2
68722;1
53773;1
83551;1
60362;1
76773;1
73473;1
73471;1
47072;1
58189;1
75364;1
48071;1
52296;2
80915;1
60765;1
74237;1
52298;1
47475;4
39079;1
39076;1
74913;1
68713;1
53763;1
40194;1
52292;1
69848;2
89146;3
61198;3
72836;1
59656;1
53707;2
44707;1
54856;3
53715;1
62112;1
73458;1
54144;1
82509;1
39837;1
61188;1
59252;1
70078;1
78528;1
49599;1
46823;1
79052;3
83526;1
53703;3
72835;1
54137;3
47458;1
79665;2
70994;2
72815;1
74959;1
41288;1
74284;1
79062;1
62503;2
46833;3
56942;1
61179;2
60797;2
80126;1
52601;1
66051;1
54129;1
66498;1
61170;2
72821;1
78542;1
72808;1
53307;4
53719;1
39417;1
78549;1
79076;1
59270;1
82004;2
73427;1
74958;1
62103;1
87381;2
39909;1
92521;1
80212;1
59720;1
73934;2
80494;1
72367;3
61146;1
43539;1
44735;1
80490;1
59729;1
65059;2
49672;1
54897;3
83610;2
54898;3
44331;1
62151;1
60811;1
72358;1
75714;1
44748;4
44745;1
75710;1
48025;2
65047;2
44328;1
54882;2
34810;1
44329;1
81959;1
65071;2
62657;1
73197;1
65463;1
51691;1
54479;2
84690;1
72344;1
61122;1
48004;2
48599;1
71297;2
71298;1
65477;1
81377;1
73184;1
54482;1
44725;2
65857;1
55536;1
56900;1
61133;1
48590;1
73173;1
56000;2
72791;2
65402;2
50543;1
72799;3
54099;1
44777;1
65013;1
77473;1
44770;1
43578;3
44773;1
57072;1
60862;1
73164;1
71270;1
71274;2
56406;1
61513;1
65001;1
44785;1
61508;3
55517;2
37248;1
39495;1
62189;1
65420;1
77493;1
91887;1
72387;1
54071;1
44755;1
48035;1
66103;1
79110;1
66105;1
50113;1
82463;1
51641;1
57992;1
50513;2
82456;1
48041;1
43540;1
57990;1
50509;1
60833;1
68238;1
72377;1
68239;1
83144;1
57575;1
67923;1
58573;1
58574;1
52693;1
52691;1
70451;1
77857;1
52694;2
71716;1
57969;5
46409;1
63297;2
85284;1
75799;1
64748;1
42472;1
56440;1
75796;1
58589;1
56448;3
71237;1
51625;2
57971;1
64320;1
64321;3
45846;3
71741;1
44799;2
58558;1
84222;1
77839;1
35949;2
78029;1
45458;1
51217;1
64723;1
54404;1
56420;2
71216;2
50558;1
58568;2
56425;1
78903;2
78017;1
70447;1
77820;1
45828;1
90895;1
85257;1
57926;1
63253;1
78914;1
55994;2
46445;2
84643;2
85242;1
67243;1
61989;1
83111;1
55591;1
69387;1
65496;2
65498;2
78921;1
56489;1
84654;1
91057;1
28607;1
75721;1
69376;1
85490;1
58597;2
81916;1
58598;1
81915;1
84263;1
29331;1
49177;1
48550;1
84666;1
45811;1
84665;1
75736;1
78940;1
69361;1
71709;1
78949;2
48554;1
84252;2
55961;1
46065;1
50706;1
46064;1
77786;1
74880;1
77781;1
59340;1
71595;1
51179;1
67023;1
77780;1
34520;1
58229;1
45282;1
47113;1
47100;1
52757;1
62409;1
46468;1
85726;1
51160;1
36304;1
52752;2
51164;5
59354;2
85338;1
62418;1
67035;1
49414;1
45290;1
47104;2
40025;1
40023;1
55111;1
42920;1
59320;2
34549;2
70618;1
78070;1
50730;1
52736;2
67054;1
55109;1
53016;1
82142;1
68690;1
51183;1
52354;1
78082;1
84816;1
59307;1
58769;1
45248;1
58262;1
57589;1
73782;1
62463;1
51134;1
43118;1
55123;5
43110;2
80079;1
43113;1
52371;1
86821;1
52784;2
52782;1
70119;1
67081;2
70661;1
40060;1
50776;2
50770;3
62487;1
60211;1
82187;1
67694;2
60217;3
48744;1
69705;1
68659;1
77774;1
69709;1
30575;1
67093;1
50788;2
86848;1
40050;1
50787;2
70113;1
54040;1
74360;1
53061;1
53473;1
75481;1
83674;2
80048;1
75489;2
60626;2
47193;4
83678;1
47192;1
83671;2
66576;1
72290;1
73356;1
49802;3
80631;1
63540;2
68208;2
75492;2
86866;1
63548;2
75491;1
73753;1
70175;1
53465;3
68200;1
73342;1
73236;2
54038;2
69721;1
49490;2
67633;1
60234;1
86872;1
73760;1
80665;2
44174;1
86877;1
76672;1
76671;1
74820;1
54067;2
80657;1
54930;1
74371;1
53094;1
74372;1
66999;1
79133;2
36797;1
36791;1
69749;1
54944;2
83686;1
40096;1
60258;2
49836;1
80648;1
46954;1
46952;1
53434;2
46025;1
65770;1
61295;1
53022;1
73316;1
74843;1
74844;2
82606;1
52721;1
76697;1
52725;2
82115;1
49444;1
63509;1
59787;1
59390;1
59789;1
46015;1
80677;1
56815;1
80674;1
47557;1
56809;2
75455;1
56063;1
59777;1
56849;3
69792;2
41185;1
37888;1
72724;1
58703;1
58700;2
53047;1
54022;7
58701;2
54028;1
39957;1
53045;1
74869;1
54026;2
52702;1
46042;3
41592;1
59769;1
59763;1
83638;1
79534;2
56837;1
53446;2
82645;1
47578;1
69784;2
39947;1
47163;1
75471;1
67615;1
67616;1
65345;1
81487;1
64297;1
34934;1
44205;1
75412;1
61641;1
51577;1
75417;1
61648;2
80596;1
72222;3
61240;2
76207;1
75800;1
62010;2
38064;1
47621;9
88098;1
43621;1
69695;1
65738;1
81084;1
66014;1
44225;1
75439;1
77394;1
66048;2
51582;2
64284;1
65335;1
77381;1
51587;2
34019;1
75001;2
66928;2
81872;1
72234;1
74305;1
72658;2
71128;1
49737;1
50403;1
51539;1
38479;2
66929;1
63196;1
62065;2
71121;1
56100;1
44635;4
43679;1
63193;1
55604;2
30079;1
59828;1
81886;1
49725;1
76615;1
61615;2
76616;1
76619;1
65315;1
62053;1
73393;1
72662;1
81455;1
60703;1
55611;1
50006;2
61605;2
82574;1
61606;1
72254;1
76234;2
61623;1
72280;1
50426;1
62085;1
44262;1
76229;1
68147;1
72284;1
72288;1
44650;1
35198;1
50013;1
43696;1
77354;3
72686;1
56523;1
47600;3
50414;1
49748;1
71151;1
79200;2
56118;1
56117;2
50026;1
38899;1
76212;1
45799;1
61230;1
44662;1
56119;2
54515;3
71625;1
54512;1
30922;1
63152;1
85194;1
40490;1
84728;1
46504;1
48642;2
75890;1
76276;1
54521;1
30913;1
64601;1
70566;3
70569;2
62099;2
63145;1
55055;1
50437;1
64229;1
50435;2
84738;1
58685;1
57153;2
84710;1
45352;6
63172;1
50466;1
50467;1
56556;1
46520;2
77736;4
62711;2
84321;1
78399;1
76252;1
87415;1
81022;1
71612;1
54540;1
30930;1
64626;1
77722;1
46519;1
71111;1
46516;1
71113;1
48653;1
43074;1
83244;1
57636;1
42541;2
49047;1
49041;2
70590;1
29211;1
65389;1
64257;2
78103;1
58304;1
85364;1
49052;1
81803;1
78829;1
75061;1
81807;1
48677;1
43069;2
72204;1
50823;1
75867;1
57653;1
84751;1
52316;1
42563;1
86325;1
46564;3
57115;1
62751;1
57647;1
67124;1
45717;1
45716;1
49075;2
84766;1
85128;1
48697;1
46556;1
81827;1
46555;1
69264;1
50495;1
64244;2
50809;1
29508;1
78358;1
78356;2
79807;1
52045;1
50899;1
58369;1
50895;1
71894;1
70305;1
75186;1
75990;1
75994;1
59491;2
73610;1
78351;2
69124;1
63408;1
52806;1
63409;1
77182;1
77184;1
79816;1
58353;1
75983;1
80725;1
66203;1
68532;1
32494;1
68530;1
84890;1
68537;1
78757;1
63417;1
75989;1
55493;1
62342;1
55492;1
52028;2
51498;1
50871;1
69648;2
36214;1
75160;1
50878;3
82745;1
46671;1
30200;1
33971;1
75976;1
52441;1
75172;1
29017;1
79839;1
74794;1
57230;1
40394;1
78775;1
74042;1
58374;1
80703;1
67797;1
63853;1
53906;1
79842;1
45200;1
52009;1
45203;1
73653;1
84860;1
71512;1
35301;1
61818;1
82704;1
63848;1
61834;2
51908;1
79853;1
86074;1
73642;2
63457;2
59902;2
55467;3
29552;1
78715;1
32454;1
82711;1
74023;1
77607;1
78331;1
41002;1
45223;1
36657;1
40362;2
63422;1
50396;2
52800;1
78344;1
40356;1
74001;1
84834;2
63817;1
46109;1
81631;1
60183;1
49341;2
74741;1
75106;1
83772;1
41060;1
80384;1
55436;1
47290;2
63890;1
47682;1
56199;2
53573;1
43722;1
55029;2
39675;1
53941;1
44851;2
44858;1
73687;1
79891;1
60178;2
44859;1
63074;1
79898;1
47693;1
43739;1
53563;1
63889;1
67705;1
44843;1
49320;1
80361;1
67700;1
47660;3
47661;1
53556;1
59021;2
41047;1
59433;1
86779;1
53555;1
55003;1
40727;1
49331;1
56181;1
41053;2
60562;1
41055;1
70767;2
53151;4
44087;1
59425;1
40733;1
30689;1
66654;2
66236;3
67767;1
66238;1
67765;1
81670;1
49386;2
43444;1
75145;1
81678;1
49385;1
52089;1
60533;1
72982;1
70733;1
43041;1
76569;1
53980;1
52073;1
53986;1
75159;6
92440;1
72976;1
59981;1
70745;1
42625;1
80759;2
44889;1
49922;1
75123;1
49929;1
44887;1
53591;1
44880;2
49368;1
86736;1
41085;1
59065;1
67752;1
49932;1
66225;3
60112;1
44873;1
81642;1
44043;1
59466;1
74474;1
52888;1
59079;1
29052;1
80750;1
74455;1
72166;1
72164;1
82242;1
82243;1
81194;2
64193;2
85092;1
37496;1
47733;1
49875;2
49874;1
44545;2
37489;2
85085;1
44549;1
31435;1
51092;1
38532;1
79328;2
56648;1
54697;1
54696;1
57774;2
49851;2
68836;1
74432;1
81171;1
79351;1
47716;1
42650;1
54684;1
65272;1
47713;1
43787;1
82214;1
92337;1
68848;1
48393;1
43780;1
76117;1
74448;1
72137;1
51883;1
81575;1
71490;1
44119;1
68811;1
55787;1
53521;1
74412;1
84436;1
72508;1
74411;1
47772;1
48383;1
47771;1
48384;1
65683;1
64158;1
83846;1
74428;3
43769;1
30659;1
53530;1
92394;1
55793;4
54265;1
47761;2
48370;2
48375;1
88198;1
61316;2
44827;1
56608;2
64168;1
64171;1
70682;1
43757;1
53505;2
84459;1
48233;1
48238;1
54643;1
47756;1
79318;1
54646;2
83823;1
84464;3
64184;1
59510;1
39221;2
70677;1
57793;1
39228;1
57797;1
71908;2
54636;1
68030;1
64185;1
71901;1
50938;1
84931;1
67491;2
71919;1
84009;2
34173;2
29594;1
84002;1
48212;1
68493;1
61750;1
77630;1
54219;3
51424;1
61753;1
85013;1
76998;1
37417;1
64121;1
77236;1
88694;1
50375;1
35222;1
48336;1
64128;1
37016;1
34687;1
48227;1
58407;1
81103;1
76177;1
84404;1
85009;1
61744;2
63480;1
64135;1
82690;1
48327;1
62854;1
62855;1
86426;1
71012;1
71942;1
61735;1
84904;1
61736;1
64147;1
78701;1
51801;1
51802;1
64910;1
64911;1
71411;1
64521;1
84425;2
77644;2
84420;1
71953;1
84914;2
77251;2
84915;2
52450;1
48304;3
57721;1
86408;1
61382;1
61380;1
71961;2
78288;1
44580;1
62846;1
52460;1
40303;1
78271;1
51866;1
51869;2
46570;1
64507;1
64506;1
61781;1
51475;1
35263;1
72579;1
50322;1
38565;1
52478;4
61776;1
69578;1
68872;1
77285;2
45692;1
62805;3
42224;1
44557;1
61771;1
65230;1
78294;1
34668;1
45187;1
71454;2
57714;3
82667;1
34127;1
71046;2
77294;1
51457;2
45680;2
62384;1
56660;2
79705;1
75699;1
85528;1
52148;2
58099;1
78258;1
85930;1
52949;1
74158;2
69938;1
78666;1
85535;1
77084;1
79714;1
51369;1
78266;2
52966;1
78264;1
52553;1
84997;1
58490;1
84998;1
48901;2
36119;1
40688;1
52164;1
62241;2
78239;1
78237;1
51391;1
69953;1
88733;1
70809;1
52151;1
69010;2
64494;1
52531;2
82871;1
70411;1
45107;1
87237;1
58468;1
60477;1
74114;1
50274;1
76497;2
59106;1
52907;1
46218;1
59104;3
73510;1
86182;1
45118;1
76890;1
52508;1
67277;1
90104;1
40659;2
57398;1
84956;1
57392;10
84954;2
50289;1
36543;3
36548;1
74127;1
74634;1
79722;1
40640;1
52125;1
52120;1
40266;1
63728;1
47372;1
86599;1
87251;1
73533;1
58986;1
78607;2
53246;1
40630;1
86196;1
50983;1
74653;1
40257;1
60971;2
42706;1
74600;1
60049;1
73554;1
54716;1
49200;1
60429;2
49208;1
43828;1
61054;1
86142;1
86146;1
53274;1
67833;1
39774;1
58914;1
49213;1
39771;1
36188;1
49216;1
46722;1
41742;2
46721;2
49215;1
60445;4
60442;1
39777;1
43837;1
46720;2
53664;3
43836;1
47793;1
48958;1
53668;1
70888;1
61041;1
73577;1
55315;1
55319;2
58947;1
81746;1
35874;1
43844;3
60458;1
69082;3
61073;1
68902;1
53280;1
68907;1
58003;1
73569;1
41348;1
39792;1
59520;1
76485;2
81742;1
48979;1
63766;1
60957;1
60462;1
73970;1
69098;1
81778;1
32528;1
36133;1
73590;1
61092;1
69974;1
66746;1
41795;1
69064;1
32113;2
52189;3
59180;1
59182;2
35897;1
66743;1
80277;1
41366;1
80278;1
61081;1
73589;1
67877;1
61086;1
59199;1
63780;1
79390;1
48191;2
42762;1
41396;1
32508;1
79368;1
81798;1
72070;2
66355;1
69990;1
60908;1
52975;1
60909;1
52972;1
54702;1
80299;1
81785;1
76447;1
73015;1
85518;1
60424;2
79370;1
54396;1
68958;2
74553;1
72416;1
89859;1
31849;1
34739;1
64885;1
51773;1
79479;2
54392;1
83017;1
72018;3
56338;3
72015;1
57870;1
39305;1
56742;1
64878;1
83008;1
65551;1
65550;1
49283;1
38665;1
56369;2
82364;1
68971;1
68970;1
74575;1
66718;2
45097;2
77592;1
56756;1
47851;1
65528;1
56361;1
71381;2
51792;1
72430;1
79457;1
72943;1
76802;1
72030;1
49983;1
65950;1
48183;1
57898;1
51787;1
65530;1
51780;2
72936;1
56350;2
65534;1
72441;1
83447;1
53627;1
54357;2
79436;1
70398;1
47872;1
44910;3
48114;2
65195;1
38201;1
43864;1
61012;1
92255;1
48470;1
59637;1
64063;4
61018;1
54758;2
60086;1
87628;1
60894;1
47866;1
44926;1
74531;1
47890;1
84556;1
82327;1
53640;1
74534;1
83961;1
60881;1
83965;1
48892;1
60095;3
83031;2
67810;1
37736;1
83434;1
83432;1
74549;4
44949;3
61434;1
64858;1
60873;1
64857;1
77916;1
45033;1
86541;1
72493;1
71822;1
69499;2
45925;1
67353;1
44482;1
70365;2
75618;1
77522;1
76863;1
44488;2
45930;1
48468;2
36645;1
51715;1
74105;1
61465;1
77102;1
91315;1
61879;2
75623;6
58518;1
44497;2
45014;4
77926;1
50257;1
48109;1
51700;1
64815;3
46313;1
64816;1
71317;1
84110;3
61473;4
51920;1
77507;2
51315;1
51918;1
67369;2
84524;1
82776;1
68990;1
45070;3
68398;1
56772;1
71325;1
61488;1
76040;1
62934;1
55280;1
42346;2
68394;1
68397;1
77577;1
76049;1
76811;10
77160;1
71863;3
57435;1
81252;1
51987;2
82785;1
63383;1
91320;1
77942;1
77941;1
71337;2
62940;1
51722;1
77949;1
82782;1
45974;1
76036;1
47818;1
48425;1
56798;3
71347;1
71348;1
77556;1
44458;1
45987;1
35396;1
46694;1
46693;1
34262;1
62281;1
77966;1
75673;1
48410;1
51357;1
55233;1
85878;1
41260;1
84272;2
58622;2
82961;1
62568;1
79609;1
78554;2
52247;5
66402;2
55953;1
33356;1
79614;1
59212;1
85216;1
51292;1
55927;1
52643;2
86213;1
80992;2
67992;1
62549;1
49524;1
79628;1
52224;1
56382;2
78979;2
55930;1
68797;1
74997;1
82930;1
74993;1
67980;1
41259;1
52212;1
40937;1
70546;1
57481;2
77884;1
68783;1
68786;1
70927;1
69834;1
60349;1
69835;1
49113;1
46391;3
78599;1
68781;1
69423;1
69422;1
86957;1
83197;1
41226;2
55912;4
78997;1
70530;1
42120;1
67576;1
40551;1
82989;1
69433;1
67964;1
52278;1
55909;2
87326;1
85436;1
83182;2
86252;1
83599;1
82982;1
83591;1
70903;1
69813;1
83979;1
52685;1
85814;1
58640;2
69407;1
57466;1
52678;1
80199;1
77872;3
67196;3
60311;3
48605;1
83585;1
46384;5
34433;1
83992;1
82969;1
54807;1
58169;1
66470;1
90439;1
67524;1
69875;1
80189;1
54813;1
47096;1
68748;1
81435;1
47981;5
53365;2
42160;1
47997;1
74257;1
74930;2
83560;1
70979;1
74935;1
54820;2
67532;1
66484;2
79019;1
54823;1
75395;1
81423;1
73487;1
42165;3
60755;1
53353;1
44274;1
53357;3
66863;2
79022;1
47462;1
47463;1
74924;1
68722;1
73104;1
70949;1
53773;2
47467;1
76773;2
67508;1
67509;1
60766;1
70054;1
40193;1
52298;1
47475;2
74904;1
56977;1
39076;1
50155;1
39849;1
74913;2
74912;1
68713;1
39844;1
80506;1
53763;2
79035;1
54806;1
89146;1
63651;2
72836;1
47942;1
53707;3
70083;1
80145;1
66070;1
83531;1
73458;4
54144;1
46827;1
47452;1
59252;2
61188;1
53327;1
46823;1
83518;1
74970;1
80569;2
54137;4
79665;2
72815;1
41283;1
79062;1
46833;1
80948;1
56943;1
47033;1
53734;1
41690;1
52601;2
73818;1
80123;1
52605;1
54129;1
66495;1
61170;2
85897;2
41280;1
70093;1
59270;1
66895;1
39809;1
29728;1
73427;2
74958;1
73424;1
75318;1
61546;1
38338;1
75314;1
72756;2
64395;2
92521;1
64394;1
81388;1
59720;1
43539;1
61146;1
65059;1
49672;1
49667;1
54897;1
75304;1
83610;2
41675;1
60811;1
44748;1
44745;1
66801;1
48020;1
66807;1
44328;2
72734;1
61522;1
72733;1
44329;1
72731;1
81959;1
65465;1
34813;1
65848;1
84693;1
35097;1
49647;1
48004;2
59750;1
36099;2
80205;1
54482;2
44725;1
65853;4
48597;2
55536;1
61528;1
48591;1
56000;1
65402;1
50543;1
48059;1
76344;2
76342;1
44770;1
43578;9
57072;3
71274;1
61513;1
76755;1
65001;1
57065;1
48068;1
48066;1
44785;1
55517;2
65420;2
62189;1
62694;1
57984;1
34850;1
51656;1
72387;1
54071;1
54075;1
72380;1
65806;1
72389;1
36972;1
60827;1
62175;1
65432;1
49609;1
50514;1
71259;2
41610;1
77481;1
48041;1
76354;1
43540;1
89073;1
82452;1
68239;1
74209;3
60832;1
34376;1
45472;1
83144;1
57576;2
51223;1
54417;1
51220;2
35036;1
34871;1
70451;1
48549;1
52694;1
77853;1
70452;1
57969;4
54421;1
42472;2
84605;1
51232;3
35020;1
58589;1
70464;1
64320;1
91464;2
63286;2
56449;1
64321;1
51204;1
35012;1
44799;1
58558;1
78023;1
82490;1
56420;2
50558;1
58568;2
48516;1
58566;1
56425;2
78017;2
31916;1
84218;2
48518;1
78014;1
83105;1
78909;1
84637;1
72325;1
90895;1
57926;1
55999;1
55992;4
46445;1
54467;1
61989;1
67243;1
61982;1
36923;1
75755;1
67249;1
84237;1
65494;1
69386;1
65496;2
64362;1
61592;1
61591;1
31271;1
36515;1
77801;1
49169;1
84655;1
49160;1
83122;1
31248;1
45802;1
54430;1
75721;2
61971;1
64379;1
61562;1
69376;2
84261;1
78933;1
49177;2
84668;1
30123;1
45811;1
55573;1
54442;2
67226;1
61575;1
62620;1
84253;1
57910;1
78944;1
77788;1
50706;1
50705;1
49400;1
82154;1
59348;2
51179;1
67023;1
49402;1
52342;1
53800;1
50716;1
74873;1
47101;1
52757;4
46050;1
82165;1
86348;1
51160;1
78462;1
52752;1
51164;4
78467;1
62418;2
49414;1
45290;1
47104;1
85112;1
67039;1
50729;1
46086;1
66515;1
55111;3
41144;1
71573;3
85343;2
62443;1
34544;1
55109;1
66526;1
74894;1
40802;1
55102;1
58730;1
68690;1
42908;1
52357;1
52359;1
64692;1
52354;2
47127;1
67662;2
66530;1
67661;1
55138;1
48715;1
78493;1
80082;1
77744;1
45249;1
80088;1
40045;1
58265;1
57589;2
86816;1
41913;1
78498;1
46493;1
82191;1
73780;1
55125;1
55123;3
68637;1
50769;1
70137;1
36341;2
78473;1
48730;1
33837;2
78031;1
50776;2
33429;1
36352;1
78476;1
62487;1
54508;1
67699;1
48747;1
82188;1
60217;2
80607;1
78044;3
69313;1
70111;1
51142;1
62476;1
66988;1
39973;1
50794;1
53061;1
39181;1
35652;1
70186;1
79141;2
44158;2
56010;1
47193;2
60626;1
49488;1
54910;1
60249;1
74801;1
53065;1
47192;1
53069;1
49802;1
80632;1
63540;1
53072;1
36387;1
53462;1
50039;1
56028;1
70170;1
73753;5
53464;3
70175;1
53465;1
66972;1
68202;1
47187;1
54922;1
54038;1
49812;2
53079;1
67633;1
86873;1
90319;1
73245;1
73243;1
80060;1
54067;2
66595;1
54930;1
74372;3
79133;1
79963;1
44188;1
69742;1
54054;1
39985;1
42996;1
67650;1
74812;1
46954;2
46025;1
56058;1
60670;1
65770;1
69777;2
88172;1
73316;1
82604;1
82607;1
72700;1
53028;1
42054;1
52725;1
49441;1
49444;1
46014;1
38922;1
46015;1
80677;1
39925;1
56809;1
38011;1
59777;2
53041;1
41970;1
69792;1
41185;1
72724;1
67601;1
58700;4
65790;1
82628;1
53047;2
54022;3
52702;1
54029;2
58706;1
46045;1
46042;5
46039;1
70193;1
53446;3
53057;1
53058;1
39138;1
53059;1
69784;1
54012;1
54016;2
63519;1
75473;1
46030;3
67616;1
34938;1
81487;1
44200;1
64299;1
44205;1
75412;2
38434;1
75417;1
47635;1
51579;3
41523;1
37952;1
49774;1
80596;1
72222;1
61240;2
76204;1
30034;1
36814;1
59866;1
76207;1
75803;1
43637;1
81080;1
38064;1
47621;8
62019;1
43621;3
30997;1
59873;3
68187;1
38971;1
62043;1
68181;1
47657;1
49792;1
38450;1
43654;1
34021;1
60700;3
82560;2
59840;2
59844;1
36832;1
51582;1
65335;1
72640;1
81867;1
72648;1
30065;1
66926;1
49784;1
72234;1
59853;1
65755;1
74309;1
71191;1
87074;1
44627;1
74305;1
72658;1
51537;2
49737;2
87838;1
38095;1
71126;1
71121;1
63199;1
44635;2
56103;1
81883;1
76241;1
55604;1
61615;3
56502;1
61614;1
76616;1
76619;2
73393;1
63187;1
62052;1
81456;1
36865;2
61215;1
74329;3
37347;1
60711;1
38487;1
81894;2
81897;1
35161;1
51556;1
87965;1
49759;1
50426;3
79494;1
56121;1
62080;1
50015;1
79210;1
72284;1
76226;1
59805;1
45783;1
77354;1
31639;1
47600;1
34962;1
81063;1
56117;1
61239;2
45799;2
72273;1
61230;1
81068;1
77341;1
76211;1
56119;1
62494;1
54515;3
71625;1
75886;1
54512;2
84728;1
35134;2
46504;3
44684;1
55051;1
49098;1
49093;1
34489;1
49092;1
34488;1
54521;1
70566;1
45327;1
70565;2
55055;1
64229;1
62701;1
64612;1
45352;3
69233;1
88543;1
50463;1
37332;1
50467;1
84707;1
88549;1
56554;1
46520;1
77736;2
71105;1
55073;1
37325;1
83271;1
64629;1
77722;1
71111;2
46516;1
50455;1
43074;1
69257;1
92063;1
49047;1
54557;1
83248;1
55085;1
62730;1
64256;1
65389;1
50482;1
58301;1
55095;1
46536;1
75061;1
43069;1
45707;1
91549;1
52316;1
46564;1
57115;3
64233;1
67124;1
45718;1
52324;3
85128;1
31154;1
69264;2
50496;1
50495;1
64244;2
50809;1
55222;1
