62360;1
73609;1
78358;1
37096;1
80744;1
75596;2
37092;1
52045;2
71897;1
58369;1
33956;2
70305;5
59495;1
82761;1
28834;1
52426;1
47211;2
69662;1
63917;1
52806;2
73616;1
78768;1
37089;1
86720;3
62353;1
46166;1
37087;1
62355;3
90623;2
62356;1
52036;2
77182;1
46662;1
85679;2
47205;2
46666;1
58353;2
30211;1
82757;1
80725;1
90632;2
84890;1
75989;1
52819;2
55493;1
37074;1
69144;2
62342;1
62341;1
55492;1
52836;1
50870;1
36692;3
29000;1
69648;7
75160;1
78780;2
46673;1
69642;2
78784;1
69640;2
82744;1
75168;1
78788;1
75164;1
67783;2
58884;1
68523;3
58885;2
84098;2
75976;1
68521;1
37065;1
64599;4
75560;1
90260;1
69151;1
36223;1
33573;1
37060;2
57236;1
86705;1
62336;1
63906;1
84875;1
40394;1
75177;1
84878;1
74792;1
55489;1
55488;1
67794;2
69158;2
71092;1
88604;1
28020;1
63028;4
52000;1
69625;3
49302;1
52009;1
63023;1
64584;1
68583;1
55475;1
68585;3
53123;1
84860;8
63447;3
63449;1
73658;1
76095;2
32468;1
63849;3
61817;1
78723;1
61814;1
86471;1
50849;1
61818;1
82703;1
40756;1
63848;2
41038;1
61835;5
46622;1
61834;1
63033;1
51908;2
45211;1
79853;1
45210;1
63030;5
79851;1
34590;1
86074;1
73642;4
74778;1
59902;1
63457;2
53134;1
29552;1
78714;1
59907;1
78711;1
86484;1
84854;1
82711;1
85687;1
47239;1
69602;2
58348;2
90214;1
62300;1
64562;1
68561;2
79863;1
69606;1
32489;1
89384;1
53103;2
40361;1
58848;2
58847;1
50393;1
84843;1
30243;1
41829;1
50396;1
39615;1
90222;1
41019;1
41017;1
61812;3
63822;5
63955;1
77611;1
63057;2
69111;1
40770;1
69617;1
52804;1
63053;1
89397;1
53110;1
86469;1
74756;1
50836;3
74001;3
50839;1
61804;1
86464;1
44099;1
41477;1
56193;1
59958;2
39663;1
29999;2
55021;1
75106;1
41061;1
83772;2
75107;1
59951;1
75907;1
41069;1
70778;4
32018;1
59003;3
60571;1
63892;1
63068;1
56199;3
59416;2
39669;1
41857;1
66689;2
76591;1
43018;1
49347;1
47284;1
54624;2
41466;1
53941;1
54628;1
39675;2
44858;1
73687;1
83760;3
83761;1
79891;1
75117;1
67734;3
59019;1
75116;1
55424;2
59941;1
59016;3
63074;1
74729;1
41840;1
63079;1
70783;2
41077;1
66678;1
55035;1
70780;2
39679;1
53563;1
59407;2
60586;2
40710;1
40711;1
67705;2
67708;2
87549;3
63080;1
66257;3
53973;2
83750;1
63870;1
87156;2
47661;3
41048;1
81609;2
53555;2
63874;2
80357;1
87555;1
52095;1
47261;1
49331;2
59929;2
70757;1
37753;1
87558;1
73665;1
44834;1
74710;1
41053;2
80797;1
60562;1
53547;1
70767;1
29094;3
41059;1
53151;4
46606;1
55018;1
40733;1
55015;2
53540;2
41866;1
60565;1
30689;1
40737;1
32044;1
47268;2
55012;1
69169;2
90688;2
69168;2
53992;1
75957;1
42644;1
74704;1
49386;1
44056;1
75142;2
42643;1
79249;2
52084;3
75145;2
75950;1
49385;2
52089;1
60533;1
85626;1
59992;1
80785;1
88238;1
89718;1
66242;3
56161;1
52073;1
65600;2
59440;1
52071;1
92440;1
72976;1
85632;1
48810;1
68105;5
41886;1
39294;1
32930;1
74492;1
66240;1
70745;1
38179;1
70742;2
38178;2
55708;2
38175;1
74497;1
43044;1
66635;1
75937;1
65635;1
65636;1
32400;1
80759;5
67745;2
49922;2
42626;1
46178;1
70708;1
75123;1
66217;1
44887;1
59477;1
33523;2
39689;1
86736;1
79263;2
56136;1
33520;1
66623;1
72173;1
41088;1
43037;1
37782;1
72178;1
88255;1
66223;1
75923;1
41091;2
70714;1
37796;1
67752;2
44877;1
66225;12
67757;2
85607;1
44873;1
36262;1
49377;1
81642;2
44043;2
52888;2
38153;1
46187;1
69197;2
46181;1
59079;1
69196;2
80750;1
82248;1
31423;1
76105;2
76100;4
72164;1
32975;2
68856;1
30625;1
82242;1
81193;2
44536;1
64199;1
54293;1
80410;1
85092;1
67004;1
81580;1
76529;1
82237;1
65242;1
66608;2
81188;1
72156;2
76924;1
85086;1
82231;2
32982;1
55753;1
81180;2
51092;1
37480;2
37483;1
81597;1
56648;1
57778;1
76514;1
49851;1
68836;1
76126;1
74432;1
65276;1
81171;1
56224;1
38524;1
65660;1
54271;2
44129;1
54684;1
49859;1
42260;1
65270;1
54687;1
54686;1
89739;3
59893;1
68846;1
59891;2
48394;1
81163;1
76904;1
34628;1
89722;1
71490;2
34623;1
65261;4
34622;1
38129;1
68812;1
31469;1
68819;1
48384;1
61305;3
61306;1
61307;2
41429;1
70294;3
64980;1
54669;1
87534;1
83849;1
43769;3
74428;1
83847;1
92390;1
55793;4
92394;1
47761;2
68829;1
48370;5
72111;3
88198;1
61316;1
83308;2
60997;3
47764;1
47762;1
64163;1
54260;1
54261;1
64970;1
54657;1
70680;2
70681;1
84452;1
48753;1
83816;1
59501;3
53505;1
57782;1
83323;1
53501;1
57780;1
57786;2
48238;1
54644;3
70270;1
87511;1
83823;1
54646;2
31058;1
62891;1
54244;2
54243;1
64184;1
84464;1
83828;1
84460;1
59510;1
43742;1
66172;3
83338;1
70677;1
68806;2
59519;1
42292;1
44800;1
48246;1
45607;1
77211;1
71908;2
68030;2
89765;1
80446;1
89766;1
50938;2
61340;1
51000;1
34173;1
64941;1
46206;1
76185;1
64118;3
62879;1
48216;1
34678;3
62876;1
77634;2
68493;3
48212;3
37419;1
71030;1
61750;2
68496;1
54219;2
76189;1
61758;1
37414;1
51422;1
75506;1
64120;2
50929;1
50375;1
86432;1
68093;3
68091;3
64128;1
71436;1
71435;1
62884;2
48223;1
77623;2
58407;1
85005;1
76177;1
54228;2
85009;2
34188;2
61744;1
63480;3
77230;1
71028;3
92708;1
64134;1
50918;2
61726;1
70237;4
64130;1
63474;1
63479;2
45659;1
36745;1
82690;1
86428;3
48327;2
84025;1
51812;2
62854;1
62855;2
35212;1
84021;1
62858;1
86426;1
71012;1
85039;1
58418;1
84412;1
83367;1
84413;1
85035;1
76976;1
71942;3
61736;1
64512;1
85030;2
85033;1
64147;3
68072;1
77255;1
78701;1
68078;1
77257;1
71948;1
68489;2
70241;1
64911;1
61339;1
68480;1
64521;1
77644;1
84420;2
71953;1
67469;1
67468;2
85023;1
71009;1
34167;2
67464;1
77251;1
84915;2
52450;2
48304;1
48303;1
33133;1
36724;1
86408;1
36725;1
52459;1
70212;1
37450;1
91235;1
71961;2
81154;1
76959;2
75547;1
34137;1
62396;1
42242;1
37045;1
45162;2
45163;1
51869;2
50338;1
61395;2
82685;1
38575;1
37440;1
67443;1
71069;1
64506;1
61781;1
37051;1
51472;2
56682;1
71065;1
65201;1
35263;1
45193;1
62812;1
58796;1
72577;1
68872;4
69576;2
65239;1
67433;1
57316;1
77695;1
65236;2
44550;1
42224;1
44556;1
61771;1
37020;1
42221;1
65230;1
78297;1
56663;1
64108;1
64107;1
78292;1
57714;4
71452;1
70200;3
46594;2
45688;1
61765;1
75537;1
82254;2
51457;3
68887;4
51451;1
45189;1
52480;1
44565;1
37031;1
78298;1
81126;1
65222;2
56660;1
69527;1
85523;1
69526;5
51378;1
34327;1
58092;1
71799;2
37195;1
46252;1
52148;3
58097;1
75696;1
58099;2
51375;1
90918;1
52561;4
52560;2
55379;1
85931;1
52948;1
55377;2
68401;2
52562;1
29128;1
70400;2
52568;1
52566;1
90911;1
69938;2
78666;2
90145;2
58499;5
77081;5
69033;1
78266;1
64471;4
78268;1
52966;2
71782;1
55368;1
55364;1
78262;1
78261;1
88725;2
58490;1
78654;1
82851;1
84998;2
48901;3
57366;1
36119;1
88317;1
52164;3
39704;3
70416;2
62241;1
52935;1
88311;1
78239;1
87212;1
78237;3
78235;1
51390;1
69005;1
55397;2
69950;1
88739;1
69008;1
88733;1
52546;1
70809;1
82886;1
66317;1
62238;1
34337;1
52151;1
51388;1
64494;2
55387;3
52531;5
66320;3
74692;2
36120;2
48507;2
46782;2
53218;1
74696;1
45107;1
46210;1
86187;1
58055;1
76490;1
67266;1
67268;3
63715;4
41716;3
53227;1
52524;1
74114;3
29813;1
85971;1
40248;1
52907;1
55337;1
46218;2
63302;1
36535;1
84178;1
59108;1
45118;1
87220;1
84181;1
76892;1
46769;3
52924;1
40651;1
52508;1
67279;2
50960;1
43391;1
39734;1
76898;2
74125;2
50283;1
67270;2
86582;5
57392;3
58451;1
84954;2
67273;3
86585;1
86586;1
73505;1
68435;1
59116;1
74633;2
78220;1
91293;1
36547;1
40640;1
89486;1
85586;1
36551;1
46739;1
60495;2
81703;2
40647;3
61944;2
37600;1
86596;2
74131;1
84159;1
35428;2
29109;1
73530;1
50295;1
40261;1
87251;2
58986;1
78607;1
89497;3
86198;1
79731;1
35825;1
64450;2
86196;1
47367;3
37613;1
47369;2
46740;1
82826;2
63727;1
37612;1
63726;1
67297;5
63719;1
80808;1
74651;1
82832;1
40629;3
81700;1
67290;2
63337;1
58978;1
80802;1
80801;1
73521;1
68453;1
63335;1
68454;2
85987;1
68459;3
40257;1
63339;2
58048;2
58971;2
58017;1
44969;1
37621;1
37622;7
83086;2
86140;1
83087;1
42706;1
60971;5
60049;4
73554;2
67826;7
47395;1
76456;1
44963;1
49200;1
56290;2
36178;1
76453;3
73937;1
41755;4
47399;1
35855;2
43828;1
35854;1
53673;1
61055;1
61051;2
53274;1
37638;2
87262;1
67833;1
58913;1
36183;1
40608;1
80231;1
83868;1
83866;1
81718;1
81719;1
60444;1
63743;1
47793;2
86131;1
47792;2
70888;1
70885;1
53271;1
58945;2
53288;1
83892;2
70889;1
60952;1
54731;1
61070;1
55315;1
65081;2
60061;1
36199;1
36198;1
36196;1
81756;1
67846;1
58947;2
74620;2
39788;1
35874;1
29870;1
83060;1
68902;1
60947;1
66391;1
69089;2
58009;2
67854;5
83073;1
65090;2
59520;2
75231;1
76485;1
83884;3
35867;1
32147;1
66793;2
43854;1
53294;1
69099;2
65098;1
69098;5
65099;2
32528;1
75247;2
36133;1
42742;1
73590;2
90582;1
90583;1
65519;2
48925;2
72053;1
69066;2
89426;1
80884;1
55818;2
41795;1
55811;2
61095;1
86610;1
79382;1
41799;1
35893;1
32113;3
52189;2
32112;1
63799;1
59182;1
38282;1
79398;1
76422;2
79399;1
44995;1
69969;8
35881;2
61081;1
66342;1
67876;1
67877;1
59197;1
74597;1
70843;1
60937;1
80872;1
63780;3
89020;1
35885;1
89022;1
35886;1
78689;1
73001;1
42762;2
32508;1
49262;1
43320;1
56274;1
69994;1
43326;1
81790;1
66355;1
73005;1
86124;1
59168;3
86631;1
52979;2
92310;1
69044;1
52970;1
56276;1
60909;1
41392;1
52972;1
75261;1
66762;1
54702;1
36166;1
41382;1
73015;2
69989;1
69986;1
69981;1
38291;1
52199;1
29197;1
59565;1
60424;4
38649;1
81297;1
55843;1
81295;1
72950;1
65158;1
74553;1
65155;1
89859;2
56730;2
31849;1
64889;1
51772;3
47838;1
79479;1
65917;1
54392;1
83017;2
72019;1
79462;5
79463;1
81281;2
56338;1
72017;1
44409;1
66703;1
83409;1
64878;1
49289;1
83005;1
83006;1
65551;1
72959;1
65550;2
55862;4
65945;1
65947;1
68972;1
82360;1
65133;1
48173;2
66717;1
53606;1
66716;3
77591;2
77592;2
65528;1
56361;1
56362;1
71381;1
51792;2
72430;1
89872;1
71383;2
79458;1
79457;1
30738;1
38657;1
72039;1
65129;1
74584;1
42398;1
82354;2
91799;1
48183;1
57898;2
87601;2
72449;1
64087;1
51780;1
71397;3
65533;1
83447;1
83448;1
53627;1
82301;1
65198;1
53625;1
65197;3
84576;1
73072;2
55882;1
30766;1
43876;1
83937;2
54355;1
74509;1
79432;1
64053;1
83055;1
70393;1
44911;1
65195;1
65190;1
43864;2
86695;1
65187;1
43869;1
64063;3
68920;1
43865;1
61018;1
72918;1
64069;1
54758;3
37708;1
60891;1
65593;3
37705;1
60894;1
65181;1
47868;1
47866;1
47890;1
84556;1
65981;1
65178;1
83427;1
48897;1
92282;1
68931;5
74534;2
65560;1
67813;2
60095;2
54789;4
65567;1
79417;1
44938;1
54782;1
67810;3
82318;1
37734;1
44933;1
60884;2
61423;1
65174;2
39338;1
74540;1
65166;2
65990;2
83432;1
38223;1
38222;1
54381;2
83971;1
64852;1
79406;1
56722;1
79407;1
64856;1
61434;1
82309;1
83970;1
64857;1
61433;1
45033;1
77915;1
86541;1
70357;1
34272;1
72493;1
69495;1
37515;2
71822;2
83485;1
84530;1
69499;1
67359;1
77536;1
67353;7
67356;1
62969;2
68350;4
62299;1
76070;1
31370;1
36610;2
86534;1
64025;1
64022;4
88796;1
70365;4
64020;1
84137;1
71826;1
45935;1
76865;1
75614;1
61844;2
45937;1
67343;1
54329;1
48432;1
84547;2
84548;1
40218;1
63376;1
61463;1
61461;2
63372;2
63371;1
77102;2
40210;1
83460;1
64414;1
61879;1
83461;1
45017;1
84511;1
44497;1
35350;1
45014;1
37138;1
91701;1
51700;2
35344;1
86556;1
64815;1
77119;1
46313;1
84110;4
61473;1
70387;3
70388;6
61861;1
51918;1
67369;2
75635;1
58524;1
84524;6
71308;2
58529;2
61860;1
77501;3
81222;1
42310;1
90946;1
63393;4
70315;1
71320;1
72450;3
77953;1
82778;1
91331;1
45579;1
77957;1
51736;1
56772;1
71325;1
50207;1
34775;2
55287;2
37148;1
62933;1
55280;2
91720;1
37144;1
51727;1
45964;1
62254;1
76811;13
61895;1
69454;1
71863;1
57435;3
81252;1
77177;1
91326;1
51987;1
57838;2
61492;1
63383;2
77940;1
69442;2
51726;1
34789;1
82782;1
91732;1
62936;4
62937;1
65104;1
77565;1
45974;3
75656;1
75655;1
90960;1
81242;1
57426;2
65106;2
91317;1
52579;1
45599;2
47818;1
70331;2
71341;2
71342;1
71345;1
36600;1
71344;1
78164;1
86527;1
36601;1
50228;1
86529;1
71347;1
71348;2
62277;1
77556;1
56790;1
44454;1
62274;1
76839;1
76838;1
47402;1
46693;1
47808;1
34262;1
77960;1
30308;2
52583;1
71359;1
77968;1
34766;1
76014;2
75670;1
44464;1
91753;1
37177;1
69469;3
54303;2
67322;1
51357;2
47414;1
57444;2
76019;1
76018;1
55233;1
54103;1
84271;1
84272;1
27994;1
86239;1
82961;2
67163;1
82014;1
63200;2
52621;6
62568;2
79084;2
29305;1
40903;1
52247;2
41271;1
43925;1
32692;1
66402;1
63215;1
84284;1
36443;1
67173;1
40507;1
50617;2
30498;2
79098;2
46864;1
86922;1
79614;1
84280;1
85475;1
46363;1
56396;1
51292;1
46335;1
36416;1
82944;1
30487;1
36419;1
52643;1
67992;3
47920;1
55918;1
34402;1
67999;4
51293;1
47926;1
59236;1
78979;1
40117;2
36427;1
85457;1
82923;1
52215;3
87341;1
77883;1
77884;1
57484;1
46892;1
51270;1
68783;5
55276;1
60344;2
68786;1
40954;1
36476;1
48612;1
82055;3
69835;1
27952;1
51274;1
46397;2
49509;1
45380;2
57488;1
85426;1
69426;1
77891;1
78996;1
58110;1
40173;1
55914;1
42122;1
70530;1
52657;1
43255;1
71639;1
30457;2
60335;2
48626;1
27941;1
40551;1
70943;1
41231;1
62597;1
89578;1
36480;1
55263;2
67964;4
69433;4
86283;1
52278;1
86280;2
58116;1
86964;1
83182;2
87328;1
83599;1
67181;1
70521;1
67186;2
53393;1
69813;1
83979;2
40972;1
55256;1
67546;1
85806;1
70025;1
67957;2
40580;1
62582;1
83988;1
89587;1
87312;3
36452;1
69407;1
89586;1
71673;1
51257;1
57466;4
57467;1
67954;1
83586;1
48606;1
67193;1
82974;2
67194;1
83588;1
86263;1
45379;1
82970;1
67198;2
40982;1
67196;1
86266;1
67553;4
83582;1
60311;2
52672;1
67557;2
48605;1
52259;2
85410;1
39881;1
62570;1
34430;1
45373;1
45374;2
45372;1
83992;2
52256;2
70043;1
60777;1
86995;1
80929;1
39873;1
70048;3
70972;2
69872;1
79682;1
67522;4
68740;2
80536;1
68745;2
70967;6
60769;1
81432;1
43204;1
68748;1
73497;3
67526;3
83577;1
47981;5
39466;1
53365;3
56994;1
32609;1
68346;1
35547;1
68345;1
66874;1
58157;1
53363;1
53364;1
74929;1
66480;1
66877;1
79697;2
54178;1
69865;1
70977;1
29788;1
79014;1
68340;1
60755;1
53353;3
56987;1
81409;1
60757;9
35530;1
79023;2
50679;1
81408;1
60753;2
60752;1
50163;1
66866;1
48088;2
50673;1
74917;1
50672;2
80163;1
53771;3
80162;1
68722;1
70949;1
67501;1
75365;1
79026;1
83553;2
86295;1
76774;1
81412;1
68725;1
42134;3
89155;2
36011;1
52296;1
46800;1
40193;1
36029;2
78509;1
47475;1
66859;1
78501;1
50155;1
90451;1
66464;1
68713;3
66469;1
69842;2
89934;1
39844;1
80158;2
83545;1
81404;1
67517;2
58174;1
58173;2
75374;1
52292;1
69848;1
40198;1
89146;1
61194;2
78513;1
61198;3
63651;1
80967;1
73847;1
78518;1
59656;1
62518;2
54856;1
83536;1
83531;1
83534;1
82506;1
39007;3
47443;1
39837;1
80575;3
61188;2
62513;2
80978;1
46823;1
79052;1
83517;2
53703;4
83527;2
83522;1
82911;1
89911;1
62125;1
54137;1
90474;1
69890;3
70994;2
65894;2
74284;1
41287;1
47965;1
65899;3
63639;1
62506;2
56942;1
62500;1
73821;1
60797;1
79065;1
53734;1
31577;1
41692;1
83510;1
80126;1
54836;1
41691;1
53739;1
53736;1
29737;1
54124;1
66498;1
74969;1
66499;1
72821;1
80558;1
41280;2
79673;3
37992;2
78547;1
80552;1
66066;1
70093;1
66067;1
78549;1
79077;1
47971;1
83501;1
62102;1
36061;1
53725;1
39807;1
66062;1
32675;1
73427;1
90495;2
69887;1
50190;1
62103;4
87381;2
81382;1
62169;1
37291;1
61545;1
65053;1
54493;1
76721;1
54490;2
37294;3
66160;1
92521;1
39906;1
80212;1
59720;1
55543;1
80494;1
55544;2
54499;1
43539;1
61146;2
36953;1
76301;1
72362;1
80496;2
72764;1
81988;1
54890;1
75306;2
48027;1
61554;1
66152;1
81398;1
87765;3
83614;1
60811;2
55555;1
61159;1
55550;1
84684;1
92157;1
49660;1
81997;1
84688;1
66806;1
66807;2
44328;1
61521;1
61522;3
49659;1
61525;1
81959;1
65071;3
68282;8
87751;1
51696;1
68280;1
35482;1
66142;3
81364;1
73197;2
68287;6
51691;1
76328;1
30886;1
61125;1
61126;3
61128;1
54479;1
44716;1
84690;2
80473;2
30154;1
36939;1
76325;1
76324;1
61122;1
76323;1
48004;1
81969;1
48009;2
71297;3
81375;1
71298;4
36099;2
65477;1
71293;1
37263;1
44725;2
92132;1
65857;2
59754;4
91083;1
56902;1
61130;1
30163;1
81972;1
55536;2
56900;1
61528;1
61133;1
81975;1
71261;1
41620;2
51674;1
87732;1
65408;1
53784;1
54099;1
41626;1
57078;1
77477;1
38372;1
35071;1
65014;2
35076;1
43578;11
92128;1
37257;2
60862;1
61104;1
68252;1
71274;1
56406;1
35971;1
61513;1
72392;1
41629;1
55518;2
38383;1
66844;3
61508;1
43565;1
92116;1
61506;1
65004;2
37247;1
68255;1
65836;1
66841;1
65424;1
37231;1
39495;1
62189;1
57984;1
57981;1
45880;2
35982;1
48031;1
54075;1
44755;1
36979;1
79110;1
36973;1
43557;1
82463;3
81331;1
51641;1
62175;1
49609;1
68231;1
50514;1
57992;1
50516;1
34862;1
54086;1
35457;1
68234;1
59713;1
60833;1
82452;2
43547;1
68239;1
64732;3
51227;1
34375;1
83144;1
90853;1
67923;3
91033;1
67924;4
58570;1
54417;1
78009;1
34871;1
76383;1
35922;1
35921;2
56430;2
71716;1
77028;1
30410;1
57572;2
77025;1
69350;1
57967;1
50584;2
70457;1
57969;2
34371;1
71719;1
37205;4
83151;1
57567;1
83154;1
90863;1
64748;2
67207;2
42472;1
82092;2
51232;1
84604;1
76373;3
76371;1
85910;2
81907;1
56442;1
51625;2
57973;1
57971;1
64320;1
71725;2
77039;1
71728;1
37201;1
64321;1
75768;1
78022;1
91010;2
67900;1
84220;1
58558;3
35942;1
48527;2
84222;1
34894;2
78029;1
63274;1
56416;3
57949;1
35946;1
77831;1
35947;1
45859;1
69323;2
78010;1
64723;1
51213;1
38797;1
67917;1
76396;1
54404;1
76395;1
67912;3
71216;1
57046;2
48516;1
56421;1
78907;3
50555;1
78903;2
70448;1
48518;1
64341;1
31267;1
56470;1
78909;2
31263;1
48583;2
84638;1
91426;1
65482;2
90895;1
83100;1
90888;1
45437;1
91431;2
44302;3
70497;1
61581;2
64354;1
86200;1
55992;1
46430;1
78919;2
83116;1
56484;1
84642;1
52206;1
84647;1
54467;2
67243;4
61989;1
72311;1
61983;1
83111;1
65494;2
84237;1
61596;1
69386;2
65496;1
69387;2
45422;1
84230;18
36511;2
38302;1
64369;1
36516;1
63249;1
81946;2
63247;1
91059;1
85496;1
84659;1
77413;1
49160;1
75723;1
42428;1
67239;1
75721;4
72306;1
72302;1
78932;1
69376;4
88446;2
64373;1
43198;1
77005;3
55971;1
85490;1
81916;1
58597;1
84261;1
84263;2
81917;1
29331;1
78933;1
84668;1
64762;1
85484;1
85482;1
67228;1
54442;2
30127;1
67226;3
42418;1
85489;1
55965;1
85260;1
55967;1
71709;1
45403;1
78949;1
84256;1
61575;1
62620;1
84252;1
55961;1
91800;1
41949;1
77788;1
53812;1
49400;1
78864;1
53815;1
59348;1
52349;1
64684;1
79502;1
53806;1
49401;1
34523;1
85102;1
41957;1
52342;1
74871;1
77798;2
58211;1
62409;2
52757;1
46050;2
67030;1
85726;1
68673;1
36305;1
87462;1
51164;1
41135;1
64673;1
77790;1
62418;2
41947;1
33496;1
62413;1
45290;3
67039;1
40025;2
40021;2
46086;3
50729;3
66515;1
66514;1
87492;1
55111;6
41144;2
62443;1
78076;1
42516;2
34545;1
70618;3
39501;3
52364;1
34542;1
40011;1
52735;1
53016;1
66522;1
33861;1
58733;1
82142;1
58730;2
46480;2
68690;2
59332;1
49020;2
52357;1
62431;1
62432;1
64692;1
68691;1
46483;1
50744;1
70609;3
47127;1
67058;1
39518;1
58763;1
84815;1
78493;1
55133;2
58768;1
80082;2
67667;2
77744;1
66536;3
45249;1
30563;1
58262;1
77740;1
40045;2
51138;1
52382;2
41910;1
62467;2
86370;1
52387;1
78498;2
78499;2
46493;3
51133;1
46491;1
43118;1
77756;1
40869;1
55123;4
78892;1
80079;2
40860;1
68637;1
28984;1
51129;1
78063;1
52377;1
56894;1
34557;1
71548;3
70137;1
88100;1
87424;1
78473;2
85714;3
78471;1
52782;1
85716;1
70119;1
33830;1
45266;2
34582;1
69715;1
78885;1
70664;1
78883;1
28958;1
70661;3
41108;2
78031;1
34589;1
50776;1
51159;1
54502;4
36352;1
87455;1
85300;1
78476;1
40826;1
80622;1
40827;2
66566;1
52771;2
67699;1
40841;1
60215;1
67694;1
60217;2
48744;1
66564;1
54901;1
28963;2
78870;1
60210;2
50788;6
52398;1
78044;1
69313;2
86842;1
69315;2
85314;2
41115;1
58234;1
50787;2
87444;1
70188;1
47582;1
50043;1
88925;1
60633;1
56866;1
39567;1
56014;1
39569;1
70187;1
67627;3
79992;2
40892;1
88919;1
66572;1
40896;1
60249;1
40897;1
47192;1
68601;4
53896;1
66576;1
53894;1
49802;1
47595;1
66976;1
68208;2
46926;1
53462;1
50039;1
36777;1
44160;1
66973;1
67636;1
73342;1
47187;2
73233;1
36388;1
39968;1
54038;2
53079;1
60234;2
36393;1
80665;1
73765;1
44170;1
46003;1
89256;1
76671;1
39586;1
83696;1
76677;1
79562;1
39996;1
49823;2
66595;1
53087;2
74372;1
53094;3
80653;1
54050;1
63562;2
79133;2
73779;2
66992;1
54943;4
69749;2
76685;1
60254;2
56042;1
54058;1
74812;1
49446;1
59797;1
46951;1
53434;2
79544;1
56827;1
56829;1
82614;1
39141;1
47549;1
47548;1
73316;3
61291;2
47543;1
82604;1
47545;1
82607;2
74844;4
82606;1
52721;1
46020;1
76696;1
44198;1
54955;1
49444;1
76692;1
41985;1
63504;1
88958;1
46013;1
89639;1
46015;1
61287;3
39158;1
59393;1
80672;1
82620;1
56815;1
89229;1
38011;1
75455;1
42066;1
54965;1
52716;1
62401;1
79166;2
46047;3
41976;1
53041;1
65795;1
56846;3
82633;4
69792;3
41186;1
38939;3
67601;1
54022;3
79939;1
41599;1
90362;2
54026;3
59770;1
58708;1
54029;1
67608;5
74861;1
46042;1
41592;1
59769;1
80008;1
47168;3
56837;2
79534;1
79536;1
79531;7
53446;1
82645;1
53057;2
47578;1
42956;1
53058;1
39942;1
80010;1
74857;1
29628;1
75473;2
47162;1
75471;1
79179;1
67615;3
80015;1
67616;3
49470;1
65346;1
83703;1
69297;1
75410;1
38054;1
75412;1
61641;2
62776;1
34006;1
37957;1
62028;3
82544;1
61240;1
76204;1
61243;1
36814;2
76206;1
66028;1
38956;2
75802;2
43637;1
62010;5
68151;1
62782;1
75401;1
69286;3
38064;1
34940;2
37940;1
62019;1
61251;5
72211;1
61255;1
38965;1
65738;1
38966;1
59873;1
71182;2
62792;3
62041;1
62040;1
68181;1
34023;1
37975;1
77394;1
88087;1
90278;1
90279;1
72634;2
59849;1
30056;1
43650;1
38452;1
77397;1
82565;1
60700;1
44617;1
57610;1
75018;2
59844;1
66048;2
55661;2
59846;1
68174;3
44215;1
64284;2
65335;3
75828;1
34926;1
66919;5
66918;1
72648;1
75003;1
36849;4
82555;1
72234;1
65756;1
74309;1
38049;1
59857;1
44627;1
36846;1
36845;2
71128;1
38095;1
50403;2
38091;1
35561;1
65301;1
60717;2
62066;1
37351;1
63199;1
56100;2
73270;2
56103;4
59825;2
43679;2
56104;1
77375;1
76243;2
43674;1
82586;3
66938;1
55604;1
30079;1
81886;1
31612;1
49724;1
51528;1
65318;1
61613;2
38489;1
62053;2
37341;1
71132;2
63184;1
62052;1
36865;2
61215;1
30952;1
74329;1
82572;1
37347;2
50006;3
60711;1
82571;1
38487;1
45773;1
61605;1
76232;3
61606;2
72254;1
61210;1
77368;3
87029;2
77351;2
31625;1
38070;1
34954;2
56510;2
62088;1
62080;1
60745;1
68146;4
72284;1
35195;1
66009;1
61222;1
38494;1
92005;1
77354;4
50411;1
79209;2
74903;2
41517;1
49748;1
61630;1
79201;3
71151;2
34968;1
68133;1
87038;1
44255;2
56526;2
41510;1
56118;2
82594;2
56117;2
38899;3
81063;1
30977;1
44665;1
79489;1
43682;1
55639;2
72275;2
44662;1
77343;1
35185;1
45796;1
56119;6
74340;1
77332;1
76286;1
62494;2
54516;2
54515;3
40495;2
77331;1
71625;1
27928;1
75888;1
71624;2
37312;1
83281;1
34474;1
30918;1
58679;1
77714;1
84343;1
48643;1
84748;1
76276;2
42575;1
57160;1
58680;1
42572;3
55051;2
27935;1
44689;1
50429;1
78130;1
54521;3
30913;1
64601;1
70566;4
45320;1
62098;1
70569;4
84336;1
30909;1
62099;3
71627;1
70565;3
63145;5
57153;2
27903;1
44693;2
54537;1
30947;1
64612;3
54533;1
71603;1
69233;1
90725;2
37332;1
35156;1
35159;1
84707;1
87816;1
77736;1
71106;1
84722;1
71109;1
76254;1
37325;1
83271;1
51116;1
81020;1
71612;1
57686;1
45758;1
78111;1
78113;1
46519;3
64203;1
70588;1
50451;1
71111;3
46516;1
56567;1
71113;2
50455;1
56563;1
70583;1
56564;1
83244;1
50802;1
84772;1
64636;2
84778;1
64630;1
54557;2
54559;2
55086;1
56570;5
62730;1
84388;1
88569;1
46549;1
88561;1
65388;1
65387;5
50482;1
65384;2
65392;1
42538;1
43064;2
85143;1
83250;1
52306;1
85364;3
55095;3
85361;1
62744;2
57124;1
75061;1
62746;1
63103;1
90756;1
54578;1
50823;1
75867;1
57653;1
43095;1
50822;1
84751;4
52316;2
85395;1
56590;1
83229;1
56599;2
62752;1
46564;1
86329;1
57115;2
63134;1
50815;1
64233;3
63132;1
54588;1
45717;1
45716;1
52324;1
49075;1
84766;1
85382;1
31155;1
38422;2
81829;1
78801;2
50499;1
78805;1
63126;1
69263;1
88577;1
69264;3
84356;3
88572;1
50892;1
33549;2
62361;2
62360;8
29508;1
52049;1
75596;2
71897;3
52045;1
63924;1
50899;1
50896;2
52041;1
63920;1
50895;2
36237;2
63919;1
47211;1
69662;2
63918;1
86707;1
63917;2
78351;1
52806;3
58893;1
78369;2
71881;3
86720;1
62353;1
89336;1
90623;3
62355;4
62356;2
52037;1
85679;1
69679;1
46666;1
34213;2
36243;1
36242;1
86719;1
86718;1
78360;1
58896;1
62342;4
62341;2
52836;1
69648;2
50874;1
85643;2
46674;1
50878;1
46673;2
69642;2
69640;8
46671;1
58884;2
58887;1
58888;2
63015;2
52844;2
86098;1
58871;1
79834;4
64599;3
64597;1
88222;2
85656;1
36223;3
63019;3
69655;1
85658;2
62336;2
36228;1
79839;2
63906;1
36221;1
40399;1
89350;1
58879;1
63028;3
40380;1
47257;1
39623;1
63029;2
52000;1
69625;4
61823;2
61822;1
61821;1
49302;1
69624;2
63964;2
87138;5
52009;3
63024;4
87133;1
64584;1
91183;1
59911;2
76095;2
86081;1
63849;2
39621;1
61819;1
59915;2
63979;2
39636;1
63848;1
62317;2
61835;1
63846;2
46622;4
61834;3
63970;2
79853;5
63030;4
63840;2
58857;1
86074;1
86071;1
91195;3
59902;4
89374;1
89372;1
59907;3
62305;1
61800;2
47239;3
69602;1
77605;1
63832;1
63046;3
86065;1
85680;1
29524;1
78331;2
63047;1
63043;1
64566;1
69606;3
90621;2
58848;2
40362;3
63827;1
50840;1
39615;2
46647;1
61812;9
63822;9
39614;1
63955;1
29537;1
77611;1
29536;1
52804;1
79875;3
89397;3
63053;4
78348;1
79870;1
78341;2
50836;1
40352;1
66690;2
61804;1
63817;3
80385;1
39663;1
59958;2
55021;1
49341;3
59954;3
87172;1
80384;1
59951;3
63062;1
80382;1
59006;1
63890;1
79888;1
88276;1
86046;1
70778;6
59003;8
43720;2
30695;1
87178;1
39666;2
55024;1
66689;4
35755;1
43723;4
49347;1
43722;1
49349;1
41463;1
47284;2
39675;1
79891;1
59019;1
59941;1
59016;1
79898;1
63074;4
63079;1
60584;1
70783;1
66678;2
55035;1
53563;1
43739;1
70780;6
66676;2
48855;1
60586;2
43736;2
48853;1
66671;1
36295;2
39641;1
36292;1
47270;2
36297;1
70746;1
80361;2
32926;2
87156;1
63870;3
59021;1
70754;1
70753;1
66661;1
63984;1
63985;2
35734;3
43707;1
80357;2
52095;2
47261;1
49331;3
41447;1
70757;2
70763;1
60562;1
66658;1
70767;1
86014;1
63994;1
46606;2
66652;2
55015;1
43712;1
55016;1
60565;2
43717;4
63865;1
47268;2
90688;2
59994;1
70724;3
49386;3
35791;1
49385;2
88239;1
60533;1
85626;1
36278;2
86751;1
86753;1
59992;2
72196;2
88238;1
59042;1
32929;1
36280;1
52071;3
48810;4
68105;4
72973;1
32931;1
74492;2
70745;1
59981;1
48819;1
70742;2
88249;1
74497;2
55708;1
66635;1
59977;1
43031;1
36250;1
49362;1
49363;3
35771;7
41497;1
39683;2
49367;2
39682;1
60513;1
60512;1
33523;1
35772;1
41491;2
86736;3
52873;1
86739;3
85603;2
66623;1
72174;1
66626;1
59065;2
72171;3
72178;2
48809;5
88255;2
70714;1
70718;3
41482;1
54196;1
39693;1
52055;1
53583;1
60523;2
53584;3
52057;1
85616;1
54199;4
35769;2
59076;1
74474;7
87186;1
43021;1
70723;1
59079;2
65252;2
72162;2
76105;4
82249;1
44534;1
76100;3
68859;5
42288;1
72164;2
68856;7
82241;6
84472;1
82242;1
68029;1
76914;1
68026;4
81194;2
68851;1
81193;2
44536;1
81192;1
44539;1
59094;1
30623;2
37493;4
80410;1
85092;4
37496;1
42283;1
44544;1
82237;5
65242;2
68869;1
66608;6
37489;1
85086;3
84480;1
82231;4
85085;1
55753;1
81187;1
76927;2
84484;1
44549;1
81180;3
30611;1
37483;3
85081;3
60605;2
56648;3
56645;1
65276;1
38522;1
38524;1
84492;1
56619;2
37470;1
57741;2
57740;1
65272;1
59893;2
68846;1
82211;1
74440;1
59890;1
74448;1
76900;1
74449;1
43789;2
76904;3
72137;2
76905;1
65261;11
59895;1
55787;1
84432;1
54254;3
82205;1
68819;1
84436;1
84435;3
84434;3
68818;2
83304;1
68814;2
41429;3
43769;1
74428;1
30659;1
55797;3
55793;4
53534;1
74422;2
83318;1
72111;3
88198;1
48780;3
54260;2
54261;2
80462;1
80463;1
43759;1
70680;1
70682;1
72104;2
83328;3
53505;3
84458;1
70683;1
83322;1
53501;1
53502;1
41407;2
41400;1
34197;1
68044;1
68035;1
84464;1
54246;2
30639;1
43742;1
83339;1
53517;5
42299;4
53518;2
70677;3
68806;6
42296;1
57793;1
57792;2
57797;2
41412;1
71908;8
68030;9
30629;1
80446;2
50938;1
34173;1
71916;1
76185;1
29595;1
77634;2
61750;2
85016;2
37419;1
85019;1
77630;1
89298;1
45134;1
42201;1
42202;2
54219;9
64534;2
61758;1
61753;1
75501;1
76999;1
83341;2
71925;2
50928;1
68094;1
67481;2
68093;5
68091;7
40349;1
54229;1
45124;1
76177;4
84404;7
45123;1
85009;4
54228;1
61744;1
71028;1
71939;1
61726;1
29577;1
40315;2
56698;2
71012;2
85039;1
84411;2
83367;1
84413;3
56691;1
64517;1
85035;1
71942;3
61730;2
85031;2
61735;1
61736;1
61733;1
68071;1
40327;1
29561;1
84428;1
64521;1
84429;2
64520;2
31493;1
85028;1
77644;1
84420;5
67469;1
77646;2
83373;3
85025;3
71009;5
85023;2
34167;3
61724;4
67464;1
57721;1
45174;1
45176;1
57720;1
37450;2
91235;1
69590;1
71961;2
85054;1
76959;1
81154;1
67456;2
85057;1
75547;2
61796;1
81150;2
76955;1
62398;2
78288;1
62396;2
71071;3
42242;1
45177;1
77671;1
81158;1
40304;1
45163;3
38571;1
46570;1
57739;2
38575;1
37440;3
67443;2
71068;1
82273;2
65208;1
85041;1
83397;1
83398;1
64506;7
77666;1
76136;3
56682;1
71065;1
81147;1
51475;1
44586;1
45193;1
58796;3
58797;2
38565;1
91210;1
38561;1
75526;1
61776;3
68872;15
69576;5
65239;3
81131;1
71057;1
82262;1
67433;2
82269;1
65237;1
58792;2
65236;1
81135;1
77699;1
61771;1
81138;1
61770;3
42221;1
62375;2
56663;1
78292;2
61759;1
57714;9
85069;1
34127;1
75537;1
82250;3
67424;2
71047;2
71046;7
76948;1
51457;2
68887;4
76156;1
51451;2
45189;1
65226;2
82257;1
44564;3
44565;1
77687;2
65222;1
62388;1
46799;1
85523;1
69527;5
69526;12
79703;1
51378;2
52146;1
40281;1
75699;1
71799;1
34328;2
52148;3
58097;3
88332;2
52949;3
52948;2
40286;1
79717;4
85535;1
79715;3
75684;2
78266;2
64472;1
52964;2
64471;2
78268;1
52966;2
51365;1
71782;3
78261;2
40272;1
39702;1
48901;4
88317;1
87219;1
39704;7
87216;3
78238;1
62241;1
78239;2
87212;1
78235;1
47332;1
70809;2
71765;3
62238;1
39712;3
52151;2
33678;1
33677;1
71764;1
47329;2
87202;1
52944;1
64497;1
64495;1
51381;1
90502;1
64491;1
89450;1
52937;2
52939;1
36120;1
61907;1
46782;3
45104;2
86188;1
78210;1
86187;1
79744;1
87237;2
79746;2
61923;1
79748;1
87238;2
67268;1
63715;2
47357;2
39722;1
91287;1
59106;1
59104;1
59108;1
60483;5
45118;3
86175;1
86174;3
87223;1
87224;2
46769;4
52924;1
76890;2
87228;2
67279;1
50962;1
39734;1
64439;3
47346;1
67270;7
50958;1
67272;1
44393;3
58952;1
40236;2
89486;2
85586;2
37608;3
37609;2
34305;2
45911;1
47377;1
61944;1
37600;1
39747;1
69503;1
63728;1
47372;2
40265;1
87251;2
58986;2
58982;1
89497;1
37617;1
35825;1
86196;3
64450;2
47367;1
52111;1
37613;1
47369;4
63727;1
64459;1
63726;3
37612;2
79736;1
79737;1
67297;10
63719;2
40250;1
47365;1
67290;3
81306;1
58048;1
80241;1
86140;1
87273;1
36174;1
36178;4
60429;2
73937;1
80243;1
36176;2
73943;1
86658;1
39766;5
47399;3
35856;3
61055;2
35859;1
61054;1
61051;2
61050;1
86146;1
87262;1
58914;1
80235;1
49213;1
58917;3
73947;3
63747;1
46721;1
66771;1
63743;1
61048;1
43837;1
46720;1
60442;1
53664;1
43836;2
63740;4
53668;1
33617;1
79798;1
87267;1
58945;4
87294;1
87295;1
41359;2
88393;3
59126;1
61070;1
65081;2
41356;3
36199;1
39781;1
58947;2
39788;1
35874;1
61073;2
68902;5
65087;1
79764;2
68907;1
35879;2
58931;1
58007;4
58009;2
65094;2
90599;1
65090;3
39792;1
38704;1
35867;1
63766;2
32147;1
35860;2
32148;1
49236;1
66793;1
43854;1
86158;1
86152;2
60462;2
53688;1
65098;1
35891;1
61090;1
90582;5
61092;1
90583;2
80281;1
52996;1
48925;1
61099;1
89426;3
72053;2
55816;1
66747;1
55818;2
55811;1
33646;2
61095;3
52184;4
35893;2
32113;8
32112;2
59180;1
35897;1
59182;4
66743;2
36139;1
80275;1
80277;1
41366;1
35880;1
80278;1
61081;2
59197;2
59196;3
74597;1
70843;3
61086;5
63780;2
35882;1
36147;1
36149;2
35885;2
33652;4
41396;1
59168;5
86631;5
72074;1
88356;1
52975;1
85507;1
52972;1
85504;1
89409;1
43801;1
86636;2
60415;3
66762;2
41387;1
80299;1
41383;3
41382;1
52190;1
43808;1
86641;1
88363;1
86640;1
52988;2
55829;1
72084;2
59172;1
48934;2
85516;1
52981;1
60425;2
60424;4
38649;2
72953;2
65920;1
68955;1
81295;2
65923;1
72021;3
74553;2
42382;1
56730;1
54390;1
72018;1
81281;1
82330;1
44409;2
72017;1
66703;2
57870;1
57871;1
82329;2
83409;1
37586;2
38665;1
55862;2
31308;1
65945;1
65947;3
68971;2
68970;1
74575;1
31300;1
32858;1
66717;1
66716;1
66718;1
77591;1
45097;1
77592;4
56756;2
55876;1
38657;2
38654;1
76802;1
74584;1
53614;1
72030;1
42398;1
82357;1
77584;1
82354;1
28338;1
77581;3
45083;1
83447;3
65961;3
83449;1
53627;3
82301;1
65198;1
53625;3
65197;2
84577;1
84576;1
48877;1
30765;2
53621;1
30766;2
55882;3
30768;2
54357;1
80313;1
65195;2
65190;1
43863;1
65973;1
86697;1
83458;1
70797;1
86696;1
61012;1
86694;1
65187;2
31337;1
70792;2
55894;1
83451;1
68920;3
84582;2
74529;1
61019;3
65184;2
65185;1
65181;1
74531;1
43891;1
84556;1
84555;3
83427;1
30781;1
48897;1
65988;1
68931;9
80329;1
31348;1
74534;5
32060;1
83419;1
65166;1
31355;3
65990;2
83432;2
74549;1
84560;1
38614;1
54381;1
80343;1
56722;2
41315;1
82309;2
81208;1
34272;1
69495;1
77539;1
37515;1
71822;1
83486;1
83485;2
42309;1
69499;2
84530;2
77536;2
67359;7
67353;5
67356;4
31362;1
62296;1
84539;1
62299;1
37518;1
76853;1
81216;1
45022;1
31370;1
44482;1
40204;1
61838;1
75611;1
76865;1
77528;1
75614;1
67344;4
67343;8
45937;1
81202;1
54329;1
44487;3
77522;1
76863;2
84545;1
44488;2
81203;2
34293;1
34290;1
91313;1
91315;1
37533;1
75628;2
83460;1
61879;4
75623;4
83461;1
84511;1
45017;3
76874;1
81239;1
45943;1
81238;1
44498;1
71809;1
74507;1
77507;1
54344;2
51315;1
51316;2
83474;1
84524;7
76883;2
61860;1
77501;1
81225;2
84528;1
42310;3
76054;2
81222;3
51310;1
38684;2
68990;1
45070;1
56772;6
76040;1
77575;1
51320;1
76048;1
44436;1
67319;2
62254;1
76049;2
69456;1
76811;14
75646;2
69454;3
61895;5
76812;1
81250;1
71863;1
57838;1
29482;1
91324;1
91321;3
69442;1
38671;2
65103;1
82377;1
65105;4
45067;1
78177;1
61882;1
77568;1
78179;1
62268;2
69443;2
75656;1
75655;1
82370;2
81241;1
81242;1
65106;5
37572;1
56799;1
56798;1
45055;1
78164;1
77556;1
56790;2
42363;1
62274;2
47407;1
76837;1
76839;1
47404;1
47402;1
75666;1
91343;2
46693;3
69464;8
34260;1
34262;3
62281;1
57850;1
62287;2
54309;2
76014;6
76010;1
51355;1
69469;4
54303;4
38699;1
47414;1
67323;1
51359;1
65911;1
82390;1
77549;1
76019;1
76018;1
40149;1
59204;2
27994;1
58622;1
67163;7
86907;1
86908;4
62568;2
46850;2
63613;1
47015;1
85467;1
52242;1
79605;1
85468;1
85207;1
62563;2
78554;2
52248;2
52247;1
87361;1
50617;1
71685;1
85476;1
40918;1
79614;3
87368;1
85216;3
85217;1
85214;1
58602;3
40933;1
40120;1
33360;1
80992;1
67992;7
49524;1
46877;1
34402;1
67999;2
78574;1
56382;3
85228;2
85229;1
78579;2
59236;1
40941;1
40117;1
78582;1
78583;1
67153;1
87348;1
64798;1
67980;1
62534;2
86903;1
52215;2
78586;1
51289;1
91389;1
78594;1
51270;2
40954;1
78591;1
40953;2
87336;1
51272;1
49509;2
86958;1
46896;1
86957;1
71653;1
40173;2
71639;3
89570;1
70941;1
87323;1
27940;2
50661;1
87325;1
89574;1
86961;1
51267;1
50662;1
27943;1
89578;1
62597;2
67964;8
69433;10
69434;3
67960;2
86963;2
87326;1
86964;1
83182;14
86929;1
67181;5
40167;1
67186;2
53393;1
83979;4
40972;2
70025;6
67957;1
62584;1
84700;1
67958;1
84702;1
70029;1
87312;10
58640;2
83987;1
89587;2
67189;2
69405;1
70022;1
52266;1
67954;2
67193;3
40150;1
67198;1
80199;1
40982;2
70911;1
70914;1
91372;1
70012;2
87301;1
27962;1
85410;3
85415;1
85412;1
33331;1
52256;3
83992;2
67941;1
86948;2
66887;1
60777;2
88826;2
80928;1
47988;1
63693;1
50189;2
86992;2
80929;1
79688;2
70972;4
70048;3
50181;1
70967;1
47094;1
80189;1
40991;1
47096;3
39467;4
92477;2
47981;9
53365;2
80934;1
73897;1
68345;1
80936;1
53363;1
53364;2
79699;1
70036;1
66877;1
39472;1
68340;2
47992;3
60755;1
35533;1
53353;2
60757;7
35530;1
66863;12
35534;1
60753;2
60752;2
50672;1
80163;1
70949;3
66093;1
47079;1
36011;1
60766;2
60765;2
70054;1
40193;2
60764;1
40192;1
35524;1
74237;2
36029;2
47069;1
50150;1
70964;1
78502;1
66859;1
78501;1
89554;1
70958;1
90451;2
80153;1
80158;3
40195;1
80155;1
40198;1
78513;1
61196;1
61198;5
79642;3
82515;1
63651;8
63656;2
35515;1
88867;1
73847;3
62518;11
80970;1
66070;2
36075;2
82506;1
88030;1
82509;1
78522;1
59252;1
61188;3
88048;2
35508;1
62513;1
35501;1
62512;1
80978;3
46820;1
47953;1
70071;1
80981;1
47045;2
59257;1
53317;1
70994;4
65894;1
74284;1
46835;1
63639;1
39409;1
62506;2
61179;3
88847;2
41692;1
36052;1
49561;1
80126;1
41691;1
73818;1
41697;1
80123;1
47031;1
63629;1
74282;1
59273;1
79674;1
78542;3
82503;1
79673;2
79675;3
53307;4
59275;1
80959;1
66069;1
66893;3
66066;1
66892;2
70093;1
66067;4
78549;1
59270;2
63623;1
36061;2
80117;1
63618;2
66062;2
90495;1
90494;1
87381;2
37291;2
65053;1
54493;1
54490;1
80213;2
37294;4
92521;8
41663;1
80212;3
66163;1
38743;1
73934;1
55544;3
43538;1
72367;1
61146;4
43539;6
44736;1
84672;1
76305;3
36953;1
84671;1
43530;1
61145;1
65059;3
72362;4
43534;1
41679;1
81988;1
37283;2
80224;1
80225;1
41670;1
60811;3
55555;1
36965;4
55550;1
65046;2
30895;1
66800;1
61153;1
66801;2
61151;1
66806;1
66807;1
82433;1
65071;7
68282;4
44709;1
35482;2
66142;2
35481;1
68287;3
37272;2
76329;1
48998;1
61125;1
61126;1
66149;1
44715;2
84693;2
61128;1
54479;6
60801;1
72344;1
82422;1
76324;1
81963;1
76323;2
61122;3
61123;1
81969;1
41651;2
66130;1
36099;2
35493;2
68275;1
80205;2
31215;1
43504;5
65857;3
36940;1
65853;1
61130;2
55536;3
30163;2
36947;1
36949;1
81975;1
30871;1
68265;1
60858;3
41620;3
41626;3
77477;1
44777;1
65013;2
65014;3
82487;1
44770;1
77473;2
43578;23
76341;1
57072;4
65824;1
37257;2
36999;1
44779;2
60862;1
30866;1
61104;1
82481;1
68252;1
56408;1
60847;1
65001;1
57065;1
41629;5
66844;3
55518;3
76330;2
66848;1
43564;1
65004;6
55514;2
37247;1
30859;1
37248;2
68255;1
37234;1
68243;1
57984;2
57981;1
30194;1
72387;3
44751;2
57094;2
76366;1
72380;1
76367;1
65805;1
38764;1
36973;1
60843;2
65801;1
38767;1
82463;1
36972;1
60827;2
39485;1
68232;1
65808;1
68231;1
41610;1
77481;1
44762;1
43540;1
76357;2
76358;2
68234;1
35457;1
82451;1
38756;1
68238;1
68239;1
65810;1
37226;1
74209;2
37213;1
64732;1
51227;1
51225;1
85297;4
83144;1
83148;1
67923;4
58570;1
67924;7
75782;2
54414;1
58573;2
58574;2
54416;2
85291;1
69350;5
57967;1
37205;6
83151;3
85284;1
67932;2
83154;1
67931;1
83155;3
64748;2
30106;1
67207;1
42472;3
83159;1
84604;1
54427;2
58588;1
56442;1
91461;2
81900;1
57971;2
71725;2
71729;1
91468;1
85280;3
34385;2
75767;1
71741;1
45849;1
84613;1
44798;1
77458;2
67900;1
75761;1
58558;4
57059;2
57943;1
31927;1
69323;2
83177;2
75778;1
54404;1
82499;1
45855;1
67912;2
77446;1
57951;1
29369;1
57046;4
58568;1
76394;1
56425;1
34361;2
91441;1
31267;1
83105;3
84634;2
81943;3
31263;2
84635;1
54454;1
91426;1
54455;2
54451;1
31997;1
31999;1
55583;2
36912;4
91431;2
57926;8
56478;1
64782;1
52206;1
81950;1
28611;3
54467;2
45839;1
67243;5
72311;3
61989;2
69388;3
67248;1
36920;1
69384;1
91421;2
69386;3
69387;3
69382;1
81947;1
81946;7
85493;1
84654;2
28607;1
84655;3
67237;1
42428;1
64759;1
75723;3
75724;1
31248;1
83122;1
61971;1
67239;2
72307;1
75721;10
77415;1
69376;7
91410;2
81916;2
58597;2
58598;1
81918;1
29331;2
64762;1
84668;2
84666;1
30123;1
85482;2
54442;1
30127;2
84660;1
67226;3
57909;1
85489;1
91401;1
33282;1
69365;1
29325;1
81924;1
29322;1
81922;1
50706;1
47111;3
40002;1
57208;1
49400;5
40007;2
27893;1
58724;1
59340;2
85104;1
87475;1
64681;1
62421;1
78453;1
71595;4
64684;4
51179;1
40808;1
79505;4
49402;3
49401;1
46992;1
85102;1
62409;2
46050;2
78462;1
40816;5
87462;1
78463;1
51164;1
85334;1
64673;1
59354;2
34512;1
34511;1
62413;1
34513;1
67039;3
85112;1
46058;2
40025;3
50729;1
40021;3
87492;1
40028;2
71573;3
85343;1
59320;2
62443;1
39501;2
47136;2
34544;1
52364;1
52360;1
67048;1
40011;2
67053;2
46075;1
58736;1
51180;1
40802;1
58733;3
59331;2
87488;1
78441;2
52357;1
62431;5
85350;2
62432;3
64692;2
52359;4
71568;3
50744;4
47127;2
67058;1
62439;1
67057;2
84816;1
58763;4
40049;1
58765;3
59308;2
59307;2
58768;4
58769;3
80082;2
80089;2
40047;1
80088;1
40045;2
67066;1
51138;1
86812;1
52382;2
33444;2
86816;3
62467;1
70141;5
52387;2
78498;3
78499;1
51133;1
70148;1
40869;2
46099;3
46097;1
40034;1
80079;4
40860;1
34551;1
86821;1
87428;1
52374;1
86826;1
52377;1
71548;2
70137;8
87424;1
78473;2
78471;2
40833;1
58784;1
34582;2
40066;1
86838;1
86836;4
50776;1
54500;1
51159;2
54502;1
84800;1
87455;1
84802;1
62481;2
70127;6
85300;1
62487;3
78477;1
40826;1
40845;3
67091;1
80098;1
86839;1
50788;3
69313;5
40050;5
69315;1
50787;2
62472;1
62474;1
70111;1
88137;1
53473;1
88925;1
60630;1
63558;2
70186;3
39569;1
70187;1
32350;1
80048;1
60626;5
47193;1
40892;3
88919;1
80045;3
40896;5
46929;1
70177;3
66976;1
50033;2
68208;3
46926;2
66970;3
70172;1
86866;1
53462;1
60644;1
50038;1
53465;1
66973;1
70174;2
68202;1
47187;2
80033;1
47183;1
39570;2
80030;1
90319;1
88119;1
70164;1
68218;1
86877;3
39586;1
92595;1
39585;2
80060;1
80065;2
86884;2
74372;6
50051;1
63562;2
66999;2
53486;2
39592;3
65777;1
39528;1
38027;1
86898;1
46029;3
46951;1
53434;3
63513;2
46026;1
53433;1
88967;3
79544;1
86890;1
82614;2
38919;1
61291;1
82604;1
82607;1
47153;1
80005;1
49441;1
49444;3
38026;1
47151;1
46964;1
63504;4
46014;1
89639;1
53423;1
46016;1
46015;2
47147;1
73711;1
35602;1
79552;1
61287;7
82625;2
88951;1
53428;1
79556;1
61280;1
82618;1
39531;1
41564;1
62401;1
60697;1
46047;6
39548;1
32374;1
60699;1
35632;2
53450;1
43603;1
34508;1
65795;2
82633;1
63532;2
38939;6
79520;1
82628;1
41599;2
59369;1
90362;3
41598;4
58708;1
49465;1
80029;1
46045;1
46042;4
41592;1
89615;1
80008;1
47168;1
78407;1
70193;1
46941;1
43614;1
63528;1
79534;4
79531;25
82639;1
90351;1
47163;2
63519;2
41586;1
80015;1
49471;1
38059;2
69297;1
38054;3
41529;1
82539;1
38051;1
36819;2
76204;1
36816;4
75035;1
61243;1
36815;3
36814;5
75039;1
76206;2
75800;1
55641;2
66028;2
81098;1
38956;2
75802;2
76209;1
68151;4
68153;3
69286;4
38064;1
88093;1
88098;1
61251;8
75021;1
72211;1
44600;2
44601;1
61253;2
30997;1
81084;1
75028;2
68158;2
75815;1
38966;1
68181;2
88084;1
77395;1
77394;2
88087;1
90278;2
90279;1
84799;3
75013;1
36836;1
82560;1
60700;5
82562;4
75018;6
66048;1
75823;1
38043;1
68174;9
68172;1
41553;1
28530;1
66919;11
88074;2
66918;5
88070;1
36849;5
82555;1
30065;3
66928;1
81872;1
72234;5
44628;1
74309;1
44627;2
55671;1
61278;2
74305;3
38095;4
29299;1
66929;2
35562;1
37351;2
38880;1
44636;1
74315;1
43679;2
66936;1
81884;1
82586;1
43674;1
44630;1
43676;1
55604;1
30079;2
66935;1
36858;1
43673;1
81886;2
56502;1
37341;1
37343;1
60703;1
68110;2
76238;1
61215;3
36865;2
74329;4
82572;1
60711;2
82571;1
50006;4
68119;1
28556;1
76232;1
81047;1
72254;1
77369;1
61210;3
77368;3
79491;1
79492;3
77351;2
41501;1
38071;1
41506;1
56510;2
92683;1
35586;1
60745;1
35585;1
50015;1
68147;4
36878;5
76229;1
66951;1
36876;1
68146;5
72284;1
66954;1
76223;1
61222;6
79497;1
44650;1
50013;1
77354;7
41512;1
56523;1
43680;4
41517;1
68133;3
68132;1
35594;1
56526;1
56527;2
66960;1
50026;1
38899;2
36886;1
81061;1
76212;3
79487;1
30970;1
72273;1
79489;2
45799;2
55639;1
72275;2
50021;2
44662;1
50023;1
77341;2
74340;2
76211;1
77332;1
62494;2
76288;1
84737;1
54516;1
54515;3
77331;6
45720;1
84733;2
71624;3
27928;1
71622;1
37312;1
34477;1
30922;1
30918;2
44670;1
76283;1
76276;4
42572;4
42571;1
27936;1
57164;1
57163;1
44689;1
64604;1
83292;1
37303;1
37304;1
69206;1
54521;3
69207;1
64601;4
30908;2
71627;1
27903;1
45742;1
84710;1
81034;1
44693;4
30947;2
64612;6
81032;2
54533;1
77319;1
69233;7
29273;1
84707;2
56556;2
84708;1
56554;1
75090;1
78398;1
83278;2
27913;2
78399;4
31198;1
76254;1
54546;1
37325;1
81021;1
87415;1
37326;2
71612;1
27916;1
77305;2
54541;1
45759;1
85166;1
83276;2
64626;2
71605;1
56564;2
83243;1
42547;1
64636;7
84778;1
42541;2
54557;2
75078;1
54559;1
83247;1
83246;1
56570;4
84777;1
29211;1
69250;2
84784;2
85145;1
42538;1
30009;1
42532;1
52306;5
85364;2
83257;1
75069;3
56582;3
81803;1
56586;1
45707;3
72204;1
91549;1
33399;2
50823;3
72205;2
75867;1
75864;1
83220;1
50822;1
84751;5
30012;2
83224;1
83229;1
31144;2
64653;1
29237;3
57115;4
50818;1
45717;2
45718;1
69267;3
85385;1
36805;5
85129;1
52324;2
84766;1
85382;1
85126;1
45710;1
85386;1
76294;1
69263;1
69264;9
91540;2
50809;2
37096;2
37098;1
37097;3
29026;1
37092;5
58369;1
70305;17
75990;1
28834;2
52426;1
78763;1
59491;1
73610;1
63402;1
46156;1
69124;1
73616;1
78768;1
37089;1
46166;1
37087;3
40790;1
57258;2
77184;1
40797;1
57259;1
58356;2
58353;3
82750;2
43498;1
78756;2
59486;1
82757;1
66209;1
80725;2
69135;3
84894;2
66203;3
75988;1
80723;1
63417;1
75989;2
80728;1
62911;1
37074;2
69144;6
80722;1
55492;1
36692;2
69140;1
67781;1
75160;3
82737;2
75970;2
82745;1
28858;1
84887;1
82744;1
75973;1
30200;1
78788;4
78787;1
67783;2
68523;2
80717;1
68525;1
84881;1
75976;1
52441;4
68521;9
90260;1
69151;6
57235;1
90269;1
37060;2
43471;2
84875;1
74794;1
78773;1
58370;2
75177;1
84878;1
43479;2
68516;1
55488;1
67795;2
69158;4
84870;1
33960;1
53906;5
53907;3
41810;1
36670;1
33080;1
55472;1
68583;1
73653;1
68585;2
74788;1
74787;1
84860;13
63447;5
51900;1
63449;2
73658;1
78725;1
41809;1
74780;1
29959;1
86471;4
53127;1
74783;1
53911;1
35309;2
40756;5
82708;1
34592;3
51908;1
41033;1
34590;1
51906;1
74778;1
73642;8
63457;6
55467;2
36688;2
78714;1
78715;2
46127;2
33988;1
84858;1
74020;1
86484;1
82711;1
74025;1
86485;1
84854;3
73641;1
53139;2
63453;3
40788;2
58348;1
41009;2
57266;1
50390;2
90214;1
68561;3
63427;1
74768;1
36656;1
84055;1
36657;1
53103;3
29932;1
53932;1
41829;1
84844;1
53934;1
53109;1
55459;3
78743;1
90222;3
41019;1
40774;1
41016;1
84826;1
68551;1
69111;2
40770;4
84060;1
53110;2
86469;1
90218;1
74001;2
84830;1
58332;1
78731;3
86467;2
84836;1
44099;2
81631;4
43402;1
73690;1
56193;2
60186;1
73695;1
74741;1
75103;1
44867;1
75911;1
83771;1
83772;7
41060;3
75907;4
66274;1
47682;1
40724;1
59416;3
41856;2
44095;1
59412;1
30295;1
83767;2
54627;1
49915;1
81624;1
83760;5
83761;1
39259;2
75117;2
37778;1
67734;4
60178;1
37779;3
74737;2
74738;2
74735;1
43415;1
37774;2
37773;1
47693;1
59407;2
41847;1
40710;1
59401;2
56173;1
81613;1
55419;1
76573;1
67708;3
83757;1
76572;1
53979;1
87547;1
37743;3
53972;3
66257;2
67701;1
53973;1
73676;1
47661;3
41041;1
41048;3
74717;1
41875;3
81608;1
40744;2
81604;1
60155;2
56184;1
81602;1
76588;2
40727;1
87555;2
56181;1
53153;1
44838;1
44837;1
32434;1
60158;1
37756;1
41053;4
29091;1
41055;4
80798;1
80793;1
29094;1
40733;1
41863;1
59425;1
59428;1
40736;1
38193;1
40737;1
69169;12
69168;1
67767;4
66231;2
81670;2
75957;1
42644;1
65615;1
74704;1
42645;1
43443;1
75142;3
75143;2
79249;1
31796;1
75145;3
43440;1
75950;1
79244;1
81676;1
38182;3
59455;2
59457;1
41894;1
80783;1
39286;2
80782;1
80785;1
75942;2
76569;1
60134;1
75943;2
66243;1
60138;1
66242;1
56161;1
65600;2
59440;1
58398;1
59441;3
44892;1
75159;2
43450;1
79257;3
92440;4
66240;3
80772;1
38178;4
38175;2
29071;1
65635;2
42625;2
32400;1
80759;4
75933;2
41084;2
44889;1
75932;1
67745;2
31779;1
42626;1
49922;10
46178;3
81656;1
83798;1
59472;1
87587;2
81653;1
79261;1
59477;2
56138;1
81647;1
79263;3
79262;2
41085;1
37782;1
75927;1
53196;1
67752;1
65624;1
41090;1
67754;1
66225;48
42617;1
80747;1
67757;2
83786;1
44873;1
81642;1
43433;1
44043;2
44041;1
29059;1
28078;1
74080;1
37790;1
38152;1
53191;1
46181;1
80750;3
53195;3
64194;1
76523;1
64199;3
67009;1
31032;1
67004;3
81580;2
76529;2
49875;1
91657;1
50300;1
91658;2
38139;1
38140;2
67011;1
56237;2
83808;1
51092;2
51096;1
72560;4
79328;1
72563;1
54697;1
67012;3
67014;1
76514;1
38111;1
35297;2
38113;2
35292;1
56224;2
48270;1
44121;2
51892;2
65660;1
31015;1
34615;2
44128;1
31724;2
81560;1
71486;1
54687;3
42656;1
56218;2
48394;1
35283;2
35282;1
79341;2
71496;1
42662;2
51883;2
42664;1
34629;1
34628;3
71490;9
81579;2
42660;1
38129;1
54677;5
48383;1
48384;1
47771;1
39210;1
61305;2
61306;5
61307;1
70294;5
45637;1
64989;1
48259;1
64980;1
83842;1
45631;1
83846;2
83845;1
83849;1
83847;2
83848;1
92395;1
92394;2
47761;1
39200;3
48370;9
38103;3
66196;1
60997;2
61316;1
44822;1
64163;2
64168;1
31064;2
83855;1
89784;1
59504;2
64171;2
83815;1
83816;1
59501;3
39233;2
47752;1
47753;1
48238;1
66188;1
48368;1
47756;1
42699;1
45618;1
66189;6
83822;2
83823;1
54646;1
60196;2
64175;1
62891;2
31040;2
83826;1
59510;1
39221;4
66172;3
66171;1
59519;3
44800;1
77217;1
44805;1
77211;2
54636;1
64950;2
64185;9
54639;1
89766;1
77213;1
77224;4
84009;1
46208;1
51003;1
64940;3
64941;3
37005;2
71422;2
48345;1
62879;2
64118;4
35237;1
36767;1
34678;4
34677;1
51008;1
71425;2
36769;1
84002;3
62876;1
68493;4
48212;3
68496;6
35232;1
48342;1
68492;1
45670;1
50371;1
50370;2
64120;4
88694;1
45664;1
50375;1
34684;1
64930;2
48336;2
35222;1
71433;1
64128;2
70263;1
62884;3
36755;1
48223;5
58407;1
34681;1
63480;5
77230;1
64134;5
50365;1
70237;3
63472;1
63474;4
88688;1
64132;3
63479;2
82690;2
86428;4
35216;1
68475;1
84025;1
48327;1
62854;4
62855;1
51810;1
62858;2
61319;1
51809;1
68472;2
58418;1
84903;1
64147;1
45642;2
77256;1
36738;1
35206;3
36735;1
62868;1
36732;1
61338;2
64911;3
36730;1
35201;1
48315;4
68480;1
68484;3
64905;3
58429;1
84914;2
77251;2
48304;8
48303;2
50347;1
36724;1
86408;3
36725;1
61389;3
70212;1
82675;1
61382;3
51046;1
77260;6
37042;3
35273;1
37045;1
82681;1
62846;2
52463;2
88657;1
51866;1
51869;1
34646;1
50338;1
51052;1
61395;3
34647;1
36718;3
88655;3
52469;2
51058;1
51860;1
77272;1
77273;1
37051;2
35264;2
35262;1
35263;4
88648;1
62812;2
50320;1
52478;1
52479;1
57310;1
33918;2
77285;2
45692;1
57316;1
37020;2
62820;1
35249;1
34667;2
64108;3
64107;4
71454;1
62822;1
33933;1
82663;1
77297;1
33934;1
71452;5
70200;2
45688;4
45680;1
37031;2
37195;2
69023;1
36573;1
52561;1
90918;3
52560;1
85930;3
55377;1
88714;1
68401;1
77988;1
52562;2
74685;2
82866;1
52568;3
90911;1
78661;1
52566;2
78668;1
69938;2
43346;2
78667;2
78666;2
77084;1
90145;1
45492;2
58499;4
77081;14
36585;1
85921;2
80827;1
30313;1
88725;1
84990;1
84997;2
82854;1
77994;1
52558;1
77990;1
75296;1
78655;1
90904;1
43355;1
77992;1
84998;2
57365;1
77076;3
40688;2
55399;1
69005;1
85956;1
30346;1
88735;3
88734;1
88739;1
69007;3
69008;1
30341;1
77078;2
88733;1
78640;1
29157;1
90123;1
77062;1
40676;1
58477;1
80852;2
69016;1
55387;5
52531;3
66320;3
82870;1
82872;1
74691;2
74692;1
82873;2
66327;1
74694;1
53218;2
74696;1
53215;2
70411;1
46210;1
84171;2
76491;1
43380;1
53227;1
74642;3
78620;1
74640;1
58460;1
74114;2
29813;1
50274;1
86574;2
85972;3
58463;4
84172;2
36531;2
50278;1
36535;1
84178;3
35404;3
84182;2
40651;2
90101;1
52508;1
43391;1
40659;2
84950;1
74630;1
86582;3
86587;1
78610;2
57392;5
86588;1
84957;3
84954;1
58451;1
86585;1
30351;1
84955;1
68435;1
74633;2
73502;1
74127;1
36546;1
74634;2
36547;3
40640;1
36551;2
81703;5
40647;2
58443;3
50296;1
86596;3
50297;1
86599;1
82844;1
84158;3
84983;1
84984;2
35428;4
29109;1
73530;5
63325;3
78607;1
53246;1
74665;1
78605;1
69911;1
82826;1
29824;1
81700;1
40629;4
46246;1
32574;1
80802;2
80801;1
68453;1
63335;2
73521;1
32572;1
68454;1
85987;2
63339;1
80805;1
84161;1
47788;3
75208;1
44969;1
37621;2
60977;1
37622;8
60971;4
42706;3
37625;1
60049;4
73554;6
76457;5
67826;9
76454;1
56290;1
76453;3
67827;2
41755;10
40621;2
39381;1
39387;2
41751;1
41750;1
37633;2
53274;1
37638;1
67833;4
37636;2
40608;3
87673;2
67836;1
67839;5
83868;2
83865;1
83866;1
81718;1
41742;4
47793;2
47792;2
53271;1
83890;1
42728;2
83065;1
42727;2
83891;1
53288;2
83067;1
83892;1
73577;1
75228;1
60952;1
54731;3
37643;1
55315;1
37644;2
66398;1
55314;1
60061;1
55319;2
87688;1
76472;3
29879;1
81756;1
76477;1
74620;2
59536;2
41732;1
83060;1
60947;1
37641;1
53280;1
69089;1
67854;8
73569;1
42713;1
32534;1
83073;1
59520;3
32537;1
76485;2
87695;1
83886;2
44973;4
41727;1
41726;2
69093;1
53291;1
74608;1
53294;3
60957;1
42708;1
69098;6
81778;2
76410;1
75247;4
42742;1
73590;2
67862;1
67860;7
75248;2
76417;1
60003;2
69974;1
69066;8
80884;4
46296;1
80885;1
37660;1
41795;1
60925;2
69064;3
79382;1
41799;4
79381;1
56254;1
79383;1
78696;2
79399;1
78697;1
73584;3
76422;1
32519;1
76424;1
44995;1
81760;1
75251;2
69969;2
89025;1
66342;1
73589;1
67876;5
67877;1
37674;1
80872;3
56269;1
89022;10
78689;1
42762;6
60020;1
75268;1
56274;1
69994;1
76437;1
81790;3
66355;1
29184;1
60901;2
37685;1
69990;4
69044;7
92310;1
60908;2
41777;2
54702;1
81785;1
76449;1
67898;5
69058;1
69989;1
73015;3
67893;1
73016;1
43337;2
69986;3
67890;2
41763;1
69981;6
59569;1
41765;3
75270;1
59565;1
56342;1
92222;2
89859;6
72414;1
31849;1
64888;2
64889;1
71368;4
49973;1
34739;1
64885;2
51772;3
81684;2
51773;2
34738;1
83017;1
83908;1
79462;2
79463;1
56338;1
56335;1
48163;1
34745;1
83002;2
51766;1
81691;1
64878;3
54797;1
81693;1
79469;1
83009;1
64873;1
65551;1
71370;1
83003;1
65550;3
56369;1
91788;1
49993;1
48173;3
72434;1
47855;1
38259;1
31869;2
51798;1
34710;1
65528;4
76404;1
31863;1
76401;1
56361;1
73052;1
71381;1
71383;7
79458;1
83926;1
91797;2
91799;3
91798;2
51787;4
44905;1
87601;4
44904;1
72447;1
44902;2
72449;4
51780;1
64087;1
64890;2
64088;1
71397;4
79447;1
44012;1
39356;2
73072;4
83935;1
83937;1
83943;1
79432;1
64053;1
60079;1
83055;1
39359;2
48114;2
70393;9
83057;1
48116;1
44913;4
48489;1
70390;1
38201;1
39340;1
48470;1
59637;3
73060;1
64063;9
34709;2
64068;2
34706;1
89883;3
54758;4
60891;3
37708;3
89885;1
83951;1
65593;10
89887;1
44921;1
87628;1
83044;1
60894;1
37701;1
83042;1
44928;1
38203;1
47866;3
38204;1
47890;6
60092;1
92282;1
65560;1
37739;3
65561;1
67815;1
60881;1
64862;5
60095;4
64036;1
54789;1
67810;1
39337;1
54782;2
83035;1
60884;1
45515;1
61423;1
83034;1
48498;1
83971;2
83978;1
64047;1
83020;1
87647;3
79407;2
64853;1
64856;4
87645;1
83970;1
39328;1
61434;3
72405;1
83021;1
61433;7
35337;1
62974;1
61443;2
61449;1
61447;2
70357;4
84147;1
72493;2
62969;3
68350;2
68353;2
62985;1
61454;1
86539;1
35325;1
86536;2
36610;3
86535;1
86534;2
51945;1
64025;3
77135;2
64022;3
70364;1
61450;1
88796;2
70365;6
88799;1
84137;3
58546;1
90097;1
90093;2
48468;1
64821;1
74105;3
36645;3
77932;1
63376;5
61464;1
61461;1
63371;1
90089;2
51708;1
58518;1
64817;1
35350;2
37139;2
86558;2
77926;1
50257;2
91701;1
51700;2
64815;2
46313;1
71317;2
61479;2
35348;1
84110;10
64814;1
61473;1
70387;4
70388;7
77920;1
51918;1
58524;1
71308;5
37133;1
63393;5
72450;4
71320;2
82778;1
88766;5
48408;1
68398;1
51736;1
91719;1
71325;2
50207;1
55287;1
62933;2
77959;3
33236;2
62934;4
71322;2
37144;1
55280;4
91720;4
71318;1
57435;4
61491;1
51987;1
82785;1
82786;1
63383;2
77940;2
63389;1
70322;1
55297;1
71337;5
61499;1
51725;1
34789;1
62945;2
34784;2
82782;1
35363;2
62936;5
62937;5
37152;1
37151;1
58504;2
58503;1
52579;1
47818;2
70331;2
71341;1
72472;1
71342;2
82794;2
71345;1
82791;1
86527;3
77977;1
71347;1
71348;2
37164;1
35396;1
90041;1
47807;1
51962;1
77961;2
77960;1
51968;1
86515;2
30306;1
47802;3
30308;1
48413;2
71358;1
51960;1
51739;3
37176;2
91753;1
48410;1
37177;2
90034;1
57444;3
36438;1
46357;1
41260;1
55237;2
33755;1
54103;1
54102;1
84272;2
36434;2
85876;1
55236;1
82961;1
82962;1
85870;1
52626;1
55949;1
63200;2
40518;1
79087;1
43925;2
46368;2
73403;2
55222;2
46366;3
84286;1
63215;2
84284;2
84285;1
55953;1
55954;1
52616;4
85860;1
33747;1
78954;1
82029;1
55958;4
43297;1
40515;1
79098;1
84280;3
43911;2
36411;1
55213;1
36413;1
84296;5
36414;1
43914;1
36417;2
36418;1
85851;1
85850;2
82938;1
55918;1
58109;1
40540;1
78979;5
46347;1
85841;1
55930;1
36427;5
85846;1
33762;1
36426;1
52631;1
82930;1
74993;1
78972;1
82046;1
86222;1
82048;1
67594;1
69838;1
77883;1
90814;1
57481;2
77884;1
57484;2
86275;2
69830;1
60346;2
68783;5
43979;1
52662;1
49119;4
69834;1
52660;1
82055;3
60349;3
85833;2
36472;1
40561;1
46397;4
91102;2
58128;2
57488;1
58125;1
41226;1
40566;2
82993;1
52659;1
77891;2
78996;2
82069;4
82068;1
42126;1
43255;2
78994;2
52657;3
30457;2
67579;1
67578;1
85823;1
60335;1
60336;1
48621;1
68776;2
40551;1
41231;1
85819;1
36480;2
40558;1
82989;1
86283;1
57498;1
55909;1
41239;1
58115;1
77890;1
83599;1
67548;1
70521;2
77862;3
86255;1
64301;1
82078;1
55256;1
55255;2
77866;2
83594;1
82071;1
43958;1
85806;1
40581;1
36452;2
46370;1
57466;2
48606;2
42100;2
83588;1
86263;1
82976;1
52678;1
86268;1
86266;1
43943;1
67553;7
60317;1
66420;1
60311;12
67557;8
46388;1
48605;3
46384;1
36463;1
45374;2
79001;1
29794;1
39043;1
39872;1
39048;2
69873;1
83574;1
67522;4
68740;6
43205;1
68745;3
73128;1
42886;1
43201;2
43202;1
43204;1
44299;1
73497;1
49708;1
81436;2
53756;1
81435;1
67526;3
83577;2
56994;4
42160;1
56993;1
48090;1
81419;1
66480;2
39865;1
54178;1
74930;2
83560;1
67531;2
66484;1
39868;1
69865;1
54820;6
54821;1
54823;1
69869;3
75395;2
42163;1
81423;1
42166;1
81426;2
42165;1
81408;2
29774;3
36491;1
47463;3
74916;1
89919;1
74918;1
53771;1
53770;2
73103;1
80518;1
68722;4
80517;2
67500;2
83552;1
31534;1
67501;1
60362;1
83553;3
86295;1
76773;1
76774;1
67505;4
83555;1
68725;2
89155;2
42134;1
79032;1
79034;1
39079;3
39076;1
39849;1
80507;1
74913;4
54159;1
68713;5
66469;3
69842;8
89934;2
39844;1
80506;1
60354;1
53763;2
79035;1
79036;1
81404;1
67517;1
58173;1
42143;1
42146;1
69848;2
75373;1
89146;3
42147;1
33791;1
53707;1
54856;1
83536;1
83537;1
53715;1
29758;1
39007;8
54142;1
33794;1
39837;3
54146;3
80575;10
80574;1
42829;1
54130;1
80579;1
82904;1
82907;4
79052;3
53703;2
83527;1
54867;1
82911;2
83522;2
58196;1
54131;1
54132;2
62125;2
54137;1
42834;1
47458;2
69891;1
69890;5
39026;1
41288;1
80561;1
80560;1
56942;1
59678;1
31577;1
42177;1
53735;2
74960;1
42174;1
52601;1
54836;1
87784;1
54834;2
52605;1
85893;1
66496;1
54124;1
66498;4
74969;3
85897;2
66499;3
47422;1
54123;1
69896;1
41294;1
72808;1
72809;1
39030;1
79071;1
79072;1
56930;1
79077;1
62102;1
39809;1
89101;1
54843;2
60391;5
89102;1
39807;2
37996;2
73427;3
74958;1
54114;1
85887;1
62103;6
73424;2
38335;1
61546;2
49676;1
76724;1
44349;1
62169;4
72757;1
39900;1
72756;2
61545;1
64395;1
44348;1
39906;1
81388;1
39908;1
59720;2
89085;1
59726;3
59729;1
48010;1
39915;1
81393;1
47524;1
81395;1
54890;1
75306;6
44339;1
61553;1
48027;3
61554;1
34803;1
83611;1
61550;1
54898;2
87764;1
34805;1
44331;1
89097;1
48025;3
49660;1
54882;2
61521;5
61522;2
44329;1
61525;3
54889;1
87751;2
62652;1
34813;2
51691;1
92140;1
80472;2
80476;1
80477;2
62139;3
72744;1
48004;1
48599;1
71297;4
81376;1
71298;5
65477;2
71293;4
73186;1
42096;1
59754;6
59753;4
91083;1
80484;1
49640;1
56902;2
61528;5
80487;1
81346;1
71261;2
56000;1
51673;1
65402;2
72791;1
87732;1
53782;1
50547;1
53784;2
54099;3
38374;1
54093;5
54092;1
35076;1
92128;1
56006;1
89040;1
44380;1
34848;1
53799;1
71270;1
73164;1
31510;1
71274;3
65410;5
35971;1
76755;1
38382;1
48067;2
38383;1
38388;4
61507;1
49620;2
89055;2
65424;3
42894;1
62185;2
62695;1
76742;1
81327;1
65420;1
62189;3
54078;2
50526;1
54076;1
35986;2
35059;1
87712;1
35057;2
51656;1
54071;1
35052;1
54075;1
59705;1
54072;1
72780;1
81331;1
89078;1
51641;2
62175;3
89961;1
81334;1
71251;2
81335;2
50514;1
50516;1
89969;1
71259;2
34862;1
72785;3
65436;1
91897;1
48047;1
91891;4
89073;2
45472;2
57575;1
78000;1
90853;2
91034;1
46403;1
35036;1
34871;1
52691;2
77857;1
70450;1
52694;1
35921;1
34875;1
35928;1
45474;1
77025;2
70457;1
63297;1
77030;1
90863;1
82092;1
85910;3
70461;1
70464;2
77038;2
64320;2
77039;1
90858;1
64321;1
78022;1
91010;2
77043;3
91018;1
91013;1
48527;1
34896;2
84222;2
84223;2
35014;1
34894;1
43984;2
63274;2
77831;2
35947;1
78023;1
90841;1
78010;1
55176;1
71216;4
35007;1
48516;1
50558;3
78907;2
50555;1
77826;1
78903;1
78017;2
78019;1
70447;1
84218;3
48518;4
64341;2
90833;1
77820;1
78909;2
90895;2
65482;5
90888;1
63254;1
70496;2
70497;1
64353;1
44302;3
84248;1
64354;1
55999;1
78914;1
46447;1
44307;1
44305;1
77811;1
91817;3
46445;1
46430;1
78919;2
91069;1
57526;2
57522;1
49192;1
91062;1
65494;1
84237;1
61596;2
65496;9
45422;3
45420;1
78921;3
61592;1
36511;5
64369;2
38307;1
84234;1
63249;2
63248;1
63247;2
91059;2
49169;1
91051;2
36507;1
45413;1
77007;1
64373;3
88446;3
61562;3
43198;1
77005;4
90867;1
36502;3
55971;1
78937;1
84261;3
84263;2
55973;1
78933;1
48550;1
48553;1
91042;1
91043;1
90886;1
91041;1
88430;1
55965;2
78940;3
35917;1
64385;1
70485;2
64386;1
45403;1
84258;1
63227;2
62620;2
46410;1
84253;1
55961;5
84252;2
48556;1
55964;1
77788;3
41949;1
53811;1
86332;2
74880;1
85730;1
78864;1
78869;2
46459;1
68685;2
28938;1
40425;1
77780;1
40423;2
45282;1
41957;1
53800;1
78851;1
52757;1
58211;1
66507;2
33888;1
82165;1
86347;7
86348;2
82166;1
82160;2
68673;1
52752;2
36305;2
41135;1
41138;2
40415;2
78843;1
86354;1
82136;1
28911;1
55118;1
52747;2
53007;2
53006;1
52740;1
53003;1
55111;6
85754;1
33875;1
53000;1
36314;1
46470;3
42916;3
49031;1
40407;1
70618;12
41148;1
70617;3
78070;1
52736;6
70613;1
55109;1
28926;1
48702;1
66522;1
53016;2
85747;1
33861;1
55102;2
42911;3
82142;1
53010;1
55105;1
49029;3
46480;1
68690;1
49023;2
49020;4
41153;1
42907;1
68691;1
78086;1
70609;7
67662;1
77748;1
55133;2
67667;4
41904;2
66539;3
66536;5
45249;1
86379;1
46493;1
82191;1
36346;1
77756;3
67678;1
55123;6
78892;1
70632;1
43113;1
28985;1
68637;1
57599;1
78063;2
56894;1
80613;1
82172;1
85714;1
80616;1
67689;1
33831;1
68667;1
68666;4
45266;2
69715;1
78885;3
70664;1
28958;1
70661;1
41108;1
45260;1
40443;1
36352;8
82182;1
66566;1
52771;2
88505;1
55145;1
82185;1
85701;1
66562;1
80606;1
69702;5
67694;1
69703;3
80607;2
60217;3
54901;1
28963;1
68659;1
78870;5
88502;1
30575;1
60210;1
78044;2
41118;1
41115;1
58234;1
53060;1
53061;1
56866;1
75481;3
56014;2
79147;3
67627;7
44158;1
60242;1
79992;6
42016;1
79998;2
74801;2
60249;1
68601;6
83671;2
53896;5
73359;1
53894;2
73356;2
69732;1
53069;1
49802;1
47595;1
80632;1
54031;1
47593;1
39196;1
75492;1
75491;2
39195;1
56028;1
79150;1
73341;1
49816;1
67636;1
89269;1
73342;3
53889;1
75498;1
69728;1
73233;3
36388;4
54038;4
73346;1
67633;7
60234;9
36397;1
80665;2
39995;2
54928;2
29674;1
76672;1
31671;1
81551;1
42035;1
58285;1
58284;1
67647;1
58281;1
68620;1
53874;1
49826;1
53873;6
54067;1
49823;3
67644;4
60269;1
69756;1
66595;1
68625;1
36399;1
53094;3
54050;3
79133;2
58278;2
60250;1
76682;4
53868;1
54943;9
79963;5
69749;2
58271;1
42042;1
79135;1
53864;2
73251;1
56042;2
76688;1
81546;1
76689;1
74811;1
54054;1
68610;1
42996;1
74815;1
68613;3
39989;1
74812;4
89231;2
59797;2
56822;3
44192;1
56827;1
56829;1
79180;1
69777;2
54005;1
73316;7
47545;1
72700;1
74844;1
52721;1
76697;1
59791;2
42054;1
53029;1
59790;1
52725;2
76692;2
59787;2
59788;1
79196;1
41988;1
42060;3
39158;2
39157;1
56816;1
42929;2
80677;2
56815;4
80674;1
53033;1
85768;1
80668;1
89229;1
53038;1
56809;1
31681;1
54965;2
39927;4
79166;2
41976;1
53041;1
56846;5
41970;2
69792;3
39124;1
41185;1
79939;1
74866;1
54974;1
54028;1
42964;1
54026;3
39959;1
42961;1
89213;2
67608;5
83658;1
54029;2
89211;2
89214;3
74861;1
75467;5
59769;1
29622;1
59763;2
83638;1
47578;1
53057;2
67610;1
42956;1
53058;1
69784;3
39138;2
54012;2
41194;2
34103;1
74859;2
39948;1
54016;2
54984;1
54987;3
75473;1
67615;8
56088;1
79178;2
34109;1
67616;5
56086;2
51572;3
83703;1
59861;3
83702;1
64298;1
75410;2
75411;1
81489;1
79908;5
61641;2
62776;3
34006;1
62029;2
62775;2
37957;2
62028;4
75417;1
37951;3
75418;1
61646;1
51579;3
62778;1
37952;3
80596;1
80595;1
69680;2
90793;1
90792;4
62010;7
51563;1
34948;1
71174;1
62782;6
65354;1
75401;3
47621;2
37944;3
34940;1
54992;1
49765;1
37940;1
71179;2
39102;1
59874;1
83705;8
59873;2
62795;1
71182;4
62792;3
62041;2
62043;1
75439;1
37975;1
47658;4
37974;1
72634;2
59849;1
38451;2
38450;1
57614;1
57610;3
64272;1
59846;1
62036;1
64284;2
65335;3
72648;1
47641;1
34017;1
61675;2
92037;2
56805;1
83729;1
59853;4
59858;1
87075;1
59857;2
71128;2
51537;2
72655;2
71126;1
76628;1
35178;1
87834;1
65307;1
87835;1
63198;1
81441;1
71121;1
62065;2
34978;1
79233;1
63199;1
56100;1
56103;2
56104;2
63192;3
56108;1
38475;2
29680;1
38476;1
35174;2
51527;1
49724;1
34986;1
51525;1
65318;1
31616;1
61613;3
76618;1
38489;4
62053;1
73393;1
63184;1
73392;3
71132;5
72661;1
71131;1
63187;2
81455;4
62052;2
81456;1
63189;3
62057;2
63188;1
76611;1
73263;5
81458;1
73262;1
73398;1
76610;1
59834;1
61605;2
59837;1
34067;2
71145;2
61623;3
34950;1
37930;1
31625;1
87965;1
71149;1
34954;1
50426;1
87021;1
34956;1
62088;1
44269;1
62080;2
62083;1
44262;1
59803;1
38492;1
59805;1
35198;2
79209;2
74902;5
72686;1
51546;1
74903;3
76636;1
49748;1
71151;1
79201;1
79200;1
34968;1
79203;1
37925;1
87038;1
44255;2
56118;2
50409;2
35185;1
61628;3
56119;7
40495;1
34084;1
70548;1
63152;1
50441;1
45338;1
77714;3
50448;1
84343;2
35134;1
77717;1
46504;1
48643;2
87903;1
48642;4
55051;1
49098;2
50429;1
49093;2
49092;1
92097;1
50431;2
63143;1
70566;5
70569;5
62098;2
62099;1
70565;3
45324;1
63145;2
84332;2
30522;2
87018;1
35125;1
64227;1
87918;1
45352;1
63172;2
78123;2
45359;6
90725;2
63175;1
84329;2
48667;3
35159;1
71102;1
46520;1
34997;1
77736;2
62711;3
71109;2
91996;1
55070;1
62717;1
77722;1
64203;1
46519;1
46516;6
50451;2
48653;1
87938;1
64204;1
84311;1
77726;1
70583;2
87933;2
43072;1
57634;1
49047;3
62730;1
70590;1
86306;1
46549;3
65389;3
88561;1
65388;1
65387;6
78103;1
50482;1
65384;1
65392;1
55095;2
62744;2
38408;1
78829;1
78823;1
48677;2
63103;6
64262;1
90756;2
63101;1
88582;1
57653;2
43095;3
92089;1
86328;1
35115;1
84361;1
62752;4
84363;1
63134;1
43098;3
63130;1
64233;2
63132;1
45311;1
64236;1
92075;1
49075;1
38422;5
35103;1
48697;1
50499;1
86315;2
46556;2
50498;1
35107;1
35108;1
35105;1
88577;2
88576;1
43087;1
50491;1
84356;5
88572;2
50496;1
64244;1
50495;2
55222;1
