50892;1
62360;6
78358;3
78356;1
75596;3
79807;1
63922;2
71897;5
63924;1
79808;2
69669;1
63920;1
52041;2
63921;1
36237;1
47211;2
86709;1
47210;1
86707;1
78352;1
78351;2
52806;2
58893;1
78369;1
86720;1
71881;2
62353;3
75585;1
62355;1
89336;1
90623;3
62356;1
52037;1
85679;1
69679;2
86722;1
79815;2
34213;3
36242;1
86719;1
69670;1
89348;3
62341;1
50870;2
89343;1
50874;1
69648;1
46677;1
85645;1
50878;1
46673;1
69642;2
85649;1
91121;1
69640;5
58884;2
58885;2
58887;1
58888;1
63015;3
52844;3
58871;2
79834;3
75560;1
88222;1
50882;1
36223;3
46688;2
63019;2
86705;2
36228;2
62336;5
40394;3
36221;1
63028;5
47257;2
39623;1
63029;3
52000;1
69625;3
61823;2
61821;2
63858;2
69624;6
49302;2
79842;1
87138;1
78314;1
78313;1
63024;2
63023;1
45203;1
29546;3
87131;1
63851;1
59912;1
76091;1
59911;1
76095;2
63849;4
61817;1
61814;2
50849;1
61819;1
59915;1
63979;1
63848;5
62317;1
63846;2
61835;5
46622;2
62318;1
61834;2
63033;2
79853;3
45210;1
63030;3
79851;1
87121;1
78323;1
58857;1
86074;3
59902;5
89374;1
59907;1
36200;3
77608;1
47239;1
61800;2
63942;1
69602;5
63832;1
63046;2
85680;1
79863;6
87113;1
45223;3
63043;2
69606;3
78330;1
58848;2
40362;4
69613;1
87109;1
61812;4
63822;10
63955;2
63057;5
52800;2
63054;1
45234;2
63053;6
79875;2
64552;1
79870;3
58832;1
50836;1
63948;1
91176;1
66690;1
61804;4
63817;1
58829;1
59954;1
87172;1
59951;1
80382;2
47290;5
79888;1
88276;1
86796;5
70778;4
43720;1
59003;4
87175;1
43011;1
63892;1
87177;2
48867;1
66689;1
39669;2
43728;1
63897;1
43723;1
49346;1
53573;2
55029;1
43724;2
47284;6
48850;1
66670;1
47282;2
41466;1
39674;1
79891;1
59943;1
59019;1
47280;1
59941;1
59016;3
86035;1
63074;4
63079;1
60584;1
70783;2
66678;1
39679;1
53563;2
60586;5
39677;1
43736;1
55037;1
36295;2
58806;2
58803;3
36292;1
47270;3
36297;1
47272;1
70746;4
63080;1
87151;1
86023;1
63870;3
86770;1
59021;4
53556;1
63085;1
86775;1
66661;2
86776;1
63984;3
49326;1
86779;1
63985;2
35734;2
39647;3
80357;3
80358;2
52095;1
47261;4
49331;1
59929;1
70757;4
60562;6
86782;2
70761;1
35727;1
53547;1
70767;4
86014;1
63994;1
46606;3
49338;2
86787;2
53540;2
53542;1
60565;3
30689;1
60566;2
66654;1
63865;1
55012;1
43051;1
90688;2
43052;1
59994;2
70724;4
49386;1
49385;3
86759;1
72982;3
86004;1
32942;2
70733;2
86753;2
59992;1
72195;1
43056;1
52073;2
52071;5
72976;1
52861;1
85632;1
48810;4
68105;5
72973;5
74492;1
70745;5
43049;1
70742;5
66635;1
70705;1
43031;1
36250;1
49362;3
35771;3
49364;1
52061;1
39683;1
49367;3
60513;1
60512;2
33523;5
52065;1
86736;2
41491;2
52873;1
86739;1
85603;2
66623;2
72174;1
87199;1
66627;2
89303;1
72178;1
48809;2
43036;1
74482;1
88255;1
41482;2
49377;1
53580;1
53583;1
60523;2
72998;1
85616;1
41480;1
74474;2
52888;1
87186;1
86742;1
43027;1
59079;3
70723;3
82248;4
74455;2
72162;1
76105;1
65255;2
76100;3
68859;1
72164;3
68856;4
82241;7
72169;1
82242;1
76911;1
30622;1
68026;8
81194;2
44536;1
37493;2
80410;1
85092;8
37496;3
82237;3
72151;1
81185;1
84480;1
85086;1
37489;1
82231;3
81184;1
82232;2
85085;1
81187;1
85088;1
76927;1
84484;3
80416;2
31435;1
76922;1
30611;2
84486;2
37480;3
37483;1
38532;1
60605;1
56648;3
56645;1
57774;1
65279;2
72142;1
76126;1
74432;1
65276;1
81171;1
38528;2
38529;1
60602;4
35684;1
37474;1
56618;2
54271;1
37470;1
57741;1
65270;4
57740;2
65272;1
59893;1
42255;1
68846;1
82214;1
82211;1
59890;1
74441;2
65263;2
76118;2
54287;2
74448;2
54288;2
81163;1
54289;1
72135;1
76904;1
76905;1
65261;7
56624;2
56622;1
68812;9
74412;1
38507;2
84436;1
68819;1
84435;1
30663;1
84434;4
80450;1
41429;1
43768;1
43769;3
44507;1
30659;1
43767;1
53530;1
30656;5
55793;8
83313;1
53534;1
31478;1
74422;1
44500;2
72111;3
83308;1
54260;1
54261;1
80462;1
80463;1
48757;1
70680;1
83320;2
83321;1
43757;1
70687;1
70688;1
53505;5
83328;1
84458;1
70683;1
70684;1
84457;1
83323;2
57780;1
41402;1
68044;2
71910;1
53511;1
84464;1
54246;1
30639;1
84460;2
43742;1
42299;1
53517;6
53518;2
70677;5
68806;7
84469;2
42297;1
42292;1
71908;4
68030;8
80445;1
80446;2
50938;3
67491;1
71919;1
45130;1
76185;1
77634;1
37419;1
61750;6
71030;1
85019;1
77630;1
45134;1
89298;2
54218;1
76189;1
54219;4
64534;3
85013;2
64538;1
50945;1
85014;2
50927;2
71925;1
68094;1
68093;6
29585;1
29584;1
68091;4
76171;1
40349;1
75510;1
45127;2
85005;1
54229;1
45124;1
76175;1
84404;7
85009;4
54228;1
61744;2
61746;3
83351;1
92700;1
61726;1
64509;1
29577;1
40315;2
56698;2
45153;1
71012;2
64511;1
84411;1
31487;1
56691;1
84413;3
83366;1
76976;1
71942;2
61735;1
85030;1
64512;1
85033;1
34162;1
38590;1
45143;1
84428;1
64521;2
51410;1
45144;1
64520;3
54209;1
85027;1
77644;4
71006;3
84420;7
67469;1
85025;1
76986;1
71009;2
61724;3
67464;4
57721;2
57723;1
45176;1
37450;4
69591;1
85052;1
71961;3
85054;1
81154;2
38588;1
76954;1
85057;1
71964;3
34138;2
81150;2
76955;1
62396;2
78288;3
71071;1
45177;1
81157;1
77672;1
44580;1
76130;1
45163;2
45160;1
78272;1
91221;1
38571;1
46570;1
38575;2
37440;5
67443;1
85041;1
61784;2
67445;1
83397;1
64506;6
83399;1
71060;1
42231;1
51470;1
77666;1
42230;2
76136;3
51472;2
71065;1
81147;1
51475;1
77662;4
76131;2
45192;2
77692;1
57700;1
38564;1
38561;1
61776;1
75526;1
68872;12
69576;3
85075;3
65239;1
34112;2
71057;1
77695;1
65237;1
82269;1
65236;1
44550;2
81138;1
61770;3
81139;3
62375;3
56663;1
78292;1
37420;1
57714;17
91201;1
46594;1
85069;1
34127;1
46599;1
61765;1
82250;2
76942;1
46597;1
71047;2
76948;4
71046;7
51457;3
68887;9
76156;1
51451;1
76155;2
45189;3
62384;1
77685;1
77687;2
81126;1
69527;7
69526;17
79703;1
47315;1
79705;1
51378;1
52146;3
40281;1
79709;1
85528;5
58092;1
52148;1
75696;1
78258;1
71790;2
51375;3
89465;1
52948;1
47310;2
79717;3
36105;1
85535;3
79715;1
34311;1
79714;1
33699;2
51360;1
75685;2
64473;2
64472;1
52964;1
78268;1
64471;2
52966;2
85531;1
85530;2
71782;3
51365;1
78262;1
58999;1
78261;1
47335;1
48901;7
36119;2
88317;2
52164;3
39704;7
87216;2
78238;1
52935;1
85540;1
88311;3
39708;1
90519;1
78237;1
78233;1
70807;1
51390;1
51391;2
34341;1
70809;3
71765;1
52151;1
85557;2
71764;1
36125;2
86603;1
87202;1
51388;1
85551;1
64495;1
64494;4
90502;1
64491;2
64492;2
52938;2
52937;2
52939;1
40297;1
36122;1
36120;5
45104;1
86188;1
58052;2
45107;1
87237;2
79749;2
78219;1
67268;2
63715;3
52102;2
47357;1
39724;1
39722;1
91287;1
91286;1
67262;1
58962;1
58967;2
78222;1
45118;2
60483;2
78221;3
79750;1
86174;4
35803;3
87223;1
87224;1
46769;4
76890;2
87227;1
50961;1
50960;1
87228;3
67279;2
67277;1
50962;1
64439;1
47346;1
76898;2
39735;1
67270;10
47341;1
67273;5
67272;1
44393;1
40236;2
59116;1
59118;1
89486;1
85585;1
85586;1
87256;2
62201;1
60495;2
37608;3
37609;1
34305;1
62204;1
52125;2
45911;1
52120;2
37600;1
61937;1
47376;2
87251;1
58986;1
89497;4
86198;1
37617;1
64450;1
86196;3
47367;1
35823;1
47369;3
37613;1
61952;2
78208;1
50983;1
63726;2
37612;2
79736;2
79737;2
63719;3
67297;9
47364;1
47365;1
67290;8
58978;1
58049;1
58971;1
80241;1
58017;1
86140;3
72092;1
87273;1
47395;1
49200;1
60429;5
36178;6
73943;1
86658;2
48965;1
53675;1
43828;1
35859;1
35858;1
86142;1
61051;2
61050;2
30792;2
87262;1
36183;2
80235;1
58917;3
49213;1
80231;2
36189;2
43835;2
46721;1
63747;4
86666;1
35840;1
60444;2
63743;1
60442;1
39777;3
61048;1
43836;1
47389;1
59153;5
86131;1
53668;1
79798;2
61041;1
70885;1
65084;1
88393;1
70889;1
65081;1
88394;2
41356;2
39781;2
48982;1
36196;2
58947;1
70891;1
35874;1
43844;1
61073;6
68902;7
79764;1
68907;1
35879;2
58931;1
58007;4
65095;1
58009;2
86151;2
90599;2
65094;1
65090;2
39792;1
32145;1
43858;2
35860;1
32147;1
49236;1
66793;10
43854;1
82401;1
46706;3
86684;1
79778;1
86152;1
60462;4
65098;2
73970;2
65099;2
41371;2
36133;1
90582;3
90583;3
80281;1
63795;1
72053;4
89426;4
61099;2
55818;3
55811;2
61095;2
70831;5
86610;1
52184;2
35893;2
32113;12
59180;2
63799;1
35897;3
59182;1
36139;1
36141;1
36143;1
52172;1
35881;2
35880;3
61081;2
88382;1
59197;2
70843;5
61086;2
63780;6
48919;2
36147;1
35886;1
52179;2
36156;3
36152;2
86630;1
86124;1
59168;4
86631;8
52979;2
59164;1
52975;3
52972;1
86639;1
86633;1
55830;1
86636;1
86635;1
66762;1
60415;1
80299;1
36166;1
41382;1
36161;1
36162;1
72084;5
59172;1
85516;1
52981;1
85517;1
36168;1
60425;1
32870;1
54396;1
68955;1
55843;1
72950;2
81295;1
38646;2
68959;1
76005;1
74553;1
56730;3
54390;1
54392;1
44407;1
72019;1
81281;1
82330;1
81284;1
44409;2
82339;1
66703;2
65145;2
57870;2
42375;1
56741;1
82329;2
83409;2
56742;1
49289;1
56749;4
56747;1
38665;5
55862;1
31308;2
65945;2
82364;1
31306;1
68972;1
72933;1
82360;1
57880;1
44411;1
74575;4
65133;1
66717;2
77591;2
45097;1
77592;2
56756;3
30738;1
38654;1
31315;1
76802;2
57890;1
53614;2
82357;2
82354;3
77584;1
65950;1
57898;2
77581;1
56760;1
72935;1
32092;1
83447;3
83449;1
53627;1
82301;2
65198;1
65197;3
53625;1
84577;1
82306;3
84576;2
48877;2
30765;1
32087;1
54357;1
74516;2
80313;1
65195;1
68923;1
86696;1
83459;2
68927;1
84589;1
70794;3
70792;2
31337;1
43869;1
68920;4
74529;2
48885;1
72918;1
80321;1
54360;1
65184;2
65185;1
43890;1
82325;1
84556;2
83422;1
65178;1
83423;1
65981;6
82328;1
83425;1
83426;1
83427;2
82324;1
30781;1
31340;1
68931;9
65988;3
74534;3
48892;1
65173;1
65174;1
31355;1
65166;1
65990;3
84568;1
82311;1
74549;2
84560;1
38615;4
54381;1
80343;1
56722;2
82309;1
45033;1
67350;3
69495;1
37515;2
42307;1
83485;1
42309;1
69499;3
67359;4
37511;1
67353;5
67356;3
84539;1
62299;2
76853;1
76070;3
45022;1
44483;2
61838;1
54320;1
45935;1
34289;1
45937;2
67343;4
71830;2
54329;1
44487;1
76863;1
45930;1
91315;1
75628;1
83460;3
61879;2
37536;1
77513;1
84511;1
75621;1
45017;2
76874;1
81239;3
31383;1
29463;1
40221;2
71809;1
67367;1
77507;1
54344;1
51315;1
61868;1
61861;1
84524;9
77501;3
81225;2
76881;1
76054;1
29491;1
38686;1
68990;3
56772;4
77571;1
77575;4
51320;4
67317;1
61893;5
44436;2
65110;1
61891;2
45964;1
44434;1
76811;32
75646;1
45969;1
61895;3
51328;1
71863;1
81252;1
91326;3
57838;2
91324;2
69442;1
38671;4
82377;1
65103;2
77563;1
44445;1
78179;1
77568;1
75653;1
76036;3
69443;1
62268;2
75656;2
82370;1
67301;1
65106;2
76826;1
37544;1
37572;2
56799;1
56798;1
45055;1
78164;2
62277;1
67339;1
77556;6
62278;1
76831;3
42363;2
56790;1
44454;1
62274;1
47407;1
51348;1
76839;1
76838;2
47402;1
65902;3
46694;1
91343;1
46693;1
69464;3
34262;2
44461;1
76015;1
54309;3
76014;3
44469;1
44464;1
45045;1
51355;2
54303;1
69469;6
51357;2
47414;2
65911;1
47411;1
46697;1
82390;2
76019;2
76018;3
65915;1
40149;2
27994;1
67163;2
86907;2
86908;3
79608;1
62568;1
63612;1
85467;1
52241;1
79605;4
85207;2
62563;3
85462;1
40903;2
78551;1
52247;2
87361;3
50617;1
71688;3
34415;1
86925;1
33356;1
63605;1
52231;1
79614;8
40918;2
87368;1
59211;2
47915;1
85216;2
85217;1
56396;2
51292;3
40933;1
40120;2
80992;1
67992;6
46877;1
85220;1
85449;1
51293;1
85229;2
47926;1
78579;1
40940;1
40941;1
40117;2
67153;1
85458;1
47932;1
64798;1
85457;1
86902;1
47930;2
62534;6
86903;1
52212;1
52215;1
78588;1
51289;1
87347;1
91389;1
52282;1
78594;1
51270;2
78591;1
40954;1
40953;1
70924;1
51278;1
78599;1
51274;1
78597;7
51272;1
70001;1
46896;1
27959;1
69426;1
85425;1
52270;3
40173;1
71639;4
70938;1
91392;1
91390;1
89570;2
87325;2
86962;2
50662;2
69433;8
67964;9
71645;1
69434;1
86963;1
67960;1
83183;1
87327;1
36005;1
83182;10
87326;1
67181;7
67186;5
40165;2
70903;1
83979;2
40972;2
83984;1
70025;3
62584;1
67957;2
83983;1
84700;1
67958;4
83988;1
84702;2
89587;1
87312;2
58640;1
67189;2
85402;2
52261;1
71677;3
67954;3
58638;1
67198;5
80199;1
40982;1
67196;1
80196;1
91372;1
40989;1
70012;2
62575;1
85410;1
85415;1
53385;2
85412;1
83990;1
86945;1
71667;1
83992;7
86948;1
60773;1
89526;3
60777;2
53374;2
79688;1
80929;1
70972;2
70048;6
79682;1
70967;5
47092;1
47094;1
36034;2
80189;3
60769;2
47981;14
53365;3
60786;1
68346;3
73897;1
60783;2
66874;3
80937;1
73899;2
53364;1
68349;1
60787;1
88006;1
79697;1
66877;2
79691;1
70979;1
47084;2
47992;2
68340;2
60755;2
53353;1
35530;1
60757;8
35531;1
53356;1
66863;6
86978;2
53357;2
35534;2
60753;6
60752;2
66868;3
50672;2
80162;2
70949;4
66091;1
47079;1
47072;5
60747;1
52296;1
36025;3
80915;1
78505;1
60765;3
60764;2
40193;1
36029;1
74237;2
74238;1
70052;1
78509;1
60761;2
47069;1
78501;1
89554;3
90451;4
36020;1
40198;1
61194;1
78513;2
82510;1
61196;1
61195;1
61198;8
79642;5
63651;6
82515;1
39424;3
80967;2
44703;1
47942;1
73847;9
62518;7
80145;3
36076;2
36075;2
39423;2
82506;2
82505;2
90488;1
82509;1
79655;1
88047;1
47958;1
61188;2
63640;1
59252;2
88048;1
35508;1
35507;1
70078;1
62513;1
62512;2
68301;3
80978;4
46823;1
78526;2
49598;2
80981;1
47045;1
80139;1
36080;2
90477;2
36082;2
90474;5
59257;1
79665;1
70994;8
74284;4
63639;2
46833;1
65899;3
62506;5
61179;4
60797;2
41693;1
36052;1
49561;1
80126;1
41691;1
73818;1
80124;2
80123;1
41697;2
63629;6
74282;4
82503;1
78542;1
79673;4
79675;3
50197;1
78547;1
53307;5
87388;1
70093;3
66892;3
66067;2
59270;1
63623;1
47026;1
36061;1
80117;3
66062;2
74270;2
87381;1
37291;2
65053;1
54493;1
37294;3
80213;4
54490;4
92521;4
66160;7
80212;2
60815;2
38741;1
55544;4
73934;5
60822;1
72367;5
61146;2
36956;2
43539;7
76305;4
82447;1
81985;1
76301;6
61145;1
65059;1
82442;1
72362;6
61141;4
80224;2
80225;1
37282;2
41670;2
60811;1
84681;1
60810;2
75714;1
36962;3
55555;1
55552;1
72359;1
36965;2
61159;1
31238;1
55550;2
75710;1
65046;1
30895;1
61153;1
30892;1
81997;1
84688;1
82432;2
81959;1
68282;10
44709;2
35482;1
68287;6
30886;2
61125;2
61126;3
84693;1
44715;1
44716;1
61128;2
54479;1
84691;1
60801;1
72344;1
54476;1
30154;1
76325;1
81963;2
61122;3
30158;1
44711;1
84697;1
81969;1
66130;1
36099;1
36095;3
35492;1
54482;1
80205;1
31215;2
43504;1
65857;4
72334;1
82412;1
61130;1
82411;1
55536;5
76310;1
81972;1
36947;1
60858;1
41620;1
41623;1
41626;1
44777;1
65013;2
65014;3
77473;1
82487;1
43578;27
57072;2
65824;2
37257;3
44779;2
30863;1
30866;1
82481;1
61104;2
68252;1
56408;1
37243;1
60848;1
60847;1
41634;1
92550;1
77469;1
41629;1
57065;1
55518;1
44785;2
66844;2
43560;1
76330;1
55514;1
43564;1
30859;1
37247;3
37248;3
68255;1
35479;2
39493;1
39494;1
37234;2
37231;1
37232;2
30194;2
77493;1
39492;1
45883;2
44751;1
44755;1
36979;3
72380;1
35448;1
68245;2
37239;1
38764;1
36973;2
60843;2
50113;3
36972;1
57090;1
37235;3
60827;1
65809;1
65808;1
68232;1
57992;2
57996;1
76350;1
77480;2
44765;1
43540;1
76357;3
57990;2
76358;1
68234;1
60833;2
82452;1
43547;1
65810;1
64732;5
51227;1
34376;1
30821;1
83144;2
83148;2
76389;1
58570;1
77434;1
67924;5
75782;3
51223;1
51220;1
54417;2
51221;2
58574;2
56434;1
56430;1
57967;1
69350;1
57969;3
37211;1
37205;5
83151;1
85284;2
67932;1
67205;1
83155;5
64748;3
83156;1
83158;1
42472;1
67207;4
83159;1
51231;1
58584;2
51232;3
84602;2
75792;1
58589;1
58588;1
56448;2
81904;2
56442;2
81900;2
56443;2
71728;1
56449;1
91467;3
75766;2
71741;1
51202;2
77454;1
44798;1
45842;2
75761;1
58558;7
57943;2
56416;1
51217;1
82490;2
45859;3
64727;2
69323;1
83177;1
64726;1
64723;1
51213;1
31924;2
84627;3
54404;2
67912;4
77446;3
29369;3
57046;3
58568;1
56425;1
57958;1
34361;1
31919;2
83105;2
31266;1
54458;1
84637;3
84638;1
91427;1
83100;1
36912;1
57927;1
57929;1
57926;2
56478;2
52203;1
84642;1
36925;1
81952;1
81950;1
28611;2
54467;4
67243;5
61989;8
72311;5
36923;1
83111;1
69384;1
91421;2
69386;5
69387;5
31272;2
81946;7
84659;1
85493;1
84654;2
77413;2
84655;1
85494;1
31974;2
42428;1
75723;1
77418;4
64758;1
75724;2
45802;2
83122;1
31248;1
67239;1
77416;2
61971;3
75721;18
72306;2
69376;8
56455;1
81916;1
58597;1
81918;1
29331;3
64762;1
84668;3
84666;1
85482;2
55573;1
83132;1
30127;1
55572;1
30128;2
42417;1
67226;6
84660;3
31259;2
75737;1
45816;1
85260;2
69360;1
71709;1
57912;1
91401;2
81922;1
29322;3
50706;1
47111;3
46064;3
46991;1
49400;4
40007;1
59348;4
52349;1
59340;2
85105;1
71595;4
64684;3
78458;1
51179;2
87476;1
79503;2
79505;1
34520;2
49402;1
79508;1
49401;1
46992;1
34523;1
52342;2
50716;1
58717;1
62409;3
46050;5
67030;1
40824;2
51160;1
78462;1
78463;1
51164;3
85337;1
85338;1
34512;1
62413;1
85111;1
67039;4
46058;1
40025;3
40021;2
50729;1
40028;1
71573;1
85343;1
51197;1
34549;1
39501;2
52364;1
46973;1
50730;1
85349;1
40011;1
40012;1
67053;2
58737;1
40802;1
58733;3
58730;1
59331;1
42521;2
78447;1
85352;1
78444;2
62431;3
62432;1
52359;1
85350;3
64692;2
71568;1
52354;1
50744;8
47127;1
58763;1
31095;1
84817;1
59308;3
59307;1
78493;1
58768;7
58769;3
80082;4
80089;1
40045;1
51138;2
33444;1
86816;5
70141;1
62467;1
52387;2
78498;1
51133;1
73780;2
91491;3
59318;1
80079;1
86821;2
87428;1
52375;1
34557;1
86826;1
33453;1
50769;2
71548;2
70137;9
88100;2
87424;1
78471;1
34583;1
40066;1
67081;3
34589;1
86836;3
85302;1
50776;2
71533;1
54500;2
54502;1
84802;1
87455;2
70127;5
62481;1
85301;1
62487;3
78477;3
51151;2
40845;3
67091;1
40052;1
50788;5
86846;3
86848;3
85318;1
40050;2
69313;5
69315;2
85314;1
50787;2
34576;1
32301;2
70111;2
88137;1
50794;1
53473;2
60633;1
50795;1
88925;2
35651;1
86856;1
86855;1
63558;4
39569;3
70186;2
32351;1
70187;3
80048;3
80049;1
60626;3
40892;1
80045;1
40896;5
90341;2
72291;1
72290;2
70177;1
73751;2
66976;2
50033;4
68208;4
36774;1
66970;1
86866;3
50039;1
60644;1
50038;1
70175;1
73753;1
68200;1
53467;1
68202;2
70174;1
47187;2
86872;1
88110;3
86873;1
89640;1
90319;1
89645;1
73765;1
46003;1
53493;1
86878;1
86877;3
79562;1
40877;2
79561;2
80065;5
74371;1
74372;2
63561;5
50051;2
38906;1
66999;2
74378;3
53486;1
73779;7
80056;1
88929;1
36794;1
79570;1
65777;1
60677;1
46954;6
46952;1
46027;1
63513;2
53434;2
46951;6
35613;1
88967;1
88962;1
82613;3
82614;3
88172;1
61291;2
82606;2
38026;3
49444;4
63509;1
63504;2
88958;3
59390;1
46013;2
53423;2
46015;1
73711;1
35602;1
47147;1
79552;2
61287;5
88951;1
78420;1
41566;1
82618;1
41563;1
90372;1
46047;8
35633;4
60699;1
53450;1
62406;1
34508;2
82633;2
38939;3
58702;1
58703;1
65790;1
82629;3
58700;2
59368;1
90362;4
46040;1
58708;1
46042;5
80008;1
47168;3
32388;2
46941;3
79538;3
43614;2
73736;1
46945;1
79534;4
79531;25
78400;1
53446;1
59371;1
82638;1
41586;1
80015;1
80017;1
41521;1
38059;4
38054;3
82539;1
81834;2
65721;1
76204;1
36816;2
75035;1
36815;3
61243;1
36814;3
68168;1
75800;1
66028;2
38956;1
81098;2
43637;4
69283;1
68151;7
68153;1
88091;1
43621;1
61251;6
75021;1
43620;1
44600;1
61255;3
44601;2
75024;2
65738;1
81084;4
66014;2
44606;1
75817;1
92643;1
38860;1
90270;1
68181;2
88086;1
88087;2
77394;2
81859;2
84799;2
84798;1
75013;3
84796;1
36836;1
43653;1
77397;1
43654;1
82565;2
72242;2
60700;1
82560;3
44617;1
75827;1
75018;5
66048;1
61269;1
36832;1
38043;1
68174;8
80103;2
41553;1
75829;2
66919;4
66918;6
82559;2
36849;4
82555;1
75001;2
81872;3
92628;1
72234;4
55675;2
38049;2
74309;2
43646;1
44627;1
36846;1
55671;2
36845;1
74305;1
28563;1
35562;1
37351;3
38880;1
38098;1
38996;1
43679;1
77375;1
76244;1
82586;3
43674;2
44630;2
43677;1
55604;1
76242;1
30079;2
66935;1
81886;6
37341;3
56507;1
37343;3
76238;1
50007;1
61215;4
36865;5
82572;1
74329;2
74328;1
55611;3
61217;1
37347;1
60711;2
81894;1
76232;2
72254;3
45774;1
77369;1
61210;1
77368;3
63598;1
79491;1
79492;1
77351;2
41501;1
41506;1
56510;4
79494;1
38076;2
60745;2
35586;1
68147;4
36878;4
68146;4
61222;2
76223;1
79497;2
72288;2
77354;5
41512;2
43680;5
41517;1
68132;1
56526;2
56527;1
35595;1
66960;1
81063;1
50026;1
38899;4
36886;2
74346;2
76212;2
77346;1
74345;2
79489;1
55639;1
50021;1
81068;3
44662;1
57184;1
45796;1
82597;1
77341;4
75881;1
77332;2
42585;1
62494;3
76288;1
54516;2
77331;3
54515;5
27924;1
84733;1
71625;1
27928;1
71624;3
75887;1
75886;1
37312;1
30922;2
30918;1
85192;3
85194;2
58679;1
84728;4
27930;1
84748;1
76276;5
27932;1
77323;1
58680;4
42572;1
42571;2
57163;1
29249;1
37303;1
85187;1
37304;1
85184;2
54521;1
30913;1
64601;3
71627;4
56540;2
27903;1
57153;3
81034;1
44696;1
44693;5
54537;1
34499;1
30947;1
83262;1
64612;4
81032;1
54533;2
71603;1
69234;5
69233;7
29272;1
37332;4
84707;1
56556;1
84708;2
56554;1
83278;1
78398;1
27913;1
78399;1
45753;1
81023;1
76252;1
81021;1
37325;1
83271;2
87415;3
51116;1
81020;1
77305;2
71612;1
27915;1
45759;1
83276;5
45757;2
56567;3
29266;1
31190;1
56564;1
67116;1
50802;1
31127;1
84772;1
67111;1
64636;8
55687;1
54557;3
85376;1
64630;3
42541;1
85375;1
31122;1
54559;3
75840;1
56570;4
84777;3
29211;1
75839;1
83253;2
84784;1
75854;2
30008;1
85141;1
85364;1
85360;1
56582;1
83258;2
75061;1
91520;1
45707;4
91549;4
85134;1
50823;1
52312;1
75867;1
75864;3
84751;6
29239;1
83225;1
52316;1
84754;1
30012;1
83224;2
85395;1
54579;1
56590;3
56599;1
57118;1
56598;1
57115;5
29237;3
54588;1
45717;1
45718;2
69267;4
83232;1
36805;5
85128;2
84766;2
45710;1
75874;1
85382;2
31154;1
83238;1
75045;1
31152;2
36808;1
29220;1
81827;3
57103;1
69263;4
69264;5
91540;1
62915;1
37096;1
69122;1
80744;1
37098;2
37097;5
37092;8
57248;1
59499;1
33956;1
82763;2
70305;15
28834;2
52426;2
57241;2
78763;1
78762;1
59491;1
75189;3
73610;1
63402;1
69124;1
69125;1
82760;1
63408;1
73616;1
37089;2
37087;1
40790;2
57258;1
29038;1
77182;1
77184;1
77183;1
58356;1
57259;1
58353;6
43499;1
33945;1
75983;1
84898;2
84894;3
66203;1
78757;1
75989;3
62911;1
80728;2
55493;3
37074;2
33020;1
69144;5
80722;1
55492;1
36692;2
29000;1
75160;2
78780;1
86492;3
82737;1
78784;1
82745;1
28858;2
82744;1
75168;2
57221;1
78788;1
78787;1
58386;1
68523;3
33971;1
80713;2
84099;1
75976;1
52441;2
68521;6
69151;6
75172;1
57235;1
29017;1
37060;1
43471;2
84874;1
58370;2
84878;2
75177;2
55489;2
55488;1
67794;3
80703;2
69158;4
84870;1
55487;1
33036;2
80702;1
29952;1
53906;4
53907;1
41810;1
40763;1
36670;2
68583;1
73653;1
55475;1
68585;5
74788;1
74787;2
71512;1
84860;13
63447;6
74018;1
35300;1
63449;2
33995;1
78725;3
84869;1
41806;1
86471;3
63441;1
84863;1
53127;1
53911;1
74782;2
35309;1
82704;3
82703;3
40756;2
82708;1
82707;1
40755;2
41036;1
34592;3
34590;1
51906;1
53137;1
74778;4
73642;6
78719;1
63457;1
36688;2
78714;1
46129;1
78715;3
32454;1
46127;2
84857;2
84855;1
78711;2
74020;1
84854;1
86485;1
53139;1
63453;3
40788;1
41009;2
50390;1
40789;1
68561;3
74768;1
36656;1
84057;1
53103;2
84840;1
29932;1
63420;1
78741;2
29933;1
41829;1
53934;1
55459;2
78743;1
58335;1
41019;1
41016;1
84826;1
41017;1
40770;1
40773;1
41013;1
53110;1
86469;1
30237;1
74756;1
84831;2
90218;1
74001;2
86467;2
84836;3
78732;1
86464;1
46109;1
83777;2
44099;2
81631;3
56193;2
54612;1
60186;1
53955;1
81635;2
75103;3
75106;3
41061;2
43408;1
83771;1
83772;8
42602;1
74747;2
55436;1
32421;2
75907;3
41066;1
47684;2
56199;1
40724;2
59416;5
41857;1
59412;2
30296;1
83769;1
53941;1
54628;1
54627;1
40707;2
44858;2
83760;3
73687;1
83761;1
75117;1
37778;1
67734;11
41072;2
75116;1
60178;3
74737;2
55424;2
74738;3
37774;1
47693;1
59407;2
81619;2
59401;2
67705;1
55419;1
87540;1
83753;1
44843;1
83755;1
67709;1
67708;3
83757;1
37743;2
87549;3
66257;3
73678;1
53146;1
83750;1
47661;4
41041;1
74717;1
59433;2
41875;1
81608;1
40745;1
81604;1
81600;2
56184;4
87555;1
83745;3
44838;2
32434;1
37753;4
73665;1
60158;1
29091;1
41055;2
39277;1
80798;1
53151;1
74707;1
41863;1
59425;2
41866;2
59428;1
40737;2
66236;3
69169;12
69168;1
66238;6
53992;2
75957;2
43449;1
74704;4
43443;1
44055;1
75142;2
42643;4
79248;1
75143;2
31791;1
31796;1
75145;13
81678;1
81676;1
38182;1
59455;1
74092;1
41894;1
80783;1
67775;1
60134;2
80769;1
75943;2
89718;1
60138;1
66242;3
65600;3
59441;1
43455;1
75159;3
81668;1
79257;3
43450;1
92440;6
78790;1
79250;1
66240;2
38179;1
38178;2
38175;2
42625;1
65635;3
43427;2
80759;9
44889;1
67745;2
42626;1
41082;1
49922;5
46178;2
75123;1
66217;1
44886;1
83797;1
44887;2
87587;2
59477;1
81647;1
79263;3
79262;2
46177;1
41085;1
46170;5
42612;1
49930;3
49931;2
41091;1
75926;2
38159;3
37796;1
67752;2
42616;2
67755;1
66225;40
80747;1
49937;1
83786;3
81642;2
83788;2
56145;1
38153;1
38152;1
69197;3
46188;1
46181;1
69196;4
29052;1
53195;2
38133;2
64194;2
64199;1
37818;1
81585;1
67004;3
91657;3
76529;1
81580;1
50300;1
91658;1
92358;1
51092;1
89743;1
31025;1
76512;1
51096;2
34608;1
81597;3
81598;1
72563;2
67012;5
54696;2
72566;1
67014;1
38111;2
49851;1
38113;1
48273;1
56224;4
79351;1
51892;2
34618;1
65665;2
65660;2
42650;1
31015;1
31014;1
56220;1
49859;7
44129;1
49856;1
81560;1
71486;1
54687;3
89739;4
42656;2
54686;1
92337;1
56218;1
48394;1
48393;1
79341;2
44112;1
71496;5
42663;2
42662;1
81575;1
34628;2
89722;1
71490;3
81579;2
42660;1
34623;1
42667;1
81570;1
54677;3
64999;1
47700;1
83838;1
48382;1
47772;1
48384;1
47779;1
61306;4
61307;4
70294;6
48259;2
64989;4
64980;1
83842;2
54669;2
64158;1
89795;1
83846;1
83849;2
83847;1
83848;1
92395;1
92394;1
47761;2
39200;3
48370;5
38103;1
48376;1
61316;2
60997;3
64979;2
47764;1
39207;1
44822;1
87528;2
54657;2
83855;1
89784;1
59504;2
59501;3
39232;1
87518;1
47752;4
47753;1
66188;4
49898;1
64965;1
79318;1
37831;1
66189;5
83822;1
31055;1
83821;1
87512;1
89772;1
77200;1
83823;1
54646;3
45612;3
62894;1
60196;4
64176;1
62891;3
64174;3
64184;2
59513;2
31040;3
83826;1
59510;1
39221;5
66172;2
64949;1
66171;2
59519;2
47743;1
44800;1
48247;1
48358;1
87504;1
44805;2
77212;1
83833;1
54636;2
31045;1
47749;1
64950;1
89765;1
64185;13
54639;1
89766;4
45676;1
70254;1
84931;3
77224;3
61340;1
64111;1
84009;1
51000;1
64940;5
71423;1
35233;1
37005;5
64118;5
46206;1
46207;1
36767;1
35237;1
64946;1
48216;1
36766;1
52498;1
34678;4
52497;2
71425;2
36769;2
84002;1
48212;1
68493;8
68496;6
35232;3
48342;1
84925;1
45670;2
63490;3
61352;1
77237;1
50370;2
64120;3
86432;1
34684;1
71431;1
64933;1
64930;1
37016;1
71433;2
64128;2
34687;1
71435;1
62884;1
48227;2
36755;1
48223;3
35221;1
34681;1
37011;1
63480;2
58406;1
64134;6
88684;1
51025;2
50365;1
70237;3
64130;1
63474;3
64132;4
36745;2
63479;2
86428;3
48327;2
62854;3
71401;1
62855;1
51810;1
64921;3
62858;3
50368;1
61319;2
58418;2
68472;1
84903;1
45642;2
77255;1
50350;1
36738;1
84014;2
45648;1
64910;2
62868;2
61338;1
64911;3
36730;4
35201;2
61339;1
48315;1
64905;1
58429;1
84915;2
48304;4
52450;1
48303;1
51875;1
48302;2
86404;3
50349;2
36724;1
62832;2
36725;1
61389;2
71461;1
77260;5
37042;2
37045;2
52460;2
62846;1
37059;1
35266;1
51866;1
51869;2
50338;1
61395;5
36718;1
88655;2
52469;1
82684;1
77273;2
37051;1
35264;3
35263;8
35259;1
62812;3
52478;1
57310;1
57316;2
37020;2
62820;2
34667;2
34668;1
64108;1
35246;1
64107;2
71454;1
33933;1
77297;1
51077;2
82663;2
82664;2
71452;1
70200;6
82667;1
45688;2
82669;1
37031;1
78660;1
77093;1
37195;3
36571;1
36574;1
52561;3
85933;1
88714;1
52563;1
68401;1
52562;2
82866;1
70400;4
75289;1
77984;1
74158;1
52566;3
90911;1
78668;1
43346;2
69938;2
78666;2
77980;1
45492;2
58499;5
77081;17
55368;1
80827;1
85922;1
88725;2
77995;1
58490;2
57350;1
77990;1
78654;2
43355;1
82852;2
84998;7
75297;1
82851;1
77076;1
80861;1
69005;4
88735;1
52541;1
55397;2
88734;1
68422;2
69008;1
85954;1
43369;1
30341;2
77078;2
88733;1
29157;1
40676;1
77062;1
90123;5
80850;1
55385;2
55387;4
52531;1
53210;2
66320;1
74691;1
82871;1
74692;1
53218;1
53215;1
53216;1
70411;2
73507;1
84171;4
76490;1
41714;2
41716;1
43380;1
74114;6
74640;1
86572;1
58462;4
50274;1
76497;1
85971;2
50278;1
36531;2
85973;1
55337;1
78625;1
46218;4
53223;1
36535;2
53224;1
84182;1
33190;1
52508;2
40659;1
74125;2
52512;1
86582;5
82812;1
74630;4
58453;1
78610;1
29805;2
85961;1
57392;5
74121;1
86585;1
58451;3
84954;1
86586;1
84955;1
52518;1
50289;1
68435;2
36543;4
74633;1
36547;2
74634;2
36550;1
81703;1
40647;3
58443;1
86596;4
50297;1
84989;1
86592;1
82844;1
84158;4
84984;1
35428;7
84159;2
73530;1
85990;1
52500;1
74138;2
63325;3
78607;6
53246;1
69911;1
40630;2
82826;1
40629;1
29824;2
81700;3
74145;1
84972;1
46246;1
80802;1
63335;1
80801;1
68453;1
80800;1
68459;1
85987;2
84161;1
63339;1
75208;1
47788;6
44969;2
37622;4
83086;2
42706;2
83087;2
60971;5
60049;3
75207;1
73554;4
67826;9
44961;1
76456;1
83874;1
44963;1
73550;3
76453;2
81730;1
67827;3
41755;6
53261;1
41750;1
37633;1
53274;2
75219;1
83860;1
37638;4
37636;2
40608;2
60030;1
67839;2
83868;1
83865;1
81718;2
41742;1
47793;3
47792;5
83890;2
83065;1
83891;2
42727;1
83892;4
73577;2
83067;1
37643;1
54731;3
60952;1
37644;1
66398;1
60061;2
54734;1
55319;1
76472;1
81755;1
29879;1
81756;1
67846;2
76477;1
74620;2
59536;2
69082;1
69089;5
67854;9
73569;1
83073;3
59520;1
73560;1
76485;6
44973;2
83884;4
41725;1
83070;1
69099;2
69098;13
81778;2
56250;1
32528;1
74199;1
59593;1
76411;1
73590;2
89034;1
60930;1
67860;4
75248;1
80879;1
60003;1
65519;3
69066;1
80885;1
69064;3
38289;2
60925;1
41799;4
29893;1
89027;1
59582;1
73584;1
32519;1
76424;1
32514;1
89026;1
69969;9
42731;1
89025;2
66342;3
76425;1
80867;1
76426;2
73589;8
67876;9
67877;6
79390;1
56269;1
48191;1
89022;9
41789;1
79395;1
78689;4
42762;2
79368;1
81799;4
43320;3
56274;1
69994;2
76439;1
73008;1
69049;1
81790;1
66355;1
37688;2
43329;1
37685;1
69044;2
69990;1
60908;2
41777;2
78679;1
54702;3
81785;3
75274;3
89009;2
67898;7
66367;1
73015;1
69989;1
73016;1
69986;3
69981;8
38295;1
38291;1
59569;1
29197;2
41765;1
71369;1
89859;8
34733;1
64888;3
92219;1
71368;2
81680;1
83018;3
34739;2
71364;1
51773;1
79479;4
83908;2
79462;4
56338;3
56335;1
92214;2
39300;1
39303;1
81691;1
81693;2
54797;1
64878;2
47828;1
71373;1
65554;1
89840;2
83005;1
34749;2
71370;1
83006;2
65550;3
83004;2
83915;1
56367;1
91788;1
48173;5
38259;2
51797;1
31869;1
65528;1
76404;2
76401;2
71381;1
51792;1
72430;3
71383;1
42796;1
79458;1
89871;1
91797;2
49982;2
91799;1
48183;2
51787;4
87601;5
44902;1
72449;3
79443;1
65530;1
44015;1
71390;1
71397;3
79447;6
64893;1
89861;1
65531;1
83939;1
73072;3
64050;1
83935;2
83937;1
54768;2
64840;1
54766;1
79432;1
83055;1
60079;3
70393;4
48114;2
83057;1
44913;4
70390;3
48489;2
38201;2
44918;1
66294;1
39340;1
48470;1
64063;16
59635;2
60081;1
64069;1
54758;5
89883;5
79427;2
37708;1
60891;2
73063;1
83048;1
65593;3
44921;2
83044;1
37701;1
47865;2
38203;4
44926;1
38204;3
47866;4
47890;2
73092;1
37739;2
65560;1
83965;2
64862;3
60095;2
65567;2
87654;3
54789;4
64865;1
79417;1
83031;3
54782;1
67810;5
39337;2
37734;1
61422;1
45515;1
60884;1
37736;1
39320;1
56318;1
92271;3
83028;1
64047;2
83977;1
65575;3
87647;4
61439;3
79407;1
64856;4
61434;1
83970;6
39328;1
64857;3
61433;2
72405;1
62974;3
61443;1
61447;1
86547;1
86541;2
70357;3
86544;1
84147;4
58536;1
51949;1
62969;4
68350;1
68353;1
86539;1
86536;3
36610;5
86535;1
86534;1
77134;1
70364;1
64022;6
70365;3
88796;2
64020;1
84137;1
45523;2
58546;1
90098;2
48432;1
51710;2
36641;4
46326;1
51715;1
64825;3
74105;1
63376;3
77930;1
62990;1
61461;3
77102;2
63371;2
90089;1
45550;1
57411;1
51929;1
64817;1
51709;2
37138;1
86558;1
35346;1
48109;1
91701;1
51700;3
46312;3
84110;5
70387;3
70388;4
86553;1
51918;1
58524;3
71308;6
68383;1
68382;1
48454;1
82774;3
63393;1
90946;1
82775;2
71320;1
72450;2
77953;1
82778;3
88766;4
48408;1
77950;2
51736;1
91719;1
34775;2
55287;1
62933;3
33236;3
62934;2
55280;2
51727;1
57435;7
82785;1
71330;2
61492;1
82786;3
63383;3
77940;1
63389;1
70322;2
77941;1
55297;1
61499;1
71337;2
51726;1
62940;4
34789;1
62945;3
91724;1
34784;3
77949;1
35365;1
35363;1
91732;1
62936;8
62937;4
58504;1
57427;1
57426;1
45599;2
77974;1
72471;1
70331;2
88784;1
71342;1
88781;2
71345;2
86525;1
71344;1
36600;1
70330;1
36601;3
86527;2
50228;1
62950;1
71348;3
37164;3
77962;1
47807;1
47808;1
71351;1
77156;1
62968;1
48412;2
30306;1
86515;2
30308;1
47802;3
77966;1
71358;2
86519;1
71359;2
51960;1
34766;3
62961;1
50217;1
48410;1
91753;3
37177;3
90034;1
57444;9
43938;1
55233;4
54100;1
84271;1
33755;1
54103;3
55237;2
33754;1
54102;1
86239;1
85870;2
78965;1
43289;1
82014;1
86236;2
63200;4
52621;4
40522;1
79084;1
79081;1
78959;1
41271;1
43925;2
85868;2
55222;1
73400;2
46366;3
63215;3
84284;2
36443;1
55953;1
55954;1
52616;1
78953;2
33747;1
40507;1
82028;1
82029;1
55958;1
43298;1
30498;1
40515;2
79098;3
84280;3
46363;1
85853;1
43912;1
43911;2
55213;2
36413;1
84296;4
43914;2
33771;1
55927;2
43266;1
30487;1
82944;1
52649;2
43269;3
85851;1
86213;3
85850;1
86214;1
55918;2
43906;1
40540;2
78978;1
78979;3
55930;1
36427;2
85846;2
36425;2
36426;4
82930;1
78972;1
43277;3
86222;1
67594;3
69838;1
77883;2
57481;2
86279;1
70543;2
57484;1
68783;14
55276;1
60344;1
48612;2
69835;1
60349;2
82055;5
85833;2
46393;1
46397;1
91102;3
45380;1
86271;2
57488;3
58125;4
70539;1
45385;1
52659;1
78996;1
77891;2
82069;3
42126;1
86289;1
55912;1
77894;1
78997;1
55914;1
55916;1
52657;2
60333;1
68775;1
67579;1
30457;1
68774;1
60335;1
85823;1
48626;5
67577;1
82065;1
68778;4
60336;2
68776;2
36480;2
55263;2
86283;3
57498;1
86281;1
78990;2
58115;1
58113;1
83599;1
67548;1
77862;1
83597;1
66416;1
82982;2
64301;2
45366;1
82075;1
83595;1
55256;1
77866;2
67546;1
46373;1
40580;1
36452;1
46370;1
57466;1
57467;2
77873;2
83588;1
86263;1
52678;1
82976;1
82971;1
77872;1
86266;2
67553;6
69800;1
66420;5
82088;2
60311;13
83582;1
66422;2
43947;1
67557;4
46388;1
46382;1
36463;2
36464;1
39881;1
45374;1
39043;2
39873;3
39876;1
39875;1
83574;2
67522;5
68740;8
80536;1
68745;1
73128;2
81432;2
68748;2
42156;1
73497;5
75387;1
53756;1
42153;1
67526;7
73496;1
42152;2
83577;1
48090;1
29784;1
32609;2
58157;1
74929;1
66480;5
80531;3
54178;1
74930;1
69868;1
66487;1
74936;1
67532;1
66484;1
54820;3
42871;1
54821;1
89122;2
75394;1
75395;2
42164;2
81423;2
42166;1
81426;1
42165;6
56987;1
81408;5
79022;2
36491;2
47463;1
74918;2
53771;1
53770;1
73103;1
68722;6
73104;3
80518;1
80517;1
53773;1
83552;1
42132;1
31533;2
83553;2
73473;2
79025;1
67505;1
67509;1
42134;2
89155;1
29762;1
38395;1
38394;4
39079;4
38393;1
74907;1
38399;2
39849;4
74913;1
80507;2
54159;1
68713;7
73466;1
89934;3
69842;7
39844;1
60354;1
80506;2
60355;1
83545;1
79036;1
67517;1
76787;1
42143;1
42146;1
75374;1
89146;2
33791;3
72836;1
83528;2
29750;1
53707;1
31595;2
54857;1
54856;2
83536;2
82920;1
29758;3
83534;2
73458;2
39007;1
54142;1
39837;3
80575;8
47453;1
54130;2
79052;6
53703;1
83527;1
83522;1
82911;1
54131;1
80569;1
42835;2
62125;2
75358;1
54137;1
47458;4
69891;1
69890;4
41283;1
39026;3
74959;1
56945;1
66493;1
83506;1
59678;1
53735;2
29734;1
54836;3
39817;1
53736;1
29737;1
52605;3
85898;2
66496;1
54124;1
66498;4
85897;4
66499;2
53730;1
47422;1
42826;1
47423;1
41280;1
80556;1
72808;1
37992;1
39031;2
53719;1
79071;1
56930;2
79077;2
62102;1
75334;1
85880;1
53725;3
39809;1
32678;1
89101;1
82004;2
60391;1
39807;2
60390;1
29728;1
32675;1
85885;1
37996;4
73427;2
54114;3
62103;4
74951;1
73424;2
47535;1
81384;2
39901;1
38338;1
38339;1
62169;2
62677;1
61545;2
39909;1
64395;2
44348;1
64394;1
65443;1
39906;1
59720;2
59726;3
39915;1
81393;3
47524;1
72764;2
81395;2
54890;1
75306;6
54893;1
75304;1
83611;4
81398;2
54898;1
39918;1
62150;1
48025;4
49660;3
89091;1
48020;1
54882;1
61521;3
34810;1
72734;1
61522;3
34811;1
44329;1
61525;1
72731;1
54889;2
87754;2
51696;2
73197;1
34813;1
71282;1
91098;2
92140;1
80470;1
80476;1
80474;5
62139;3
72744;2
48004;3
71297;1
71298;8
65477;1
71293;4
59754;8
56902;1
56900;1
61528;3
72738;1
48591;1
89049;1
81346;3
71261;1
56000;1
76761;1
51673;1
72791;1
65402;1
87733;1
35961;1
34830;1
53784;3
54093;4
54092;2
56006;2
44384;1
56007;2
89041;2
89040;1
53799;2
73164;1
31510;1
87720;9
44377;2
71274;2
89982;2
65410;2
51661;2
35970;1
34840;1
61513;1
76755;1
48067;2
38382;1
38383;2
61508;3
38388;7
92117;1
35064;1
49620;3
89055;2
62185;2
65424;2
62695;1
76742;1
65420;1
62694;1
54078;2
48038;1
50526;1
54076;2
35986;2
38357;2
34850;1
91887;1
54071;2
48031;2
54075;2
59705;2
50517;1
54072;1
81331;2
51641;1
65434;1
62175;5
72783;1
49608;1
49609;1
50514;1
87707;1
50516;5
54089;2
89969;1
34862;1
91888;1
91897;2
48047;1
38362;1
54086;2
89070;1
77021;1
45472;1
90853;2
57576;1
91034;2
35036;3
51632;1
52691;1
78009;2
34871;3
88429;1
35922;4
34875;1
35921;3
35924;1
77028;1
77025;4
35928;1
77024;2
35927;1
50584;2
70457;2
63297;2
57567;1
82092;1
55190;1
35020;1
91027;2
30428;1
85910;2
34884;1
82093;1
35029;1
48538;1
64329;1
64320;1
63289;1
63286;1
64321;2
78022;1
91010;1
78020;1
77043;2
91018;1
48527;1
84222;3
50566;1
35949;1
78029;1
43983;1
90828;2
77832;1
35946;1
84225;1
77831;3
45458;1
35947;1
78023;3
55173;1
71216;8
78907;1
50558;3
35951;1
35004;1
78903;1
78017;4
78019;1
70447;1
48518;2
64341;4
77820;1
78909;4
48583;2
65482;2
90897;1
57533;4
90888;2
70499;1
88468;1
44304;1
70496;3
44302;1
78910;1
64355;2
63253;1
55999;1
78914;3
78913;1
46447;6
78911;1
55992;2
84242;1
91816;1
36527;2
55991;1
46445;2
57527;1
57526;3
88450;3
92196;2
91062;1
49194;1
84237;4
65494;4
61596;2
65496;5
45422;2
61592;1
78921;6
84230;4
36511;4
78927;1
46433;1
36516;1
38307;1
36515;1
77801;1
63248;1
91059;1
91054;1
78932;1
36507;1
77006;2
61562;1
64373;4
88446;1
43198;6
90867;2
77005;5
55971;1
84260;1
84263;4
78933;1
91042;1
92173;3
88430;3
55965;3
78940;2
61570;1
78943;1
35917;1
45403;1
64386;2
50590;1
61575;1
62620;3
84253;1
70484;1
84252;1
55961;8
78944;1
55964;3
77788;4
52764;1
53812;2
77786;1
78866;2
52768;1
53815;1
78864;1
28938;1
68685;1
68683;1
40425;1
41127;1
40423;1
40422;1
58227;1
78096;1
41957;1
74871;1
53800;1
30598;1
78851;1
58211;1
52757;1
78858;1
33887;1
86347;8
82160;4
85726;1
36304;2
36305;2
28949;1
45290;3
55118;2
28911;1
66515;2
66514;1
53003;1
36317;1
55111;5
85754;1
41144;3
41147;1
46470;2
42916;3
49031;1
40407;2
70618;13
70617;1
78070;2
70611;1
33868;1
66522;1
53016;2
33861;1
74899;1
53014;2
55102;1
82142;1
42911;2
85743;1
53010;1
68690;1
46480;2
49020;2
46483;2
68691;2
70609;6
41923;1
78081;1
70606;1
67662;1
66530;1
67661;1
55138;1
67664;1
82196;1
77748;1
55133;4
67667;3
45248;1
41904;1
58260;2
77744;2
66539;3
66536;1
30563;1
45249;2
77740;1
45245;1
40466;1
78053;2
86370;2
46493;8
82191;1
43118;1
55125;1
77756;2
67678;1
55123;3
70630;1
77755;1
86389;1
68637;2
28984;1
78063;1
80613;1
77769;1
52784;3
82172;1
85714;2
77768;1
80617;1
33831;1
52781;1
52780;1
68666;5
66550;2
33830;1
45266;1
69715;2
78885;3
70664;4
77766;1
78883;2
70661;4
28958;3
78031;2
45260;1
36352;6
55153;2
80622;1
82182;2
60211;1
52771;4
88505;2
55145;3
82185;1
85701;1
80606;1
69702;1
36367;2
80607;1
66564;1
67694;1
48744;1
60217;1
69703;2
77771;1
42002;2
28963;1
33824;3
78870;3
30575;1
60210;4
88501;2
43133;1
78044;2
41118;1
58234;3
41115;2
47582;3
54040;1
39973;1
80641;1
47581;1
75481;1
56866;2
56014;4
79147;4
67627;10
60242;1
79992;2
54914;1
75489;2
42016;1
83678;1
68603;1
74801;3
53065;2
68601;8
53896;2
73359;1
49801;1
69732;1
73356;1
53894;5
49802;1
80632;2
54030;2
54031;1
47590;2
39195;1
75491;1
67636;4
73341;2
73342;3
76664;1
75498;1
42022;3
73236;2
60237;1
39968;1
54038;9
69722;1
73346;1
67633;2
60234;10
36397;2
39992;1
80665;3
44170;1
29674;1
54928;1
76672;2
31671;2
81554;1
76671;1
42035;1
58285;1
58284;1
83696;1
67647;2
58281;1
79970;1
53875;1
74820;1
68620;3
39996;1
53873;2
49826;1
49823;2
80657;1
67644;3
60269;3
66595;1
54930;3
53094;2
54050;2
79133;4
39172;1
58278;3
39170;1
58275;1
42992;1
79963;5
60250;1
76682;4
54943;3
69749;1
42042;1
49839;3
79135;2
53864;2
81547;1
83686;1
56041;1
81546;2
76689;1
39988;5
74811;2
60258;1
69742;2
68610;1
42996;2
68613;3
74812;5
39989;1
89231;1
56822;3
42052;1
56056;1
44193;2
56827;1
56829;2
41162;2
79180;2
39141;1
69777;1
47549;1
73316;2
47543;1
74842;1
74843;1
74844;4
56054;1
76697;2
42054;2
83633;3
76696;1
44198;1
31694;2
76695;1
82113;1
54955;1
82115;1
31691;1
76692;9
59787;1
52709;1
59788;1
39150;1
39158;2
56816;1
80672;1
41981;1
80674;1
56813;1
73305;2
53033;2
89229;2
85768;3
56809;1
52711;2
42066;1
52710;1
54965;2
39927;2
53041;1
56846;8
41971;3
41970;1
39124;1
69792;8
41185;1
67601;1
69798;1
53047;2
79939;2
54028;1
54026;5
42961;2
83658;1
79930;1
54029;4
67608;3
81513;1
74861;1
75467;2
59769;1
29622;1
59763;1
83638;2
89207;1
53057;2
74854;1
73217;4
74855;1
53058;5
67610;1
69784;6
54012;3
74853;1
34103;2
54983;2
74859;1
54016;2
60294;1
82104;1
54987;5
29627;1
75471;1
67615;4
83641;1
67616;9
56086;2
34938;1
51572;2
83703;1
64298;1
64297;1
75410;1
79908;4
47631;2
62776;4
62029;2
37957;8
62028;3
37951;1
51577;3
75417;1
38434;1
61646;2
51579;2
37952;1
49776;1
39110;2
80595;4
59866;1
90793;2
90792;10
62010;3
83714;3
51563;1
83713;1
62782;2
65354;1
34947;3
34940;2
47620;1
49765;1
79912;1
37940;5
71179;1
62019;3
92018;3
59873;4
83705;6
62795;1
71182;2
34912;1
62792;3
62041;2
62040;1
62043;1
83724;1
75439;1
47658;1
37975;1
37974;3
72634;1
59849;1
38450;2
38452;1
37970;1
34021;1
57614;1
83715;1
59840;1
57610;1
59846;1
44215;1
65332;1
64284;7
83736;1
65335;6
34926;1
83734;3
34013;1
47643;2
61676;1
61675;1
83729;6
59858;1
59857;5
72658;1
71128;6
65309;2
50403;1
34970;1
72655;4
63198;1
65301;1
63196;3
84305;1
62066;2
37916;1
49739;1
63199;2
73270;1
56100;1
56103;1
63192;3
29680;1
38475;2
56108;2
38477;1
35174;1
51529;1
51527;1
49724;1
51525;1
31616;1
61615;3
61613;3
38489;2
76618;2
73393;1
73392;2
63184;3
71132;3
81454;1
63187;4
62052;1
37908;1
81455;3
81456;1
63189;2
87952;1
63188;5
87054;1
73263;2
76611;3
34988;2
73398;1
73262;1
61605;1
34030;2
61606;3
38486;1
59837;2
61623;1
71145;3
37930;1
50426;1
34954;5
62088;4
56121;2
62085;2
89166;1
44267;2
44262;2
35190;4
56122;1
59803;2
38492;2
59805;2
38494;2
35198;2
35197;1
61618;1
79209;2
74902;2
34961;1
74903;5
87844;2
31639;1
31633;2
61630;2
71151;5
79201;1
79200;2
79203;1
87038;2
44255;4
87036;1
87037;1
56118;1
56117;4
35185;1
56119;7
48641;3
40495;7
91964;5
40493;1
78142;3
63150;2
45330;1
70558;2
63152;2
78147;1
45338;3
77714;2
48647;1
35134;2
87903;1
48642;2
87007;1
50429;1
49098;4
49093;1
49092;1
92097;1
57663;1
70566;3
50431;3
62098;6
70569;6
45320;2
84336;2
62099;5
45327;1
70565;1
45324;2
87012;1
78135;1
63145;3
33817;1
84332;2
87018;2
91965;1
35150;2
40479;1
63172;1
40478;1
57696;2
45359;4
90725;1
84328;1
63175;3
84329;1
48667;1
48666;1
35156;1
50467;1
48664;1
34997;1
46520;1
77736;5
34996;1
71109;3
55070;1
91996;1
35144;1
78111;2
77722;1
46516;9
50451;2
35147;1
64204;1
84311;2
51506;1
70583;4
92063;1
49047;1
55086;1
62730;2
88569;1
86303;2
70590;4
86306;1
49049;1
46549;7
65389;1
88561;3
65388;3
65387;3
63114;1
65384;3
58304;1
58301;1
92051;1
55095;1
62744;2
48677;1
65396;1
63103;4
64262;1
90756;3
57653;1
43095;1
57659;1
64237;3
46564;1
36409;1
64233;5
86321;3
63132;3
45311;1
57647;2
92075;1
65372;1
38422;1
48697;1
86315;5
84355;2
78805;3
86319;2
30502;1
63126;1
88577;2
88576;1
65376;1
50491;1
63123;2
84356;2
64246;1
50496;2
88575;1
50495;4
64244;2
55222;1
