62361;1
29507;1
29508;1
62360;8
75592;1
78358;1
78356;1
75596;1
79807;1
71897;1
52045;1
79808;1
86712;1
52041;1
63920;2
71894;1
52040;1
63919;1
36230;1
47210;1
63918;3
52806;6
58893;1
78369;4
86720;1
71881;1
75585;1
62353;2
88202;1
89336;1
90623;3
62355;2
62356;2
52036;1
34210;1
47205;1
79816;1
52031;1
46666;1
36243;1
36242;1
86719;1
46660;1
90633;1
91152;1
90632;2
52819;2
52029;2
62342;2
52028;1
62341;2
89343;1
50870;1
69648;2
85643;1
50875;2
36214;1
46674;2
63005;2
50878;4
46673;1
69642;1
85649;1
69640;3
58884;2
58885;2
58886;1
78374;2
58888;3
63015;2
86098;1
64599;1
58871;2
79834;1
88222;1
50882;2
36223;3
46688;1
86705;5
79839;2
62336;6
63906;2
40394;1
40399;1
78381;2
71090;2
58876;2
63028;4
47259;1
47257;2
63029;3
52000;2
69625;5
61822;1
63858;1
49302;1
63964;1
63020;1
78314;1
63024;4
87133;1
29546;1
63851;1
59912;1
63849;3
61817;1
61814;1
49317;1
63979;1
39636;2
63848;3
62317;2
46622;1
61835;6
62318;1
61834;2
64576;3
63033;1
79853;3
63970;3
45211;1
86079;1
63030;1
79851;1
58857;2
86074;3
86071;1
91194;2
59902;4
61800;2
47239;6
69602;1
63046;5
29524;2
85680;3
78331;1
79863;3
45223;2
69606;7
64566;1
78330;1
58847;1
40362;3
91168;2
63827;1
64558;1
50840;1
61812;16
66697;1
63822;14
39614;1
63955;3
63057;2
52800;2
64555;1
63054;1
63053;1
89397;3
79875;1
52803;1
40356;1
63948;1
66690;2
61804;1
59958;1
39663;3
49341;4
87172;1
59951;5
63062;1
41478;1
47290;2
59000;1
88276;2
79888;1
86796;5
70778;2
59003;6
43011;1
87175;1
53579;2
87178;1
35759;1
87177;1
86793;1
48867;1
55024;1
35755;2
53573;3
43723;1
55027;1
41463;1
48850;1
47282;1
41466;1
39675;2
59948;1
39674;1
47285;1
59947;1
79891;1
59019;1
59017;1
59016;6
63074;5
79898;2
86035;3
70783;4
63884;1
35749;1
53563;2
70780;4
39679;1
48855;1
60586;9
36295;1
36292;1
47270;5
47272;2
70746;5
80361;1
87150;1
87152;1
63870;2
59021;3
70753;3
66661;1
49324;1
63984;2
49326;2
63985;1
53555;3
63988;1
39647;1
43707;1
63874;5
55003;1
80357;1
39652;1
80358;1
47261;5
49331;1
59929;5
70757;1
59031;1
60562;2
86782;1
66657;1
35727;1
53547;2
70767;6
46606;1
63994;1
55018;1
49338;1
53540;1
55015;3
60565;2
60566;1
30689;2
55012;2
43052;2
49380;1
59994;1
70724;3
49386;4
35791;1
85627;1
60533;2
72987;1
72982;2
32942;1
86753;1
59992;3
59040;1
59042;1
32929;1
36280;1
52073;1
52071;4
52861;1
72976;2
85632;1
68105;8
48810;2
52075;1
72973;5
74492;1
70745;1
70742;1
74497;1
74480;1
87194;1
59977;2
49362;1
35771;5
53591;1
39680;1
41497;1
49367;2
60513;1
49368;2
52065;1
39689;1
86736;2
52873;1
86739;1
33520;1
72174;1
59065;1
66626;1
43035;1
52876;1
89303;2
43037;1
72178;2
48809;2
88255;1
87181;3
70718;2
41482;2
54196;2
49377;2
52051;1
53580;1
52055;1
32950;1
53583;2
60523;1
49379;1
54199;2
74474;1
87186;2
43021;2
52885;2
70723;2
59079;3
82248;2
74455;1
76105;2
72160;1
44534;2
65255;1
76100;4
68859;4
32975;1
72164;1
82240;3
68856;5
82241;4
72169;1
82242;2
68029;1
82243;1
76911;1
68026;3
44536;2
84474;1
30623;2
37493;5
80410;1
85092;6
37496;1
57761;1
82237;1
65242;1
66608;2
85086;2
37489;2
82231;4
60614;1
82232;1
85085;3
55753;2
81180;2
31435;2
84486;1
30611;2
37480;1
37483;2
56648;1
57778;2
57774;1
68836;1
76126;1
65276;1
44514;1
38528;1
38529;2
38522;1
44518;2
60602;1
84492;2
37474;1
56618;1
54271;1
37470;1
42260;1
65270;4
65272;1
59893;2
42255;1
59891;1
65265;2
82217;1
76117;2
74448;2
54287;2
54288;1
81163;2
76904;1
72137;2
65261;8
56623;1
56624;2
56622;1
68812;5
48778;1
38504;1
84435;1
53526;2
84434;3
43774;1
41429;1
43768;1
43769;2
74428;2
74429;1
30656;2
55793;5
68828;1
70694;1
74422;1
41439;1
48780;3
54260;3
80462;2
80463;1
70680;3
83320;1
70682;1
83328;1
53505;3
70683;1
30640;1
41407;1
71910;1
30633;1
53511;3
30639;1
84460;2
43742;2
53517;3
42299;1
53518;8
68804;2
83338;1
70677;4
68806;6
57793;1
70672;2
42297;1
42292;1
71908;5
68030;8
80445;1
80446;1
71901;1
50938;5
34173;1
37410;2
45130;2
29595;1
85016;1
37419;2
64530;2
54219;13
64535;4
64534;1
85013;2
76998;1
50945;1
64538;1
71039;1
83341;2
85014;1
71925;1
50929;1
67481;1
68094;1
68093;3
29585;1
68091;3
76172;1
76171;2
40349;1
85007;2
77623;1
45127;2
54229;1
81103;1
76177;2
84404;10
76175;2
85009;1
54228;2
67488;1
61744;2
34188;2
71028;1
83351;1
71932;1
92700;2
50918;1
61726;2
71934;1
84409;1
56698;1
71012;1
31487;1
84412;1
56691;1
84413;1
85035;1
64517;3
50922;1
61732;1
64519;1
61730;4
77657;1
71942;4
85030;2
85033;1
34155;2
40320;2
34162;1
84428;1
64521;2
76981;2
64520;1
76197;1
85027;1
76983;1
84420;3
71006;2
67469;2
85025;1
71008;1
71009;4
85023;3
34167;1
67464;1
61724;1
57721;2
57723;1
45176;1
91234;2
91235;2
85052;1
42248;1
71961;2
83383;1
81154;1
67456;1
75547;1
34138;1
61796;2
81150;2
76955;1
34137;1
76146;1
62396;2
78288;3
45177;1
77672;1
76130;2
45162;1
40303;3
40304;2
45163;1
57730;1
91221;1
46570;2
37440;1
67443;1
82273;1
65208;1
64507;1
61784;1
83397;2
71976;1
64506;5
42231;2
76136;3
77666;1
51472;3
56682;3
71065;4
81147;1
77662;1
76131;1
58796;1
91210;1
61776;2
68872;10
69576;1
85075;1
65239;1
34112;1
81131;3
82262;1
82266;1
77699;1
61771;4
81139;1
61770;6
78297;1
56663;2
85062;1
37420;2
85060;1
57714;9
46594;1
34127;1
85069;3
61765;1
46597;1
71046;1
82251;1
76948;4
37422;1
51457;1
68887;5
76156;1
51451;2
65226;1
45189;3
82258;2
44564;1
44565;1
56660;1
62388;3
69527;8
85523;2
69526;13
79703;1
51378;2
52146;2
79709;1
85528;1
71799;1
58094;1
52148;2
58097;1
78254;1
88332;1
64487;3
78258;1
71790;3
51375;1
89460;1
52949;2
47310;1
46793;1
85536;1
79717;1
85535;2
51369;1
33699;2
51360;1
75684;1
75685;4
78266;3
64471;1
52966;2
85531;1
85530;1
64475;1
71782;2
51365;1
58999;1
78262;1
78264;1
48901;3
88317;2
52164;2
87219;1
71775;1
39704;8
87216;2
52935;1
62241;1
88311;1
39708;1
78237;3
87212;1
52926;1
70809;1
46771;1
62238;1
52151;2
33678;1
34333;3
33677;1
36125;1
52944;1
51388;1
64497;1
85551;3
51381;1
64495;1
51384;1
87200;1
64491;1
64492;1
36120;3
46782;2
69550;1
40296;1
45104;2
85561;1
85562;1
87237;2
58055;2
79746;1
87238;2
63715;1
47357;4
39724;1
60477;2
39722;1
61915;1
58967;1
86184;1
59108;1
45118;1
60483;1
78221;1
86175;1
86174;1
35803;2
79756;1
87223;1
78226;1
64434;1
76892;1
46769;4
76890;3
87228;2
46766;1
60487;1
64439;2
76898;1
50958;2
67270;5
47341;1
67273;2
67272;2
44393;1
40235;1
91290;1
59116;4
89486;1
79722;1
79723;1
85586;2
87256;1
87257;1
37608;1
52125;1
34305;3
60498;2
46730;1
47377;1
61944;5
37600;1
39747;1
40266;2
47372;2
40267;1
40265;2
50969;1
87251;2
58986;1
69518;1
89497;5
37617;2
35825;1
86196;3
64450;1
39754;1
47367;2
37613;1
47369;8
64459;1
79736;1
67297;5
40250;2
67290;6
58978;1
86195;1
40257;2
58049;1
58048;1
58971;2
80241;3
58017;1
86140;2
87273;1
41330;1
47395;1
60429;2
36178;2
58929;1
46713;1
73943;1
86658;3
39766;3
47399;2
53675;1
35854;1
43828;1
53673;1
61055;3
61054;1
35858;1
61051;4
61050;4
30792;1
46714;2
30791;1
58027;1
87262;2
36183;1
58913;1
58917;1
36186;1
47381;2
46722;1
46721;1
66771;2
60444;2
60445;1
43837;1
46720;2
86131;1
79798;2
86665;2
70885;1
65084;2
58945;2
88393;2
70889;2
88394;1
65081;2
41355;1
41356;2
36198;2
36196;2
58947;2
35874;2
43844;1
86678;1
60458;1
88398;1
68902;6
79764;2
65087;1
65088;1
35879;1
58007;2
58009;2
90599;2
65094;2
41348;1
65090;2
38704;1
35867;1
63766;1
43858;1
49238;1
46702;1
49236;1
66793;6
43854;1
86689;1
86686;1
46706;1
60462;1
53688;1
65098;5
82402;1
36133;2
90582;2
61092;1
90583;10
80281;2
89426;4
63795;1
55818;2
55811;1
70831;2
72057;1
61095;2
86610;2
36137;2
35893;5
32113;6
52189;1
59180;1
52188;1
35897;1
59182;5
66743;4
52172;1
35881;1
80277;2
41366;1
35880;2
32836;2
59196;2
48914;1
74597;1
70843;5
61086;3
59199;1
32835;1
63780;4
73999;3
86624;1
36149;2
33652;3
32122;1
36156;1
41396;1
72070;2
59168;2
86632;1
52979;1
86631;7
48948;1
59164;1
52975;1
41392;1
85507;1
60411;1
85502;1
89409;1
60415;1
80299;1
41383;2
36161;1
52190;1
41382;1
86641;2
52988;1
86640;1
55829;1
72084;3
59172;1
85516;1
52981;1
85517;2
48930;2
60425;2
60424;2
54396;2
81295;1
72950;2
55843;2
38646;2
68958;1
74553;2
65155;1
56730;2
54392;2
44407;1
72019;5
81284;2
44409;1
65149;1
66703;2
65145;3
57870;1
42375;2
56741;2
57871;1
83409;1
56742;2
56749;1
49289;2
49286;1
72959;1
55862;1
31308;2
82364;1
65945;2
72933;1
68971;1
44411;1
74575;5
65133;1
84599;1
66717;1
53606;1
66716;3
66718;1
53604;1
77591;2
45097;2
77592;1
57884;1
57883;1
65939;1
38657;2
72039;4
72943;1
76802;1
53614;1
82354;1
77581;1
57898;5
72936;1
65961;1
83447;4
82300;1
83449;1
53627;2
82301;2
65198;2
65197;3
82306;4
84576;1
84574;1
30766;1
80314;1
80313;1
65195;1
65190;1
68923;1
43864;2
65973;1
83458;1
84588;1
86694;1
70792;1
83451;1
43865;1
55895;1
84582;2
54360;1
43890;1
43891;2
82325;1
84556;2
65981;1
84555;2
65178;3
82327;1
83427;1
31340;1
30781;3
43899;1
48897;3
68931;7
65988;4
80329;1
53640;2
48892;1
83419;1
83418;1
82318;1
65174;4
30774;1
65990;1
84568;3
83432;3
31352;1
38615;1
54381;1
56722;2
83429;1
82309;5
76081;1
45033;1
67350;1
83486;2
37515;4
83485;1
69499;3
67359;1
77536;2
37511;1
67353;5
67356;2
76088;1
62295;2
84539;2
76850;1
37518;3
45022;1
31370;1
40202;2
44481;2
44482;2
44483;3
77528;1
45933;1
76865;1
75614;1
61844;1
75618;1
54329;3
84547;1
77520;1
44487;2
44488;3
45930;1
81203;1
57806;1
34290;1
91313;2
61879;5
51303;1
81231;1
76877;1
37539;1
75623;4
77513;1
75621;1
84511;2
45017;3
81239;1
76874;1
44497;1
31383;1
29463;1
78190;2
71809;2
77507;1
54344;2
51315;2
61868;1
61861;2
51316;1
51318;1
81227;1
84524;3
76883;1
61860;1
81225;2
77501;3
81224;1
76057;1
84528;2
76882;2
76054;1
81222;3
38686;2
29491;1
38684;2
68990;1
38680;1
56772;2
76040;1
77573;1
61893;1
76048;2
65110;1
76049;1
62254;2
76811;16
61895;2
76812;1
71863;1
81252;2
34232;2
38671;3
78171;1
77563;1
45067;1
77566;1
44445;1
45974;1
75654;2
77568;1
44447;1
76036;1
62268;1
75656;3
61883;1
75655;1
75658;1
65106;1
81242;1
76826;1
37544;1
56798;2
77556;1
78169;1
62277;1
78168;1
76831;2
56790;1
42363;3
47409;1
62274;3
77550;1
76837;1
51348;1
65900;2
76839;2
47404;1
76838;1
45989;1
65902;1
91343;3
46693;3
69464;2
65908;1
46691;2
34262;1
91345;1
62281;5
77543;1
62287;2
54309;1
76014;3
45045;1
54303;2
69469;6
51357;1
42358;1
51359;1
65911;2
47411;1
76019;1
76018;2
29300;2
59204;1
27994;1
58622;2
67163;3
86909;1
86907;2
86908;1
79608;2
62568;3
50614;2
47015;5
33345;1
87379;1
78556;1
85465;1
78554;1
62563;1
52248;1
87374;1
52247;1
49551;1
49553;1
50617;1
71688;3
86925;3
79614;8
59212;1
85475;1
85217;1
85214;2
56396;2
58602;1
51292;1
40120;1
62549;1
67992;3
49524;1
47920;3
34402;1
46873;1
85223;1
51293;2
56382;4
78574;2
79622;2
78579;2
47926;3
40117;2
67153;3
85458;1
64798;1
86902;1
47930;2
62534;8
86903;1
52212;1
40937;1
52215;2
78587;1
51287;3
83192;1
51270;2
40953;2
40952;1
70922;1
51278;1
87336;2
87335;1
78597;1
51274;2
49508;1
49509;3
46896;1
86957;3
83196;1
71653;1
69426;1
85425;1
40176;1
52270;1
40173;1
71638;1
71639;2
58652;1
89570;5
70941;1
27941;1
50661;1
89574;1
86962;4
87324;1
67964;10
69433;6
71645;1
52278;1
69434;1
87327;1
86963;1
36005;1
85436;1
86964;1
83182;11
67181;7
86927;3
67186;2
53393;1
27971;1
83979;5
70025;2
67957;2
67958;2
84700;1
83988;1
27976;1
87312;3
89586;1
67189;1
52261;2
34442;1
70022;1
83981;2
71679;1
71677;3
34446;2
67954;5
40150;1
58638;1
53381;1
53382;1
67198;3
40982;2
67196;2
70911;1
80196;1
90406;2
62575;1
85412;3
86945;1
33331;2
52256;1
86948;2
71669;2
60773;2
89526;3
35557;1
47987;1
60777;3
88826;1
86996;1
50189;1
63693;1
86992;1
79688;1
70972;3
74266;1
70048;5
79683;1
70967;8
80189;2
39467;1
47981;15
92477;1
53365;3
35547;1
68346;4
66873;1
73897;1
60783;1
66874;2
88816;1
47997;1
53364;1
89531;1
60780;2
66877;5
70981;1
74257;2
79691;1
70979;1
47992;1
60755;4
53353;6
35530;3
60757;7
80904;1
53357;2
66863;5
60753;4
60752;3
66866;1
66868;1
50672;3
70949;4
47079;1
36011;2
80915;2
60766;2
78504;1
60765;1
40193;1
60764;1
36029;1
35524;1
74237;4
60763;1
47069;1
50150;2
86980;2
70964;1
66859;1
78501;1
90451;2
80158;1
80155;1
40198;1
78513;1
61198;8
79642;3
63651;8
32254;5
39424;1
47944;1
70083;2
62518;4
80145;2
73837;1
36076;2
36075;2
66070;2
82506;1
90489;1
90488;2
88030;2
88032;1
88047;1
59253;1
59252;1
63640;2
61188;1
88048;1
35508;1
70079;1
70078;2
62513;2
62512;2
80978;3
78526;1
47953;1
73849;1
47041;1
47044;1
80139;1
90477;2
59257;1
79665;1
70994;5
65894;1
74284;6
46835;1
65898;1
63639;1
63636;5
39409;2
62506;3
62500;1
61179;2
60797;1
41692;2
36052;1
41693;1
41690;1
80126;2
80951;1
80123;1
63629;2
74282;2
82503;1
79674;1
78542;1
59273;3
79673;2
79675;3
50197;1
78547;1
53307;4
82500;2
87388;1
47977;1
70093;1
66066;2
78549;1
66067;2
39417;1
88835;1
59270;3
63623;2
47970;1
80117;1
63618;1
73826;1
90495;1
74271;1
87381;1
65053;2
54490;1
37294;1
80213;1
66160;3
92521;1
80212;1
60815;2
38741;1
38743;1
73934;2
55544;2
82441;1
72367;2
43539;2
61146;2
44735;2
38746;1
84671;1
76303;1
82442;2
72362;4
61141;1
43534;1
37280;2
80224;2
80225;2
41670;4
80221;1
75708;1
73917;2
60810;1
84681;1
36962;1
36965;1
61159;1
31238;1
44748;1
55550;2
44745;2
75710;2
84684;1
30892;1
66800;2
81958;2
65071;6
68282;3
66142;1
35482;2
35481;1
68287;4
37272;5
84696;1
30886;2
61125;1
44715;1
84693;3
54479;3
44716;2
61128;1
84691;1
72344;6
84690;4
54476;1
30154;1
65076;1
76324;2
76323;1
30158;1
81963;2
61122;6
61123;1
81969;5
41654;1
41651;1
36099;3
80202;1
36095;1
68275;2
31215;1
65857;6
43504;1
65855;1
65853;1
61130;4
65852;1
76310;1
55536;2
81972;1
81974;1
36947;1
36949;3
60858;2
41620;2
76344;1
74210;1
65013;1
65014;1
82487;1
44770;4
44773;1
43578;24
57072;4
65824;1
37257;2
36999;3
60862;4
61104;4
68252;4
56408;1
41629;1
74223;1
66844;2
44785;2
55518;6
43560;1
50144;2
55514;1
65004;2
37247;5
31902;1
37248;9
68255;1
39494;1
37234;1
39495;1
37232;2
38762;1
57984;4
30194;1
82464;1
72387;1
57094;1
77499;2
36979;2
66813;1
72380;3
35447;1
65806;1
37239;2
36973;2
60843;1
43557;1
82463;1
38767;1
37235;2
35442;1
60827;2
68232;4
65808;6
68231;1
57992;1
41610;1
76350;1
77480;1
44762;1
42499;1
65023;1
66821;1
50124;1
60833;1
38756;1
65810;1
72379;1
36985;3
74209;2
64732;4
83144;2
85298;1
67923;3
83148;1
75783;1
67924;4
75782;1
51223;3
54417;3
51220;1
56430;4
71716;2
69350;5
85291;2
34371;1
57969;1
37212;1
37205;4
64743;1
83154;1
67931;1
67206;1
83155;1
83156;1
64748;3
83158;3
42472;1
67207;1
83159;1
75796;1
51231;1
51232;3
84604;1
84602;1
75792;4
58589;2
58588;3
56448;2
56442;1
91461;2
57973;1
57970;3
57971;1
71725;2
71728;3
71729;2
91468;1
56449;2
91467;2
85280;2
45848;1
51202;2
57050;1
45842;2
44798;2
77458;1
75762;1
83169;1
58558;1
57059;1
57943;1
56416;1
83175;1
45859;2
69323;4
83177;1
82492;1
84627;2
82498;1
67917;1
54404;2
77445;1
67912;4
54407;2
57046;2
58568;1
76391;2
56425;2
76392;1
57958;2
34361;1
83105;5
84632;1
84634;1
31263;1
84637;2
84638;1
54454;1
31997;1
36912;2
55583;1
57926;8
91436;1
30145;1
84642;1
64786;1
28613;1
81950;1
54469;1
28611;1
84647;1
85242;1
54467;4
67243;3
72311;1
61989;6
69389;1
36923;1
61983;2
83111;1
69386;4
69387;4
81946;12
85496;1
42421;1
84659;2
83127;1
77414;1
84655;5
85494;1
75723;1
31974;1
64759;1
77418;1
64758;3
45802;3
83122;1
61971;3
75721;16
77416;1
85279;1
72306;2
34393;1
69376;5
91410;1
56455;1
85490;1
81916;1
81915;1
81918;1
29331;1
64762;1
54448;1
85484;1
30123;1
85482;1
56461;1
55573;1
83132;1
30127;1
30128;1
84660;1
67226;7
85260;1
91401;1
71709;1
33282;1
81924;1
81922;1
57910;1
47111;2
50706;1
46064;3
46991;1
67020;1
57208;1
49400;7
40007;1
59348;1
87470;1
57201;1
52349;1
62420;1
85105;1
71595;1
64684;4
51179;5
79503;1
40808;1
49404;1
79505;4
47119;1
49402;1
47117;3
49401;5
46992;2
34523;1
52342;1
62409;2
46050;4
67030;1
40824;1
51160;1
56492;1
40816;2
34515;1
87462;1
51164;1
64673;2
59354;1
62416;1
85338;2
47109;1
49414;2
62418;2
62413;1
34513;1
67039;2
85112;1
46083;1
40025;2
50729;1
46086;4
40021;2
50726;1
85343;3
62443;1
51197;1
39501;1
47136;1
34545;2
34542;1
52361;1
67055;1
40011;4
67054;1
67053;2
58737;1
58736;1
40802;3
58733;4
58730;1
42521;1
59332;1
51183;1
78441;2
62431;2
52359;1
62432;3
64692;2
46983;2
71568;2
62434;1
50744;7
47127;1
86804;1
67058;1
62439;2
39518;3
67057;1
84816;1
84815;1
59308;3
59307;1
58768;1
58769;2
80082;10
86806;1
40045;2
86812;1
51138;2
52382;3
33444;1
86816;8
70141;2
62467;3
52387;2
78498;1
62462;1
40862;1
31080;1
40869;1
91491;1
46099;1
80079;4
86820;1
71545;1
86826;1
34557;1
71548;3
70138;1
70137;12
51124;1
87424;4
78473;1
78472;1
78471;1
70119;1
34582;1
67081;1
70120;1
86838;1
85309;1
34589;1
86836;4
85302;1
51159;1
54501;1
33429;1
54502;1
84800;1
87455;1
62481;2
70127;4
85300;2
62487;1
54508;3
40845;3
58777;2
50788;6
86848;2
69313;2
86842;1
69315;2
86843;1
50787;1
34576;1
62472;2
70111;2
70188;1
88137;1
72295;1
46914;2
50045;1
74360;1
50794;4
86851;1
88925;1
60633;2
35652;1
60630;1
39567;3
63558;5
39569;1
70186;1
32351;1
80048;4
80049;2
47193;1
60626;2
40892;1
88919;2
49488;2
40894;2
80045;5
40896;2
40897;1
72291;1
72290;1
70177;2
50033;7
74350;1
68208;7
46925;1
74352;1
66970;2
36773;1
86866;1
53462;1
36775;1
53464;1
53465;1
68202;1
36779;1
53467;1
47187;8
80033;1
39570;2
47183;1
49490;4
63571;1
86873;1
89640;1
90319;1
73766;1
73765;4
70165;1
46003;1
86877;2
39585;1
40877;1
80065;2
79578;1
88124;1
74372;3
63561;1
38906;1
66999;2
53486;2
68224;1
73779;5
80056;1
35660;1
39592;1
40096;1
65777;1
39528;4
65779;1
46029;1
46952;1
53434;2
46951;3
63513;1
46026;1
73700;1
47158;1
35613;3
46025;1
82614;1
38919;1
61295;1
61291;2
82604;1
82607;2
47153;2
46020;2
49444;1
38026;1
63504;2
63507;1
59390;1
35601;1
46013;1
53423;2
46016;1
47147;2
46015;1
78421;1
82625;1
61287;10
59393;1
82620;1
41566;1
61280;1
88185;1
38015;1
90372;1
62401;1
47179;1
46047;6
39548;2
60699;1
65795;2
82633;1
38939;4
79520;1
58702;1
58700;2
58701;1
82628;1
41599;2
90362;5
41598;1
49460;1
58706;1
80029;2
46045;2
46042;3
41592;1
89615;5
53444;2
32388;1
46941;1
79538;4
73736;1
79534;7
79536;2
79531;24
53446;1
82645;2
82639;2
90351;1
80010;2
47163;1
47162;3
38059;1
69297;1
38054;5
81834;1
36819;1
76203;1
36816;5
61243;2
36815;2
82547;1
76201;1
36814;2
75039;1
76207;2
61249;1
81098;1
68151;7
69286;1
38064;4
38062;2
88091;1
61251;8
72211;4
82537;1
44600;1
44601;2
61255;2
75024;3
38965;1
65738;1
81084;2
43625;2
72214;1
44606;2
38966;1
38971;1
38860;1
66908;1
77395;1
88087;1
77394;2
81859;3
90279;2
84799;1
75013;1
44610;1
84796;2
75012;1
43654;1
72242;1
60700;3
44617;1
82560;1
82562;1
75018;4
66048;3
84793;3
68174;6
38043;2
38980;2
75829;1
92633;1
28530;1
66919;11
77381;2
66918;10
81867;1
82559;1
75005;1
36849;9
82555;1
65752;1
72234;6
65756;2
36842;2
74309;1
38049;2
38986;1
44627;1
55671;1
38095;2
29299;1
28563;1
77373;1
35562;1
60717;3
37351;1
38880;4
43679;4
77375;1
43674;1
66936;1
82586;2
44630;3
43677;1
55604;1
30079;1
66935;1
76246;1
81886;2
56502;1
29288;1
56500;3
37341;1
56507;1
37343;2
76238;1
35579;1
36865;4
61215;5
30953;1
30952;1
82572;2
74329;3
55611;2
82571;1
50006;6
37347;1
60711;3
82576;1
82574;1
76232;3
81894;2
72254;2
45774;1
77368;1
74322;1
63598;1
45778;1
79491;1
41501;1
77351;4
56510;1
81076;1
35586;1
36878;3
68146;1
72284;4
66954;1
61222;1
79497;2
50013;1
77354;8
41512;2
56523;1
43680;3
41517;2
68132;1
56526;4
35595;2
81063;1
38899;5
50026;2
68134;2
79487;1
76212;1
74345;2
45799;1
44665;1
55639;2
50023;1
76211;1
77341;1
76286;2
75881;1
62494;2
76288;1
54516;5
77331;4
54515;1
45720;1
84733;2
71625;1
27928;1
71624;2
34479;1
54512;1
30918;1
34470;1
58679;2
84728;1
76282;1
75890;1
84748;2
76276;3
44684;1
77323;1
42572;2
58680;3
57164;1
44689;3
84741;2
85189;2
83292;2
85187;1
69206;1
37304;1
42579;1
54521;1
64601;1
30908;1
71627;1
84738;1
57153;5
54539;1
81034;1
44693;1
83262;2
64612;3
30947;2
54533;1
69234;3
69233;4
29273;2
56556;2
84707;3
75090;1
83278;1
84722;2
27914;1
81027;1
78399;2
76254;1
31196;1
37325;1
37326;4
37329;1
71612;1
77305;1
77306;1
45759;1
27915;2
83276;1
85166;1
45757;1
56567;6
75085;1
31190;2
83244;2
64636;8
85376;1
54557;2
42541;2
85375;3
54559;1
31122;1
85159;2
56570;2
83246;1
84777;1
29211;4
75853;1
83253;1
75854;2
42538;1
64648;1
85144;2
30009;1
85141;1
52306;2
64641;1
85364;1
57121;1
75069;1
57124;1
75061;1
57127;1
45707;1
91549;4
72205;1
75867;2
30019;1
75864;1
84751;6
83225;1
52316;5
30012;1
45701;1
54579;3
56590;4
31144;1
56599;1
57118;1
56598;1
29237;1
57115;3
54588;1
45717;2
45718;2
50810;2
69267;5
36805;1
52324;1
85128;1
85386;2
76295;2
81829;1
81828;2
69264;6
50809;6
62915;1
62916;1
37096;2
80744;1
37098;2
46155;1
37097;3
37092;3
58369;1
33956;1
70305;20
82763;3
75186;2
82761;1
59495;1
28834;1
52426;1
59491;3
75189;1
46156;1
69125;1
73616;1
63409;1
37087;2
62908;1
28056;1
82747;1
37081;2
77183;2
77186;1
58356;2
40799;1
58353;5
82750;3
33944;1
75983;3
66208;1
33949;1
82757;1
80725;1
84894;2
66203;1
32496;1
80723;1
78757;1
75989;1
63417;1
62911;1
80728;1
66201;1
55493;1
37074;1
33020;1
69144;3
55492;4
36692;3
69140;1
37079;1
67781;1
29000;2
75162;1
75160;5
75970;1
28858;1
82745;3
82744;1
78786;1
68523;2
80717;2
84098;1
84099;1
75976;1
68521;5
90260;1
69151;2
75170;1
75172;3
29017;1
57235;2
37060;1
57234;1
43471;1
84875;1
57230;1
58370;1
33966;1
43476;1
43479;1
84878;1
75177;3
74042;1
68516;1
67795;2
55488;2
67794;3
75965;1
84871;1
69158;3
84870;5
88604;1
29952;2
53906;3
53907;3
40763;1
41024;1
36670;3
33080;1
35304;1
68585;4
73653;1
74788;2
71512;2
84860;9
63447;4
74018;1
35300;1
63449;2
73658;2
46118;2
29959;1
86471;1
63441;2
53127;2
74783;2
82722;1
74782;1
82704;3
40756;1
82703;1
82708;1
28016;1
41800;1
40755;1
84848;1
41036;1
34592;1
41031;1
51906;1
35316;1
74778;2
73642;5
63457;4
36688;1
78714;2
78715;1
32454;3
33985;1
84858;1
57292;1
84854;2
53139;2
63453;2
40788;1
53929;1
41009;4
41836;1
68561;1
41002;2
41004;1
63427;1
32489;1
36657;1
53103;1
84840;1
29932;1
50393;1
53932;1
63422;1
30243;1
84844;1
50396;1
55459;1
78743;1
90222;1
58335;1
41822;2
84826;1
41017;1
41824;1
68551;2
40770;1
32478;1
63438;1
86469;1
74001;2
78730;2
58332;1
78731;1
86467;1
84836;2
86464;2
46109;1
44099;3
81631;1
54612;2
60186;1
73695;1
29999;1
79289;2
75103;4
75106;2
41061;2
47688;1
83771;2
44869;1
83772;11
32421;2
75907;3
41066;1
59416;4
56199;8
81627;1
59412;1
44095;1
43412;1
54628;1
53941;3
40707;1
54627;2
44851;1
44858;1
83760;4
73686;2
39259;1
67734;5
75117;1
60178;4
75116;2
74737;1
74738;1
55424;2
37774;1
66287;1
41840;3
74729;2
41077;1
47693;6
81615;1
59407;3
41847;1
81616;1
40710;1
67705;1
67704;2
81613;1
83753;1
67708;3
32448;1
87547;1
37743;2
66257;1
67701;1
53973;1
74722;1
29082;2
41044;1
47661;1
41048;1
74717;1
59433;2
41875;2
30281;1
29974;1
81604;2
40727;1
87555;1
83745;2
74716;2
37755;2
44838;1
87558;1
37753;2
44834;2
74710;2
41053;4
39277;1
29094;1
53151;2
40733;1
59425;3
41863;1
41866;1
38193;1
59428;2
40736;2
40737;4
38192;1
69169;13
67767;2
69168;2
66238;2
53992;1
42646;1
66231;4
43449;1
42644;1
75957;4
42645;1
65615;1
75142;8
42643;1
75143;1
79249;2
31791;1
31796;1
75145;2
81678;1
43440;3
75950;1
56154;1
81676;1
59450;1
38182;2
59455;2
74092;1
59458;2
41894;3
80783;1
75942;1
76569;1
60134;1
75943;2
60138;3
66242;3
56161;2
65600;1
59440;1
59441;3
44897;1
79257;1
43450;2
92440;5
78790;2
79250;1
66240;2
38178;1
38175;1
28096;1
69176;1
43427;3
32400;3
80759;8
41084;1
44889;1
67745;2
80757;1
49922;5
66215;1
46178;2
75123;2
81656;1
66217;1
44886;1
83798;2
67747;1
44887;1
56138;1
79263;3
56136;2
79262;2
38162;1
37782;4
46170;1
75927;2
53196;1
49930;1
41091;1
49931;1
67752;2
37796;2
65624;1
60112;1
66225;41
44877;1
44878;1
80747;1
66224;1
49937;1
44873;1
81642;2
83788;2
44043;4
29059;1
28078;1
69199;1
37790;1
38153;1
38152;1
69197;2
69196;5
64194;1
31037;1
76523;1
64199;4
37816;1
37818;1
31036;1
81585;1
31032;1
38138;1
47733;1
67004;3
91657;3
49875;1
76529;1
38139;1
50300;2
54690;2
51092;4
51096;1
72560;8
79328;1
72563;1
81598;1
54697;3
67012;4
42688;1
54696;1
67014;1
81594;2
34602;1
76514;1
49851;6
35295;2
56224;1
65665;1
42650;1
65660;2
47719;1
54684;1
49859;3
72538;1
72535;1
81560;1
49854;1
54687;1
42656;2
76507;1
89739;5
35285;1
56218;2
48394;3
35283;2
48286;1
35282;1
79341;2
71496;1
42662;2
34629;1
42664;1
81579;4
71490;7
42660;2
34622;1
44119;1
51884;2
54677;4
72508;1
48383;1
47771;1
48384;2
61305;2
47779;1
61306;6
61307;4
44108;1
70294;5
37858;1
64989;1
45637;1
48259;2
64980;5
31077;1
64158;2
92394;1
39200;7
48370;3
48375;1
61316;1
72522;1
60997;1
47764;1
44822;1
44823;1
44821;1
64163;1
64168;2
54657;1
83855;1
64171;2
83815;1
59501;3
39232;1
39233;1
48360;1
47752;2
48238;2
66188;2
54644;4
47756;2
79318;1
37832;1
66189;1
83823;1
54646;2
60196;3
45612;2
62894;1
45610;1
62891;2
59513;3
83828;1
83826;1
59510;4
39220;1
39221;6
66172;3
64949;3
59519;2
44800;2
79307;1
87504;1
47744;2
44805;2
77212;2
54636;3
47748;1
47749;1
64950;1
89765;2
64185;13
89766;1
63497;1
84931;1
77224;4
61340;3
45678;2
51000;1
70258;1
64940;3
86444;1
37005;6
46206;1
64118;2
64945;1
52498;1
34678;6
36766;1
51008;1
48349;1
71425;4
84002;2
68493;4
68496;9
35232;2
45670;2
50372;1
50370;1
64120;9
34684;1
37015;1
64930;1
48336;1
64128;4
71435;1
62884;2
45669;1
48227;1
51818;1
34681;2
63480;2
77230;1
64134;7
50365;1
84913;1
63472;1
70237;2
70234;1
51021;1
63474;1
64132;2
63479;1
71405;1
82690;3
36745;2
86428;5
84025;1
35217;2
48327;3
51812;1
62854;3
62855;1
51810;1
84021;3
62858;3
51809;1
51807;1
58418;2
84903;1
78701;2
77255;3
50350;1
77257;1
36738;1
68489;1
51801;2
51802;2
61338;2
64910;3
62868;1
61337;1
64911;2
48315;2
61339;1
71411;1
64905;3
77252;1
84914;2
84915;1
77251;2
52450;5
48304;7
48302;2
50349;1
36724;1
61388;2
86408;3
82677;1
51872;3
61382;1
82675;1
77260;3
35273;1
37045;1
62828;1
52460;2
62846;2
82681;3
52463;1
51866;1
34646;1
50338;2
61395;5
70222;1
70221;1
36718;1
52469;3
34649;1
88655;2
82684;1
77273;1
33909;1
37051;1
35264;3
35263;6
88648;1
35259;1
62812;1
50322;1
34653;1
50324;1
77289;2
33921;1
52479;1
57310;1
77285;1
57316;4
62805;1
37020;1
62820;1
34667;1
34668;1
64108;5
64107;3
62822;1
77297;1
82663;1
33934;2
71452;2
70200;2
82667;1
45688;5
37031;4
78660;1
37195;3
69023;1
36571;1
36572;1
36574;1
52560;1
30327;1
88713;1
74685;1
70400;3
82866;1
52567;1
30321;2
78661;1
90911;3
52566;2
74151;1
43346;2
69938;6
78666;4
90145;3
58499;2
77081;13
82849;1
43359;2
84992;1
84990;1
52553;1
82854;3
77995;1
52558;1
82856;2
52557;3
77990;3
43355;1
78654;1
84998;11
57365;1
57366;1
40688;2
70416;3
36593;1
80865;1
66314;1
69005;1
88735;4
68422;1
69007;1
85953;1
69008;2
85954;3
70426;1
78645;2
77078;2
70421;1
88733;2
78640;1
82886;1
77062;1
90123;1
40676;3
52531;1
55387;4
66320;1
82872;1
74691;1
82871;1
77068;1
78635;1
82873;1
90924;1
48507;1
74696;1
28725;1
70411;2
53216;1
73507;1
84171;2
76491;1
41716;2
74112;1
84962;1
41706;1
74114;8
74640;1
29813;1
50274;1
58462;2
86574;2
85972;1
58463;3
52527;1
36531;2
85973;1
55337;1
46215;1
73516;1
46218;4
84178;1
53224;1
33194;1
40659;2
74124;1
82811;2
86582;6
85961;1
84956;1
58453;1
57392;2
78610;1
84957;1
86588;1
86585;1
58451;5
84954;3
84955;2
50289;1
68435;3
36543;2
36548;2
74633;2
85967;1
36546;1
53234;1
74634;3
36547;2
36550;1
36551;4
80820;1
81703;3
40647;1
58443;1
81709;1
86596;4
50297;1
84983;1
35428;6
85990;1
73530;1
29109;2
73533;4
78607;2
84982;1
53246;3
73537;1
35420;1
80818;1
80817;1
40630;2
68450;1
58439;1
58437;1
85981;1
74651;4
40629;1
81700;1
74655;1
63335;2
36568;1
68453;1
68454;1
80800;3
85987;2
63339;1
37620;1
87667;1
37621;3
75208;2
37622;5
83087;2
60971;12
42706;4
60049;3
73554;5
76457;2
67826;6
76456;3
83875;1
76453;2
67827;2
39380;1
41755;7
39381;1
53261;1
37633;1
83860;1
67833;1
37636;2
54727;1
29844;1
87673;1
40608;4
67836;2
67839;1
83865;1
83866;1
41742;1
29842;1
41748;1
59548;1
47793;5
47792;3
53271;2
83891;1
83892;2
67842;1
83068;1
83061;1
60952;1
54731;6
37643;2
66398;1
55319;2
76473;3
54734;3
76472;4
81756;3
74620;1
59536;3
41734;1
69082;1
83060;1
37641;1
53280;2
66391;2
69089;3
67854;4
73569;2
83073;1
76484;2
73560;1
83888;1
76485;1
32537;1
81742;1
44973;3
41726;1
37651;1
83070;1
53294;3
74608;2
60957;1
69098;9
81778;2
75247;1
76411;1
59594;1
73590;2
43303;1
89034;1
60930;3
76418;2
89805;1
67860;10
80879;1
60003;5
76417;2
65519;1
69066;6
80884;2
80885;1
37660;1
41795;1
69064;7
60925;4
38289;3
41799;2
79382;2
74194;1
74190;1
59582;1
81760;1
73580;1
69969;6
89025;2
42731;1
66342;5
67876;5
73589;4
67877;2
60937;1
37674;2
80871;1
89022;9
28786;1
79395;1
78689;1
59574;1
42762;4
76434;2
79368;3
78684;1
76433;1
56274;2
76439;1
80899;1
92309;1
81790;1
43329;3
60901;3
92310;1
69044;7
69990;1
56276;1
43336;1
78679;2
81785;2
54702;2
42753;1
76446;1
67898;6
66367;1
73015;3
69989;2
73016;1
43337;2
69986;1
43338;1
41763;1
67890;1
69981;4
37690;1
81779;2
38291;2
59569;1
41765;1
75270;1
56342;1
64091;1
72416;1
89859;7
31842;2
64888;1
47833;1
64889;2
71368;2
81680;1
83018;2
64885;2
71364;1
47838;1
65544;1
34736;2
34737;1
83908;2
79462;4
38243;1
38244;1
39300;1
83002;1
39303;1
81691;2
51766;2
81692;1
72424;1
64878;2
79469;1
65554;1
83008;1
89840;1
83005;1
65551;1
65550;2
83003;1
49993;5
48173;7
38259;1
31869;1
51798;1
34710;1
47851;1
65528;2
76404;1
89878;1
31863;1
76401;1
34716;1
34715;1
71381;2
71383;3
79458;1
79457;2
89871;1
91799;2
48183;1
51787;4
87601;2
64087;1
71390;1
79447;1
65534;1
71397;5
65533;1
71394;1
39356;1
64051;1
73072;3
64050;1
83937;2
54766;1
87632;1
70398;3
60079;1
70393;4
48489;1
70390;2
38201;2
66294;1
48470;1
59637;1
65590;1
59636;2
73060;1
64063;13
60081;1
34708;2
47869;1
34706;2
89883;4
54758;3
60891;6
73063;1
89885;1
44920;4
60086;1
65593;6
89887;1
37705;2
60087;1
83044;2
87628;1
60894;1
37701;1
79428;1
47867;2
47865;1
38204;2
47866;4
44926;2
47890;4
73092;1
37739;1
65560;1
83961;2
65561;2
44930;1
60881;1
64862;4
60095;6
87654;1
54789;2
54786;2
83031;1
44938;1
64865;2
45519;1
54782;2
67810;5
37734;1
60884;4
45515;1
39338;2
60885;1
59619;1
31829;1
39320;1
38222;1
83026;1
45502;1
64047;2
83978;1
44949;1
61439;1
87647;1
79407;2
65579;1
64856;1
87645;1
39328;2
61434;2
83970;4
60873;2
64857;1
61433;7
37723;2
62974;1
61443;2
61448;1
61447;4
86541;1
86544;1
70357;3
84147;1
72493;1
77126;1
62969;2
68350;3
68353;2
62985;1
35325;1
36610;6
86535;2
86534;2
64025;2
64022;2
88796;1
61450;1
70365;3
77138;1
84137;1
70367;1
58546;2
90094;1
90093;2
37125;2
48468;1
46326;1
36641;4
77109;1
36645;1
64825;2
45556;1
63376;2
61464;1
61461;3
63372;1
63371;1
77102;1
33217;1
86566;1
51927;1
35350;2
37124;1
77926;1
50257;2
91701;1
46315;1
51700;2
64815;2
46312;2
48106;1
64814;1
70385;1
84110;5
61473;3
70387;2
70388;11
51918;4
58524;2
71308;6
63393;3
82775;1
71320;4
72450;3
82772;1
77953;1
82778;1
88766;5
71327;1
86506;1
50207;1
91719;1
34775;1
48404;1
62933;3
37148;1
34774;1
62932;2
33236;1
77959;1
62934;1
55280;1
91720;1
57435;2
90959;1
51988;1
71330;1
61492;2
63383;6
90955;2
70322;2
55297;1
61499;1
71337;4
77943;2
51726;1
62940;2
34789;1
51722;1
35365;1
62936;6
62937;1
37152;1
58504;1
90960;1
57427;1
57426;1
45599;2
77974;4
72471;1
47818;1
70331;5
71342;1
88784;2
77970;1
82794;1
71345;1
86524;1
71343;1
36600;1
86527;2
34755;1
77978;1
62950;2
86529;1
71347;3
37164;3
35396;2
47807;4
47808;1
45587;2
48412;1
86515;1
30306;2
30308;3
48413;2
71358;1
33242;2
71359;3
50217;1
62961;1
52587;1
51739;2
37176;1
91753;2
57444;11
85878;1
46357;1
41260;1
54100;2
54103;2
55237;2
73416;1
54102;1
78965;2
43289;1
82014;2
86236;1
52624;1
82966;1
63200;2
52621;5
40518;2
40528;1
79084;4
79081;1
78959;1
73403;2
32692;1
55222;3
46366;4
63215;2
84284;3
78956;1
84285;1
55953;2
78958;1
55954;1
85860;1
78953;1
43298;1
30498;1
40517;2
82949;1
84280;3
46363;1
36411;1
43911;2
33775;1
55213;1
84296;4
36414;1
36415;1
43914;1
33771;1
36417;2
36418;1
30487;1
43266;1
55927;1
52649;1
43269;1
52647;1
85851;2
85850;1
49135;1
40540;1
49133;1
86229;2
78979;4
36427;1
68797;1
36425;1
85846;1
36426;3
43276;1
78972;1
43277;1
82048;1
28233;1
41259;2
67594;1
67593;1
69838;2
82059;1
57481;1
90816;1
66437;1
57484;1
68783;6
82051;1
49119;2
82055;1
60349;1
36476;2
69835;1
43249;1
49114;1
68781;1
91102;2
57486;1
58128;2
41229;1
45380;2
58125;2
40566;1
45385;1
82069;1
77891;1
78996;1
57492;4
52659;2
82068;1
58110;2
52657;2
78994;3
78993;1
30457;1
85823;1
30458;1
60335;1
48626;2
68778;1
82067;1
40551;2
41231;1
55909;2
58116;1
41239;1
58115;1
67548;1
30441;1
43951;1
64301;2
82981;1
82078;2
69813;1
83595;1
55256;1
85814;1
77866;2
67546;1
83594;2
82071;1
46373;2
40580;2
36452;2
57466;5
57467;6
83586;3
77873;1
48606;2
66426;1
69808;1
83588;2
52678;1
82970;1
43236;1
86266;1
69800;1
67553;10
66420;1
60311;22
52672;1
43947;1
67557;8
48605;2
46388;3
46384;2
36463;1
46382;1
36464;1
45374;1
45372;1
58139;1
79001;1
29794;1
39043;2
39872;2
39048;1
39873;1
53753;2
47487;1
39875;1
67522;3
80536;1
68740;10
68745;3
74947;2
58166;1
43202;1
81432;3
42156;1
44299;2
68748;3
42881;1
76798;1
53756;1
67526;13
42153;1
49706;1
73496;1
29784;2
58157;1
74929;1
66480;1
74927;1
80531;2
69860;1
60378;1
54178;1
39865;1
67531;1
66484;3
54820;3
67532;1
54821;1
79019;1
54823;3
75395;1
69869;2
42164;1
49717;1
81423;2
81426;1
42165;3
29771;1
81409;3
79023;1
79022;1
81408;3
39850;2
36491;1
47463;1
89919;4
74918;2
53770;1
73103;1
68722;4
80517;1
53773;1
67500;1
76778;2
31533;1
83553;2
67504;1
86295;2
67505;1
81412;2
53776;1
58189;1
89155;1
75364;1
42134;2
48071;1
29762;2
47475;1
38395;1
39079;1
38394;2
38393;1
74907;1
74904;2
56977;1
39076;1
32631;1
80507;1
66464;2
74913;1
54159;1
68713;3
66469;3
89934;2
69842;5
39844;1
60354;1
80506;1
53763;2
79035;2
89932;1
83542;1
42143;1
75374;1
69848;1
69847;1
89146;2
39003;1
33791;1
80587;1
72836;1
53707;1
59656;4
54856;2
53715;1
29758;2
83531;1
83534;3
73458;1
54144;1
47443;1
39007;5
54142;1
39837;5
54146;3
80575;9
42829;1
80579;2
56953;1
79052;1
29749;1
53703;9
83524;1
82911;1
83522;1
54869;2
89911;1
89912;1
42835;1
62125;3
72835;1
39824;1
54137;3
69890;2
39026;1
41283;1
74959;1
41288;1
80561;1
66493;1
79062;9
59678;1
59679;1
79065;1
31577;1
75321;1
53735;3
52601;2
54836;3
87784;2
54834;2
53739;1
53736;1
52605;3
54832;1
85898;2
54124;3
37986;1
32685;1
74969;3
85897;2
66499;1
47422;3
47421;1
69896;1
72821;1
41280;1
69882;1
37992;1
72809;3
79071;2
79077;1
83501;2
53725;2
54118;1
32678;1
54843;2
39809;3
89102;1
60391;4
29728;1
39807;1
73427;1
85885;1
37996;2
69887;3
73423;1
62103;3
73424;4
39901;1
72753;1
81384;1
81383;1
38338;1
81381;1
38339;4
62677;1
62169;2
44349;1
39900;1
65443;2
39906;1
81388;1
59720;2
80490;1
92163;1
59726;1
59729;1
49672;1
39915;2
49666;1
81393;1
47524;1
72764;3
75306;1
44339;1
48027;4
48026;1
83611;1
83610;4
61550;1
81398;2
39919;2
34807;1
87764;1
83614;2
62151;1
34805;1
48025;1
89090;1
49660;2
44328;1
61521;5
34810;1
61522;4
49659;1
72731;2
62657;1
54889;3
51693;1
87751;2
81364;1
34819;1
73197;2
34813;2
51691;2
92140;1
80472;3
80473;2
62139;3
49648;1
72744;2
48004;3
38325;1
71297;5
59750;1
71298;3
71293;2
42099;1
59754;6
59753;5
49640;1
80484;1
56902;1
56900;1
61528;4
89049;3
71261;3
65402;5
51674;1
51675;1
51677;1
48059;2
50547;1
53784;4
35964;1
54099;1
48056;1
48055;1
35076;1
92128;2
89041;2
56007;4
44380;1
49629;1
53799;2
71270;1
31510;1
76753;2
87720;4
81353;1
44377;6
71274;6
65410;2
34849;1
35970;1
61513;1
76755;1
50535;1
34842;2
35977;2
38382;1
48067;3
38383;1
31509;1
38388;7
61508;3
92116;1
61507;1
49620;1
62185;3
65424;2
42893;1
81327;2
42891;1
65420;2
62697;1
54077;1
35986;2
35983;1
50523;3
38357;1
35057;1
54071;2
91887;1
48031;1
59705;1
54075;1
48036;1
35050;1
54072;1
81331;1
62175;3
51641;3
79108;1
81334;1
71251;2
65432;1
79101;1
49609;1
50514;1
50516;2
54089;3
71259;1
34862;1
54086;1
89070;7
59713;3
77021;1
45472;1
90853;1
91034;1
91863;1
35036;1
52693;1
35038;2
78009;1
52691;1
70451;1
88429;2
35922;2
35921;3
46400;1
35924;1
77028;1
70452;1
84206;1
77025;1
35927;1
63297;2
45461;1
90863;1
82092;4
30428;1
35024;1
51625;1
70461;1
77038;1
64320;4
70464;1
77039;1
77036;1
64321;2
78022;1
91010;1
91018;1
35011;1
84220;2
77835;1
48527;6
77839;1
78029;1
63274;2
70435;1
90828;1
48529;1
78023;4
78010;1
55173;1
55176;2
71216;8
35007;1
48516;1
78907;5
50558;3
35005;1
35951;2
35004;1
78903;2
78017;2
78019;2
64341;1
48518;4
78015;1
78909;2
48583;1
65482;7
90895;1
57533;1
63254;1
70496;3
45437;1
44302;3
78910;1
64355;2
55999;2
78914;1
78913;1
36520;2
46447;5
78911;1
55992;2
44305;1
36527;1
46445;3
46430;2
57526;2
92193;1
88450;1
49194;1
63245;1
65494;3
84237;2
65496;2
45422;1
88451;1
78921;2
45420;1
61592;1
61591;1
84230;2
36511;5
38307;2
84234;1
63249;2
63248;3
49168;1
91059;2
64370;1
78932;2
64379;1
35901;1
77006;2
36507;2
64373;4
61562;1
77007;1
43198;5
90867;2
77005;5
45417;2
36502;4
84261;2
84263;5
78933;1
48550;1
91043;3
55965;4
78940;1
55967;2
70485;1
61571;1
84258;1
61575;2
63227;1
62620;3
84253;2
84252;1
55961;6
48554;1
91800;4
53812;1
86332;1
77781;1
78864;1
82154;1
46459;1
68685;1
40425;1
40422;1
41957;2
78851;1
77798;1
52757;1
66507;3
33888;1
86347;5
86348;1
82166;1
68675;1
82160;3
68673;1
36304;2
36305;3
52752;2
28949;2
58213;1
40415;2
41947;2
45290;2
86354;1
82136;2
55118;4
52747;1
66515;4
36317;2
55111;10
84392;1
85754;1
42920;1
36312;2
36314;1
53000;1
41144;1
84391;1
46470;2
42916;2
49031;1
78076;1
40407;1
70618;11
78070;2
52739;1
55107;1
33867;1
52736;2
55109;2
33868;1
28926;1
86364;1
53016;2
74899;1
53014;1
55102;3
42911;2
85743;1
46480;3
68690;2
49023;1
46481;1
41153;2
42907;1
46483;2
70609;4
78081;1
78082;1
70606;1
55138;2
82196;1
77748;1
55133;2
67667;7
77743;1
58260;1
30563;1
45249;1
58262;1
41909;1
58265;1
45245;1
78050;1
40466;1
82191;1
46493;4
28161;1
43118;1
36346;1
55125;1
77756;2
67678;1
55123;7
43110;2
78892;2
78897;1
86389;1
28985;3
68637;1
43115;2
45251;1
85713;3
52784;6
85716;1
80616;1
52782;2
77768;3
80617;1
36356;1
68667;2
36355;1
68666;4
33830;1
45266;1
69715;3
82179;1
78885;2
70664;3
78883;3
28958;1
70661;3
33837;1
78031;1
36352;3
82182;1
52771;11
66566;1
48747;1
55145;3
88505;1
66562;1
85701;1
82185;3
69702;6
80606;3
69703;3
80607;1
67694;2
66564;2
60217;2
54901;2
42002;1
33824;2
28963;1
68659;1
77773;1
78870;5
30575;1
60210;5
30576;2
78044;1
43130;1
41118;1
40431;1
28172;1
47582;1
54040;1
47581;1
53061;1
56866;2
75481;1
56014;4
79141;1
81536;1
67627;10
79147;3
44158;1
60242;1
75489;1
79992;5
79149;1
44156;1
54910;3
74801;2
60249;2
69733;1
68601;9
83671;1
53896;1
73356;1
69732;1
53894;5
49801;1
80632;1
53071;1
39196;1
47590;5
36387;3
75491;1
44164;1
44160;2
81523;1
73341;1
32759;2
73342;4
76665;1
69729;1
73233;1
81520;1
36388;4
60237;1
39968;1
54038;11
69721;1
67633;3
58291;1
60234;2
36398;2
80665;1
44170;2
29674;1
76672;1
89256;1
73242;1
89255;1
58285;5
58284;2
76677;1
68620;1
53874;1
53873;6
49823;5
60269;1
67644;4
66595;1
68622;1
53094;3
81539;1
79133;3
39172;1
58278;1
79963;1
76682;2
54943;2
44188;1
73250;1
60254;2
79135;1
49839;4
81547;1
83686;3
56042;1
39988;4
54054;3
39986;1
80648;2
39985;1
42996;1
54058;2
68612;1
39989;1
74812;2
89231;1
56822;2
44193;1
56827;1
56829;1
47540;1
41162;1
69777;1
53022;2
47549;1
54950;1
73316;3
47543;2
47542;1
72700;2
53025;1
74844;1
76697;1
76696;1
42054;1
53029;1
83633;2
52725;2
76692;5
41985;1
59786;1
41986;2
41988;1
42060;1
59789;1
39158;1
56816;1
39157;1
80672;1
56815;3
39926;1
73305;1
47558;1
53033;2
53036;1
56809;3
52710;1
54965;3
39927;1
79166;5
59777;2
53041;1
41971;2
56846;6
41970;1
41189;1
39124;2
69792;1
72724;3
67601;1
54022;1
53047;1
74866;1
79939;2
54028;3
53045;2
79934;3
54026;3
83656;1
42961;2
54029;5
67608;9
79930;2
89211;1
81513;1
89214;1
75467;3
59763;2
80692;1
83638;1
41964;1
39137;1
80698;2
53057;4
67610;3
53058;3
73217;3
53059;2
54012;3
69784;3
39138;2
39948;1
85787;1
54016;3
37896;1
74857;2
72710;1
54987;1
29628;1
82104;2
60294;1
75473;3
67618;2
54989;1
75471;1
67615;4
83641;1
42089;1
67616;7
56086;4
65345;2
51572;4
83703;2
59861;1
64299;2
83702;1
75410;1
61641;1
79908;1
34006;2
62776;4
62775;1
37957;5
62029;2
62028;4
37951;1
75417;1
38434;1
61646;1
71168;1
51579;2
47637;1
37952;7
79901;1
38437;1
39110;7
69680;2
92021;1
59868;4
90793;2
90792;2
62010;8
54997;1
51563;1
87863;1
34948;2
65354;1
34945;1
47621;2
34940;1
54992;1
37940;1
62019;1
92018;1
69695;1
83708;1
83705;1
62795;1
44225;1
71182;4
51593;1
62792;4
62041;1
62043;3
75439;1
47658;7
37975;1
47652;1
72634;4
49792;1
59849;3
59840;1
57610;1
59846;2
44215;4
64284;5
65335;6
34926;1
83734;3
87887;1
51587;1
61676;1
72648;1
61675;1
83729;4
59853;1
92032;1
59858;3
59857;3
65309;1
72658;1
71128;3
50403;1
38479;2
72655;2
72653;1
65301;1
81441;1
63196;1
79238;1
62065;3
84305;1
62066;2
87044;1
73270;1
56100;1
56103;1
56104;1
56108;1
38476;1
38477;1
34044;1
51527;1
61610;3
76615;1
61615;3
73268;1
76616;1
61613;4
81452;1
62053;1
63184;1
71132;3
73392;3
81454;1
63187;2
72661;1
81455;1
62052;1
87952;2
63188;2
87054;2
73263;2
76611;3
73262;2
59834;1
59831;1
61605;3
34030;3
61606;1
38486;1
38484;1
59837;1
34067;2
71145;3
37930;1
71149;3
50426;3
34954;1
62088;1
34956;1
56121;1
87024;1
62085;3
89166;2
44267;1
87853;1
62080;2
56122;1
35190;1
59802;2
38494;2
35198;4
79209;2
74902;5
51546;1
74903;1
72686;3
34056;1
47600;1
31633;1
76636;1
71151;1
76631;3
79200;3
79203;1
76632;1
87038;1
44255;4
72684;1
56118;5
56117;1
35180;1
56119;5
61628;2
34053;2
91964;1
70548;3
84349;2
45331;1
78147;1
50448;2
84343;2
77712;1
35134;1
77717;1
48642;4
87007;1
49098;4
49093;3
92097;1
63143;1
50431;1
70566;3
45320;1
62098;2
70569;9
84336;1
62099;1
78135;1
63145;7
55055;1
35129;1
30522;2
35126;2
35125;1
87018;2
64227;1
91965;2
40472;1
35150;1
45352;1
40478;1
63172;2
57696;1
45359;3
78123;3
57694;1
90725;1
84329;3
50463;1
63175;1
50466;1
62715;1
35159;1
50467;1
48664;1
33014;1
46520;1
77736;3
87816;1
84320;2
84321;1
62711;1
77735;1
55073;1
71109;4
55070;2
91996;1
62717;1
63161;1
57686;1
77722;1
46519;5
46516;6
50451;1
62726;1
48653;1
35146;1
64204;1
50455;2
84311;1
77726;1
70583;6
87933;1
92066;1
65381;1
92062;3
57634;1
49047;2
55086;1
55085;1
62730;2
88569;1
70590;3
86306;1
46549;3
64256;3
65388;2
65387;5
50482;1
63114;1
88566;2
65384;6
58304;1
58301;2
92051;1
48671;1
55095;1
49052;1
62744;2
38408;1
78829;1
46536;1
62746;1
63103;2
88555;1
65396;1
90756;6
88582;1
57651;1
43095;2
49064;1
86328;1
62752;1
45317;1
35117;1
43098;1
88587;1
36409;1
62751;2
64233;1
86321;1
63132;1
45311;2
92075;2
92077;1
49075;1
48691;1
38424;1
48697;1
78801;2
50499;2
86315;3
50498;2
84355;2
35108;1
78805;3
86319;1
63126;1
88577;1
63123;1
84356;4
88572;3
64244;1
55222;1
