29508;1
62360;10
78358;2
78356;2
75596;2
52049;1
63922;2
52045;2
71897;3
63924;1
79808;1
69669;1
63920;1
52041;3
71894;2
50895;2
47211;1
78352;2
78351;5
52806;3
58893;2
78369;2
62353;1
75585;2
90623;3
62355;2
86725;2
63933;1
52037;1
69679;1
47205;1
52031;1
79815;1
36246;2
36242;1
46660;1
86719;1
91152;1
90632;1
58896;1
52833;1
75575;1
52028;1
62341;2
50870;1
52836;1
89343;1
71089;1
75571;1
50874;2
69648;3
46677;1
46674;2
46673;1
36217;1
69642;4
69640;8
58884;5
58885;4
52844;1
62332;1
64599;2
79834;2
50882;1
33577;1
36223;1
69658;1
63019;6
62337;1
86705;2
79839;1
62336;5
85658;2
40394;1
36221;1
40399;1
89350;1
58878;1
63028;6
47257;2
63029;2
39623;2
69625;5
52000;1
61823;2
61822;1
63858;1
63964;5
49302;1
69624;2
79842;1
87138;4
63024;3
87133;2
89369;1
78310;2
87130;1
59911;4
86081;1
40387;1
63849;4
61817;2
61814;1
59915;1
39636;1
63848;4
61835;3
46622;3
61834;3
63033;3
79853;3
64575;1
63030;2
79851;2
63840;1
87121;1
86074;2
91195;2
59902;2
91194;1
89374;1
89372;1
36200;2
47239;5
62305;1
77607;1
69602;7
63046;3
85680;3
63047;2
79863;4
64562;2
87115;1
87113;2
64566;1
69606;4
45223;2
58848;2
40362;5
58849;2
50840;1
63825;1
46647;1
61812;13
63822;10
52800;2
63057;5
29536;1
77611;1
69617;1
63053;3
79870;2
78341;1
50836;2
63948;1
61804;5
41477;2
58829;2
39663;1
59958;6
49341;2
59954;2
63062;1
80382;2
47290;1
32018;1
70778;2
86046;1
86796;6
43721;1
59003;4
63894;1
43011;2
63892;2
35759;3
63068;2
39666;1
39669;1
35755;1
66689;1
63897;1
43728;1
48863;1
53573;1
49348;1
48865;1
49349;1
47284;4
66670;1
48850;2
39675;1
47285;1
59947;1
59943;1
59019;1
59017;2
59016;4
86035;2
63074;3
70787;1
70783;4
70781;2
53563;1
70780;4
39679;1
60586;11
48855;1
43736;1
43009;1
55037;1
36295;1
36292;1
47270;5
36297;1
47272;1
70746;5
59026;1
87152;1
32926;1
59021;4
66661;2
55005;1
63984;1
53555;3
43704;1
43707;3
63874;4
63988;3
55003;1
41440;1
80358;1
39652;2
52095;1
47261;2
49331;1
59929;3
41447;1
70757;6
60562;1
35727;1
86012;1
70767;5
86014;1
66652;2
55018;1
53540;2
55015;3
55016;1
60565;1
53542;1
60566;1
43715;1
47268;3
55012;2
28496;1
70724;3
49386;3
49385;1
52089;2
60533;1
72987;1
85626;2
86755;1
72982;2
48820;1
86750;1
32942;2
59992;1
59043;1
43042;1
52071;2
52861;1
72976;1
48810;1
68105;10
72973;2
74492;5
32931;1
70745;3
48819;1
70742;2
74497;1
66635;1
74499;1
43031;1
36250;1
49362;2
52061;1
41497;1
49367;2
60513;1
60512;2
39688;1
86736;3
41491;1
66623;2
74487;2
48809;3
72178;1
88255;1
70718;4
80391;1
59966;2
41482;3
41481;1
85607;2
54196;1
49377;1
52051;1
53580;1
52055;4
53583;1
53584;3
52057;1
85616;2
54199;1
41480;2
52888;1
35769;2
59075;1
87186;1
52885;3
43021;1
86742;1
43027;1
59079;1
70723;1
65252;1
42286;2
82248;5
31423;1
74455;1
76105;3
72162;1
65255;2
42285;1
76100;4
68859;2
72164;1
68856;6
82240;4
84472;1
82241;3
81195;1
82243;1
68026;4
76911;3
44536;2
44539;1
54293;1
80410;2
85092;3
37496;3
44545;1
82237;2
65242;1
42277;1
66608;1
37489;2
82231;2
85086;2
85085;1
82232;2
55753;1
81187;2
76927;2
44549;1
30611;1
84486;1
76922;3
76918;1
56648;3
57778;1
57774;1
32998;1
65276;1
55729;1
82229;1
60602;1
54278;1
48798;1
56618;2
56619;2
37470;2
65270;4
65272;1
59893;2
68846;1
82211;1
59891;1
74441;1
76117;1
74448;2
81163;1
54289;1
35698;1
76904;2
72137;2
81164;1
65261;8
59895;2
56622;1
68812;5
55787;1
84432;3
54254;1
31468;1
68819;1
82205;1
84436;3
53526;2
84434;2
65290;1
41429;2
80457;1
68065;1
74409;1
74428;1
55797;2
30656;2
55793;2
83313;1
68828;1
74422;1
31478;1
83318;1
72111;1
88198;1
41436;1
48780;2
56608;1
54261;2
80462;1
80463;1
31449;1
70680;6
43757;1
53505;3
84459;2
57782;2
83323;1
84457;1
30640;1
53501;2
41400;1
68044;1
80434;1
71910;1
54244;3
54243;1
53511;1
74405;1
30639;1
84461;1
84460;3
43742;2
83339;1
42299;2
53517;3
53518;5
70677;4
68806;2
57793;1
70672;1
57792;1
42297;2
71908;9
68030;9
80445;2
80446;5
71901;1
50938;2
71919;1
37410;1
45130;1
76185;3
29595;1
85016;1
71030;1
61750;1
37419;1
85019;3
81111;1
54219;7
37412;1
64535;2
64534;6
51422;3
85013;3
85012;1
71039;1
83341;1
68093;6
68091;4
76172;1
40349;1
75510;1
77623;2
45127;2
85005;1
81103;1
84404;4
85009;6
54228;3
67488;1
71028;2
83351;1
85003;1
61726;2
29577;1
40315;1
45153;2
85039;1
84411;2
31487;1
56691;2
64517;3
76976;4
85037;1
61730;2
71942;4
77657;1
64512;2
61736;3
61733;1
50909;3
40322;1
40321;1
76190;1
45143;1
84428;1
76981;2
64521;2
64520;1
83377;3
84425;2
85027;1
45149;1
84420;4
71006;3
64529;1
83373;1
71009;3
85023;1
34167;1
61724;3
67464;5
57723;1
45176;1
37450;1
85052;1
71961;3
76959;1
67456;1
85057;1
61796;1
76955;1
34137;3
81150;1
76146;2
78288;2
62396;3
42242;1
61790;1
44580;1
40303;1
57733;1
40304;4
46573;1
38571;1
91221;1
46570;1
37440;3
85041;2
65208;1
64506;7
61781;2
71060;1
77666;1
76136;4
56682;2
71065;3
65201;1
75551;2
51475;2
76131;2
45192;1
58796;1
77692;1
58797;1
61776;2
75526;1
68872;11
69576;3
85075;3
81131;1
65239;2
67433;1
82269;1
77695;1
62373;1
58793;1
42224;1
82266;3
44556;1
77699;1
61771;2
81139;1
61770;2
65230;1
62375;2
78297;2
56666;1
45187;1
78293;1
85062;2
46590;1
85060;2
57714;9
38554;1
46594;1
46599;1
46597;1
71047;3
71046;5
76948;1
82251;1
71049;2
68887;8
51451;2
45189;1
65226;2
82257;1
78298;1
81129;1
77687;2
81126;1
65222;1
62388;2
79704;1
69527;11
69526;10
79705;1
51378;4
58092;2
71799;1
79709;1
88336;1
52148;7
58097;2
64487;2
64486;1
75694;4
78258;4
51375;3
85521;1
71790;3
89465;3
52948;1
47310;1
85536;1
79717;4
33699;1
85533;1
51360;2
52963;1
78266;2
64472;1
78267;1
64471;1
78268;1
79711;1
85530;1
51365;4
71782;1
47335;2
34349;1
48901;2
36119;1
88317;2
87219;1
52164;4
39704;3
52935;1
85541;1
88311;1
62240;1
90519;1
51390;2
52926;1
70809;4
71765;1
69553;1
62238;1
52151;1
62239;1
86603;1
64497;2
51381;1
64495;2
64491;1
52938;1
52937;2
52939;1
36122;1
36120;7
61907;1
69550;2
35813;1
45104;2
29403;2
87237;4
58055;2
78215;1
39727;1
67266;1
87238;1
79749;3
67268;8
63715;2
52102;1
47357;4
91287;1
67262;1
40248;1
59104;1
58967;1
90501;1
45118;1
60483;2
78221;1
87220;1
79750;1
35803;1
44396;1
87224;1
46769;1
76890;4
52924;1
87227;2
87228;3
67279;1
64439;2
67270;4
50958;1
58957;1
67273;1
67272;1
91290;1
59116;1
86172;1
78220;1
85585;1
87257;2
62201;1
37608;1
34305;1
45911;4
60498;1
47377;1
52120;2
61944;1
39747;1
37600;1
63728;2
40265;1
87251;1
64453;1
89497;5
78200;1
81316;1
86196;1
39754;1
47367;2
35823;1
47369;5
46740;1
63726;1
37612;3
79736;1
63719;1
67297;4
47361;2
40250;1
67290;8
40257;1
58048;2
58971;2
80241;3
58017;1
86140;2
87273;1
36174;3
47395;1
36178;1
60429;5
80243;2
73943;1
39766;3
53675;2
30797;1
35855;1
53673;1
61055;2
61054;1
53677;1
61051;6
86148;1
61050;1
30792;2
46714;1
87262;1
36183;2
58914;1
47383;1
58917;3
49213;2
80231;2
47381;3
46721;1
63747;3
66771;1
60444;1
60445;1
46720;1
47389;1
43836;1
53666;1
86131;1
59153;1
48958;1
53668;2
33617;2
70888;1
79798;2
59154;1
87267;1
65084;1
58945;1
65085;3
87295;3
70889;3
88393;4
61070;1
88394;1
65081;5
41355;1
36199;1
39781;1
48982;2
58947;2
53695;1
60458;1
35872;2
61073;6
68902;4
79764;3
68907;1
79763;1
86670;1
35879;1
58007;4
65095;1
58009;2
39795;1
35867;1
49238;1
48975;1
49236;2
66793;10
86689;1
86686;2
82401;1
46706;1
86684;2
60462;2
38709;2
65098;1
86608;1
36133;1
35891;3
90582;3
61092;1
90583;3
80281;3
52996;1
89425;1
88378;1
89426;7
72053;2
63795;1
55818;3
70831;2
86610;2
52184;1
36137;1
35893;1
32113;6
52189;1
63799;1
59182;5
52994;1
35898;2
41363;1
36141;1
80275;1
80277;1
35881;3
35880;2
61081;7
88382;1
59196;1
74597;1
70843;3
61086;3
59199;1
63780;3
32835;2
36147;4
73999;3
35886;1
33652;2
60406;1
36156;1
72070;1
86630;1
89400;1
86125;1
86124;1
59168;4
86631;8
52979;2
72074;1
48948;2
59164;1
85507;1
41392;1
55830;1
89409;1
86636;1
43801;2
66762;1
60415;1
36166;1
52190;1
36162;1
86640;1
52988;2
72084;2
59172;1
85516;1
52981;1
48930;1
60425;3
60424;4
81293;1
38649;1
72953;1
54396;1
81296;1
55843;1
81295;2
72950;1
38646;1
68958;1
32876;1
74553;2
42382;1
56730;2
54390;1
56735;3
37594;1
37593;1
54392;2
44407;1
72019;3
72015;1
82330;1
72017;1
44409;4
42378;1
82339;1
66703;3
42374;1
57870;1
56741;2
57871;1
56749;2
49289;1
55862;1
38667;1
65945;1
31306;1
68972;1
65947;1
68970;1
74575;5
31300;3
65133;1
66717;2
66716;1
53606;2
53604;1
65941;1
77591;3
45097;3
56756;2
57884;1
72928;1
72039;4
65129;1
31315;1
38658;1
44426;1
38659;1
44422;1
42398;2
77584;1
82354;3
65950;1
77583;1
57898;1
56760;1
45083;1
65961;3
83448;1
53627;2
82301;3
65197;1
82306;1
84576;2
48877;1
30765;1
83442;3
54357;1
54355;1
74509;1
72905;1
65195;1
65190;4
43863;2
68923;1
65973;1
31331;1
70794;3
74522;2
55894;1
70792;4
83451;1
53632;1
68920;5
84582;1
74529;1
54360;1
65184;2
65181;1
74531;1
82325;1
84556;1
65981;2
84555;1
61023;2
83426;2
83427;2
31340;1
30781;2
68931;15
65988;2
80329;4
80328;1
74534;1
32060;1
83419;1
83418;2
41306;1
65174;4
83434;2
31355;2
84568;1
65990;3
31352;1
82311;1
84560;2
38615;1
80343;2
56722;4
83429;1
82309;5
76081;1
45033;1
67350;1
34272;1
37515;1
83485;1
84530;2
77536;1
67359;2
45925;2
67354;2
67353;10
67356;3
62295;2
76088;2
84539;2
37518;2
76070;1
31370;2
45022;5
44483;1
61838;1
75611;1
45935;2
76865;2
67344;1
67343;3
54329;2
44487;6
84548;1
45029;1
44488;1
29448;1
81203;1
34293;1
57806;1
91313;1
75619;1
75628;1
83460;1
61879;3
81231;1
37534;1
75623;1
77513;1
45017;3
84511;3
76874;1
81239;1
81238;1
44497;1
45014;1
81234;1
71809;5
77507;2
54344;2
51315;6
61861;1
51316;2
75635;1
67369;1
64429;1
45955;1
83474;1
84523;1
84524;5
76883;1
76884;1
81225;1
77501;4
81224;1
76882;1
81222;3
42310;1
38686;1
29491;1
68990;5
56772;7
77575;2
51320;1
65112;1
77578;1
61893;4
44436;1
61891;1
45964;1
76049;1
69456;1
76811;20
75646;1
69454;1
61895;4
76812;1
71863;2
38688;1
75649;2
91326;1
29482;1
91324;1
91320;1
38671;2
56784;1
65105;1
77563;1
77565;1
62265;1
75654;1
67306;1
61882;2
45974;1
76036;1
75656;2
77569;1
67302;1
82370;1
67301;1
65106;3
37572;1
67339;1
77556;3
76831;1
42363;2
62274;7
47409;1
67331;1
51348;1
76839;1
47404;3
47402;1
65902;1
46694;1
46693;1
69464;4
78156;1
75673;1
62287;1
54309;1
76014;2
81263;1
69469;3
51357;1
47414;1
65911;2
76019;1
67163;1
86907;1
86908;1
34426;1
62568;3
47015;2
63613;2
85467;1
85468;1
52241;2
79605;1
62563;2
47907;1
87374;1
27999;1
67173;1
50617;2
33352;1
52232;1
71688;1
34415;1
86925;2
46864;2
85476;2
79614;1
40918;2
59211;1
85216;1
85217;2
85214;1
56396;3
51292;1
58607;1
80992;1
67992;11
49524;3
34402;1
67999;1
56382;2
78574;1
85228;1
59236;1
40941;1
40117;3
78582;1
40945;1
47932;1
64798;1
46885;1
47930;1
62534;5
80998;1
40937;1
85450;4
52215;1
87341;2
78588;2
85453;1
51289;1
87347;2
40954;1
78591;1
40953;1
78599;1
78597;3
49508;1
49509;4
86958;1
69422;1
46896;1
83197;2
46895;1
83196;1
69426;1
40173;2
40174;1
71639;3
58652;1
89570;5
51267;1
89574;1
86962;1
62597;2
69433;9
67964;20
67963;1
69434;1
86963;1
67960;1
85436;2
83182;8
36004;1
67181;5
86927;1
91366;1
40167;1
67186;2
40165;1
83979;6
40972;1
70025;4
40969;1
67957;1
84700;1
67958;5
27978;1
71671;1
62582;1
83988;1
84702;1
83987;1
87312;3
70028;1
34443;1
67189;3
85402;1
83981;1
71677;3
34446;1
67954;1
40150;1
58638;1
67198;2
40982;6
67196;3
70911;1
62575;1
85410;1
34433;1
85412;4
86945;1
83990;1
52256;2
83992;6
71669;1
66887;1
35557;1
47987;1
50189;3
63693;1
70975;1
80929;1
86995;2
70048;12
70972;4
79682;2
70967;3
47094;1
80189;2
60769;1
47096;1
39467;2
47981;6
60786;1
53365;3
68346;1
80934;1
66873;1
66874;5
73897;1
80936;1
47997;1
53364;1
79699;1
89531;2
88006;2
66877;1
79697;1
74257;1
79691;1
47080;1
39472;1
47992;2
68340;3
60755;3
35533;1
53353;6
60757;6
35530;1
35531;1
39447;1
66863;11
60753;1
35534;2
60752;3
66868;1
50673;1
50672;1
80163;1
70949;3
47072;2
80166;2
36011;2
80915;3
78505;1
60766;2
46800;1
60765;1
40193;2
70054;1
36029;1
35524;1
60763;1
74237;1
70052;1
47069;1
86980;1
78503;1
86981;1
50155;1
70958;4
90451;2
80153;1
52292;1
40198;2
61194;1
61196;1
61195;2
61198;4
79642;5
63651;12
32254;2
63656;1
39424;1
80967;1
73847;1
47944;1
62518;8
80145;3
36076;1
66070;1
39423;1
82505;1
80142;1
88032;1
59253;1
59252;1
61188;2
62513;3
68300;1
62512;2
80978;1
46820;1
73849;1
80981;1
80139;2
59257;2
90474;2
79665;1
70994;5
74284;3
65898;1
62503;1
65899;3
63639;2
62506;1
63636;2
62505;1
62500;1
39402;1
60797;2
41692;2
47033;1
36052;1
41693;4
80126;3
41691;1
80951;1
73818;1
80123;1
41697;2
63629;1
74282;3
61170;1
59273;3
78542;4
79673;6
82504;2
79675;1
82500;1
53307;9
78547;1
66066;1
70093;1
66892;4
66067;5
59270;2
46840;1
47026;1
73826;1
66062;2
74270;1
74271;1
50190;1
87381;1
37291;2
65053;1
54490;3
80213;1
66160;2
92521;4
80212;5
41663;1
60815;1
55544;5
54499;1
72367;1
61146;2
36956;1
43539;1
44735;1
76305;1
81985;1
76301;1
65059;1
72362;2
61141;1
43534;2
41676;1
41679;1
68295;1
37283;1
80224;1
41670;1
66152;4
75708;1
60811;1
55555;1
75714;1
50107;1
36965;2
31238;1
44745;2
75710;1
30897;1
66800;1
30892;1
30893;1
43522;1
82433;1
81991;1
66805;1
81958;1
65071;6
68282;5
66142;4
35481;1
68287;5
30886;2
61125;1
61126;3
84693;2
66149;1
61128;1
44716;3
54479;4
60801;1
84690;1
76324;1
76323;2
61122;4
81963;1
44711;1
81966;2
81968;1
81969;4
36099;1
35493;2
80202;1
36095;1
68275;1
37263;1
80205;1
31215;1
44725;1
76316;1
43504;1
65857;4
72334;1
82412;2
65853;4
82411;1
61130;2
30163;1
81972;1
55536;5
61133;1
60858;4
41620;1
38782;1
41626;2
76344;1
65013;2
65014;8
82487;1
77473;3
76340;1
43578;29
57072;2
76341;1
37258;1
37257;1
60861;2
30863;1
60862;1
61104;2
82481;2
68252;2
56408;2
60847;1
77469;1
41629;2
55518;1
44785;4
66844;3
76330;1
50144;1
65004;4
61118;1
37248;2
65836;1
39494;1
39495;2
37231;1
57984;3
57981;1
57986;1
45883;3
57094;1
82468;1
36979;1
76367;1
72380;3
50117;1
68245;3
38764;1
36973;1
82463;1
37235;1
38767;1
60827;3
36980;1
65808;1
68232;8
41614;1
57992;2
41610;2
57998;1
50120;2
66827;2
42499;2
44765;1
76357;2
57990;2
76358;1
35457;1
60833;1
50124;1
82452;1
65810;2
68239;1
72379;1
82450;1
64732;3
85297;1
83144;2
69356;1
76389;1
67923;4
77434;1
67924;5
75782;1
54414;1
51223;2
58573;1
51220;1
58574;1
51221;1
56430;1
69350;3
85291;1
57969;4
51236;1
37205;6
64743;1
85284;1
67932;1
67931;1
83154;1
64748;4
30101;1
83158;2
42472;4
67207;4
58584;3
84604;1
51232;4
54427;1
64742;1
58589;1
58588;4
56448;4
56442;3
56443;1
57971;1
71725;2
71728;1
56449;1
34385;2
75767;2
75766;1
51204;1
42469;1
45849;1
44798;1
77458;1
42460;1
75762;1
75761;1
58558;1
34352;1
56416;1
57949;1
64727;1
82490;1
69323;7
82492;1
83177;2
64723;4
84627;2
67917;1
54404;1
77446;3
67912;6
54407;4
56420;1
29369;1
57951;1
57046;3
76391;1
56425;3
34361;1
84632;1
84634;1
81943;3
54458;1
84635;1
84637;2
84638;3
54455;1
31997;1
85257;1
55583;2
36912;1
57927;1
57926;3
91436;2
36927;3
56484;1
83116;1
84642;1
36925;2
52206;3
54469;1
28611;1
61989;1
45839;2
72311;2
67243;9
69388;1
61983;1
67248;1
83111;4
69385;1
91421;1
69386;6
69387;2
81946;9
84657;1
84658;1
42421;1
55569;1
85493;1
77414;1
85492;2
75720;1
84654;1
77413;1
84655;1
31974;1
75723;2
85277;1
77418;1
77416;1
61971;1
85279;1
75721;14
72306;1
85273;1
85272;1
72302;1
34393;1
69376;7
56455;1
85490;2
58597;3
81916;1
58598;1
29331;2
84668;2
85484;1
29326;2
83132;1
85268;1
54442;1
30127;2
75733;1
30128;1
67226;4
75737;1
45816;1
85260;1
91401;1
57912;2
71709;2
33281;1
81924;1
57910;1
50706;1
47111;3
46064;3
57208;2
49400;1
59348;1
40007;3
27892;1
40814;1
85104;1
52349;2
59340;1
62421;1
64681;1
78453;4
27899;1
64684;5
71595;1
51179;4
79503;2
40808;1
34520;1
47119;2
79507;1
49402;2
46999;2
79508;2
67029;2
34523;1
62409;1
46050;3
67030;2
59357;1
40824;1
78462;1
40816;2
87462;1
78463;1
78467;1
59354;1
85337;1
85338;1
62416;1
47109;2
46058;1
67039;2
34513;2
40025;1
40021;2
50729;1
46086;1
87493;1
58747;1
40028;1
85343;1
59320;1
78434;1
51194;1
34549;1
47136;2
39501;1
50730;2
67053;3
40802;2
58733;5
59331;2
87488;1
78441;2
62431;4
85350;1
52359;3
64692;3
46983;2
52354;5
71568;2
62434;1
50744;6
67058;2
67057;2
31094;2
58763;1
84815;1
31095;1
58765;1
59307;4
78493;2
58768;6
58769;2
80082;2
52380;1
40045;3
67066;1
51138;1
52382;1
33444;2
86816;1
70141;4
52387;1
78498;4
78499;1
78496;1
51134;2
73780;3
84805;3
40869;3
59318;1
46099;2
86818;1
40034;2
80079;3
86820;1
86821;1
87428;2
51129;1
86826;2
33453;1
71548;3
70137;10
87424;5
78473;1
78471;2
58784;1
70119;1
34582;1
67081;1
86838;2
85309;1
62488;1
71533;1
85302;1
51159;1
33429;1
54502;2
62481;4
70127;6
84802;1
85300;1
62487;2
78477;1
40827;3
58777;3
50788;3
40050;1
69313;3
69315;2
50787;2
78485;1
70111;3
51142;1
89667;3
88137;1
46914;1
50794;2
50043;1
86851;1
50796;1
53473;2
60633;2
88925;2
63558;1
70186;5
39569;1
32351;3
32350;2
80048;4
80049;1
60626;2
40892;1
80045;1
49488;1
40896;2
90341;1
72291;1
72290;1
63540;2
66976;1
70177;1
50033;1
68208;4
74352;1
66970;1
86867;1
33413;1
36773;1
53462;1
50039;1
60644;2
53465;3
66973;2
68202;1
47187;2
80033;1
47183;2
90319;1
79568;1
86873;1
79566;1
46003;1
40877;1
79561;1
80065;6
79578;1
88124;1
74372;6
86884;1
63561;1
50051;1
38906;1
63562;2
74378;1
66999;6
88125;1
66992;1
73779;1
80056;1
39592;1
40096;1
86897;1
65777;1
46954;2
46029;2
46952;3
46951;4
53434;6
60673;1
63513;2
53433;1
46026;1
88967;1
46025;4
79544;1
86890;1
82612;1
50084;1
82614;2
88172;1
61291;4
82604;3
46020;4
49441;1
49444;2
63509;1
38026;2
47151;2
63504;1
38924;1
35601;2
46013;1
89639;2
46016;1
47147;1
61287;6
82625;1
59393;1
78420;1
60681;1
82620;1
74396;1
74390;1
88185;1
38011;1
38015;1
47179;1
62401;2
46047;5
39548;1
60699;3
35632;1
82633;3
63532;2
46939;1
35638;1
38939;5
58702;1
58703;2
58700;2
65790;5
58701;2
90362;4
49464;1
41598;1
58708;3
49465;1
46042;5
41592;2
80008;1
89615;2
47168;2
53444;2
78407;2
32388;2
70193;1
79538;2
89618;2
46941;2
43613;1
63528;1
79534;4
79531;22
53446;1
90349;1
59371;3
80010;1
47163;2
63519;2
80015;1
38059;2
38054;2
72222;1
36819;1
76204;1
75035;1
76203;1
36816;3
82545;1
36815;2
61243;3
36814;1
76207;1
66028;2
61249;2
43637;4
68151;4
68153;2
69286;4
38064;2
88093;1
88091;4
82528;1
61251;12
83219;1
72211;1
44600;1
61255;1
44601;1
36827;1
30998;1
81083;1
81084;1
43625;1
44606;1
90270;1
68181;3
88086;1
41545;1
77395;1
88087;1
77394;3
81859;2
90278;1
84799;4
84796;1
36836;1
43653;1
43654;1
72242;2
44617;1
60700;6
82560;2
75827;2
82562;2
55667;1
75018;5
75820;1
66048;2
55661;1
75823;1
84793;1
80103;1
68174;5
28530;1
66919;7
88074;1
66918;6
82559;4
36849;7
75001;1
77385;1
81872;1
72234;1
36842;1
55675;2
65756;3
36841;1
38049;1
74309;5
55674;2
61278;1
36846;2
55671;3
74305;1
38095;1
35561;1
35562;1
60717;1
37351;4
38880;1
38098;1
81051;1
68124;1
43679;1
92659;1
81883;3
76243;1
82586;2
81884;1
77377;2
44630;3
43676;1
76242;1
30079;1
66935;3
81886;4
29288;1
37343;2
92655;1
60703;1
61215;2
36865;3
30953;1
74329;3
74328;2
50006;1
37347;2
60711;2
82576;1
82577;1
28556;1
81894;2
76232;4
45774;2
72254;5
66946;2
61210;1
81897;1
74323;1
77368;2
81899;1
79492;2
77351;1
38071;1
56510;3
38076;1
81076;1
65702;1
60745;2
35585;1
50015;1
76229;1
36878;1
68147;2
36876;1
68146;3
72284;1
66954;2
76223;1
61222;5
30983;2
44650;1
50013;2
77354;8
41512;2
56523;2
43680;3
41517;2
68132;2
56526;1
35594;1
56527;2
38899;5
50026;2
36886;1
50029;1
74346;1
81061;1
76212;2
79487;1
43682;1
45799;4
79489;2
50023;1
77341;1
57184;1
82597;1
75881;1
62494;3
84737;1
54516;2
42588;2
54515;3
77331;4
71625;2
75888;2
71624;1
37312;2
34477;1
54512;2
30918;1
85194;1
44670;2
84728;3
27930;1
84748;1
76276;3
42572;1
58680;7
42571;3
29249;1
31179;1
84741;2
34489;2
64604;1
64605;1
37304;3
54521;2
34488;2
30913;1
64601;3
30909;1
71627;3
56540;2
84738;1
57153;3
27903;1
45742;1
45744;1
81034;1
54537;1
44694;1
64612;1
81032;1
77319;1
69234;3
69233;9
84707;1
56556;1
84708;1
56554;1
83278;1
84722;2
78399;1
45753;1
45751;1
76254;1
81023;2
87415;6
37326;1
54541;1
71612;2
45759;1
54540;2
27915;1
83276;1
56567;1
31190;1
69257;2
42547;1
64636;10
42541;1
85375;3
54559;3
83249;2
75840;1
83247;3
83246;1
56570;2
84777;2
29211;1
75839;1
75854;1
85145;1
42538;1
64648;2
30008;1
85141;1
83250;1
42532;1
52306;1
64641;3
85364;4
57121;2
75069;1
56582;2
56586;2
57124;2
75061;3
45707;1
54578;2
91549;2
33399;1
50823;3
75867;3
72205;1
84751;8
83225;1
52316;2
30012;3
85395;1
56590;2
56599;1
57115;3
29237;2
54588;2
67124;1
50810;3
69267;5
83232;1
85385;1
84766;1
85126;1
31152;1
76295;2
76294;1
29220;1
81828;2
69263;1
69264;3
50809;2
62916;1
73609;2
37096;2
69122;3
80744;1
37098;2
37097;3
29026;3
37092;4
77191;1
57247;1
57248;1
57249;1
58369;1
70305;17
75990;1
75186;2
82761;1
28834;2
78763;1
75189;1
59491;2
52423;1
69124;1
30225;1
84080;2
57258;1
29038;2
77182;1
37081;3
77186;1
57259;1
28057;1
58353;5
43498;1
78756;1
75983;2
30210;1
30211;1
69135;1
84894;1
80725;3
66203;1
32496;1
75988;2
78757;2
63417;2
37074;1
55493;3
33020;5
69144;3
55492;1
69140;1
29000;5
75162;1
75160;3
82737;1
86492;2
75970;1
28858;3
82745;3
57221;1
82744;3
78788;1
75164;1
67783;1
68523;4
80717;1
33973;1
80713;1
75976;2
52441;2
68521;3
69151;2
90260;2
75172;3
29010;1
37061;1
57236;1
37060;1
90268;1
58372;1
84875;1
84874;1
58370;2
43476;1
75177;2
84878;1
33967;1
58374;2
55489;1
55488;1
67795;1
67794;2
88608;1
80703;2
84871;1
69158;6
84870;4
80702;1
53906;6
41810;1
53907;3
36670;2
33080;1
68583;1
68585;5
55475;1
63447;7
84860;13
35300;1
63449;2
73658;1
32468;1
41809;1
29959;3
86471;2
63441;1
53127;3
74015;1
74783;1
35309;1
82704;1
40756;1
82703;1
90201;2
82708;1
28016;2
40755;2
34592;3
40750;1
41033;1
53137;1
35316;1
73642;6
74778;3
63457;2
78714;1
36688;2
32454;1
46127;1
84858;1
78711;1
84854;2
86485;1
63453;2
40788;1
41009;2
68561;5
41004;2
84055;1
84057;1
53103;2
29932;1
50393;1
30243;1
50396;1
55459;2
78743;3
58336;1
41822;1
40774;4
41017;1
68551;1
41013;1
32478;2
53110;1
90218;1
53921;1
84830;1
78731;1
84836;1
86467;4
86464;1
84834;1
46109;2
83777;1
81631;2
73690;1
60186;2
44862;1
53955;1
43408;1
75106;6
41061;1
41060;2
83772;3
37765;2
75907;2
66274;1
47684;2
59416;1
40724;1
56199;4
44095;2
54624;1
83769;1
75115;1
53941;2
40707;2
49917;1
44858;1
83760;3
83761;1
73686;2
75117;3
67734;14
37778;2
41072;1
60178;5
74738;2
55424;3
43415;1
37774;1
66284;1
47693;1
59407;1
41847;1
81619;1
40710;1
40711;1
67705;1
56173;1
40738;1
81613;1
44843;2
56175;1
87540;1
67708;1
53979;1
87549;1
66257;1
73676;1
37747;2
83750;2
47661;4
41048;1
41875;4
30281;1
40744;2
40745;1
29974;1
81604;1
44072;1
56184;5
76583;1
54602;1
67717;1
83745;1
55403;1
37755;1
44838;1
44837;2
37753;1
73665;2
53157;1
60158;2
44833;1
41053;2
29091;1
47670;1
41055;2
39276;1
53151;2
53150;1
59425;1
59428;1
38193;1
38194;1
69169;10
69168;1
67767;4
66238;1
66231;1
75957;1
74704;1
75142;7
75143;4
79249;1
75145;7
75950;1
56154;1
59450;1
81676;1
38182;1
59456;1
80783;1
76569;1
89718;3
60138;1
66242;5
56161;1
56160;1
65600;4
59441;1
43455;1
44892;1
75159;2
81668;2
79257;3
92440;4
66240;1
38179;1
38178;4
38175;1
65635;3
42625;2
65636;1
32400;2
41084;1
80759;8
31778;1
75933;2
67745;9
41083;1
75932;1
49922;7
42626;1
75123;2
83798;2
87587;1
81653;1
59477;2
79263;5
38160;1
79262;3
56136;2
41088;1
41085;1
41086;1
38166;1
37782;1
53181;4
49930;2
53196;2
41091;1
75926;1
37796;1
67752;8
41090;1
67754;1
65627;1
66225;33
66224;1
44878;1
60110;1
56143;1
44876;1
31763;1
76545;1
81642;2
83788;1
44043;3
38153;1
46181;2
69196;3
80750;3
56243;1
76523;3
64199;2
67009;1
47733;1
67004;1
91657;1
76529;2
50300;1
91658;1
38139;1
89758;3
72558;2
54690;1
56237;1
51092;3
76512;3
51096;2
72560;4
34608;1
79328;1
44132;1
67012;4
81594;2
31754;1
49851;2
56224;7
79351;1
44121;1
51892;4
65665;1
42650;1
65660;1
34615;1
71481;1
89731;1
31724;1
49859;3
81560;1
54687;2
89739;2
42656;3
54686;1
35285;1
56218;2
48394;2
35282;1
79341;3
44112;1
71496;4
51883;1
81575;1
44114;1
89722;2
81579;1
71490;8
34625;1
49845;1
34622;1
44119;1
51884;2
64999;1
72508;1
47771;1
48384;2
61305;3
61306;4
61307;6
70294;3
44812;2
64989;1
48259;3
64980;1
83842;1
64159;1
54669;1
45631;1
83845;1
83849;1
83847;1
83848;1
39200;3
48370;3
60997;2
47764;1
64979;1
44822;1
44821;1
64163;1
65693;1
83857;1
31064;2
54657;1
31051;1
83816;1
59501;2
48363;1
77209;1
47753;2
48238;1
70274;1
39239;1
64967;1
54643;1
66188;3
54644;3
42699;1
66189;1
83821;1
31055;1
54646;1
87511;1
45612;3
60196;2
45610;1
31058;3
64174;4
62891;3
64184;5
59510;1
66175;1
39221;6
66172;2
64949;2
66171;2
59519;4
47743;1
47741;1
48358;1
72501;1
77212;1
77211;2
54636;1
64950;2
31046;1
64185;12
89766;3
63497;1
77224;4
64111;2
64940;3
64941;2
71422;1
51007;1
37005;3
34673;1
64118;2
35236;1
35237;2
34678;4
64946;1
71425;3
34677;1
48212;1
68493;3
68496;10
48342;2
35232;1
63490;1
45670;1
50372;1
64121;1
64120;3
35222;2
37015;1
48336;2
77239;2
34687;1
62884;2
36755;1
48227;6
48223;1
63480;6
77230;1
58406;1
64134;5
88684;2
51025;1
70237;5
63474;1
64132;1
82690;1
35216;1
86428;9
35217;2
84025;2
48327;2
62854;4
64921;2
62858;2
51809;1
58418;1
84904;1
50354;1
64147;1
78701;1
77255;2
77256;2
36737;1
68489;1
51801;1
84012;1
51802;1
50359;1
61338;1
35202;1
64910;1
62868;3
64911;2
36730;1
48315;3
68480;1
68484;2
64905;6
77252;1
84914;1
58421;1
84915;1
77251;1
48304;1
52450;4
86404;1
48302;1
62830;1
86408;2
36725;1
52459;1
70212;1
61382;2
51872;2
82675;1
77260;7
70208;2
37042;5
37045;1
82681;1
62846;4
51869;6
50338;1
34647;1
61395;2
36718;1
52469;1
51055;1
51058;1
77273;2
90159;1
37051;1
35264;4
35262;1
35263;4
88648;1
62812;2
50320;1
77285;1
57316;1
37020;2
62820;2
34667;1
64108;2
71454;1
64107;5
35245;1
52483;2
62822;1
82663;2
77297;1
71452;4
70200;4
82669;1
45688;3
37031;6
78660;1
77093;1
85927;1
85926;1
36572;1
36573;1
52561;1
90918;1
85930;1
52560;4
85931;1
55377;2
85933;2
30327;1
88714;1
55376;1
80835;1
68401;4
52562;1
77988;2
29128;1
70400;2
52568;2
30321;1
78661;1
90911;2
78668;2
78667;1
69938;9
43346;1
78666;4
90145;1
77084;1
58499;3
77081;14
40696;1
55368;1
80829;1
85921;1
80827;1
84992;1
88725;1
82854;1
77994;3
84997;1
58490;1
82856;1
57350;1
45499;1
75296;1
77990;2
77992;1
84998;6
57365;1
57366;2
40688;1
70416;1
80861;2
80865;1
69005;1
69951;1
52542;1
88735;2
30346;1
88734;2
82880;2
85954;1
30341;2
77078;1
90932;1
70421;1
52546;3
90930;1
77062;1
40676;1
90123;1
46281;1
80852;1
55387;5
74691;2
82873;1
48507;1
53218;1
53215;1
88744;1
28725;1
70411;1
73507;1
84171;2
41715;1
82813;2
74642;2
52524;1
84961;1
84962;2
82820;1
74114;3
58460;1
86572;1
50274;1
86574;2
43388;1
76497;2
58463;4
36531;1
46215;1
46218;4
36535;1
84178;2
33190;2
84182;1
40651;2
52508;1
41701;1
90104;1
43394;1
40659;1
43395;1
74125;3
52512;2
86584;1
82812;1
74630;2
86582;2
85961;1
78610;1
57392;4
84956;4
55328;1
50288;1
84957;2
86585;2
84954;3
58451;5
84955;1
30351;1
78613;1
86586;1
50289;1
68435;1
74633;2
36547;6
36551;2
68461;2
80821;1
81703;1
40647;1
58443;1
81709;1
50297;1
84989;1
84158;2
84984;1
35428;3
73530;4
73533;1
63325;3
78607;3
53246;1
84982;1
69912;1
69911;2
73537;1
35423;1
40630;5
29824;1
81700;1
74145;1
63337;1
80802;2
68456;1
63335;1
68459;1
37620;1
44969;1
47788;5
37621;1
75208;1
60977;1
37622;5
83086;2
42706;1
60971;7
75207;1
60049;4
74602;1
73554;7
67826;3
76456;4
54716;1
83875;1
44963;1
76454;1
73550;3
56290;1
67827;3
41755;9
40621;1
81729;1
41759;2
39387;1
53274;2
37638;1
67833;7
37636;2
40608;4
67836;1
40606;1
60030;1
67839;1
83868;2
81718;3
41742;1
29841;1
47793;3
47792;5
53271;5
83065;3
83891;2
53288;1
83892;1
37649;1
83068;2
54732;1
54731;6
37643;1
66398;4
37644;2
76473;1
55319;2
54734;5
76472;1
29879;1
87683;1
76477;1
74620;3
59536;2
41732;1
37641;1
83060;2
66391;2
69089;4
67854;4
83880;2
73569;1
37656;1
32534;1
83073;2
76484;2
76486;1
73560;1
76485;1
83888;1
81742;1
44973;3
41727;1
69093;1
53291;1
83070;2
53294;6
69094;2
69098;7
81778;1
56250;1
59593;1
75247;2
73590;4
89034;1
60930;1
76418;2
67860;4
76417;1
60003;1
65519;1
69974;1
69066;5
80884;1
46296;2
69063;2
38289;1
60925;1
69064;3
41799;2
79381;1
74190;1
38282;1
78696;1
76422;1
79399;3
76424;1
69969;6
89026;3
89025;1
78699;2
66342;2
76426;2
67876;8
73589;2
67877;6
60937;1
80872;1
79390;1
41789;1
89022;6
79395;1
81759;2
32505;1
78689;4
42762;2
60020;1
43320;1
75268;1
59571;1
69994;1
66355;1
81790;3
67882;1
37688;1
37685;2
69044;1
60909;1
41777;2
42752;1
54702;3
81785;4
78675;1
76447;1
67898;11
69989;1
73015;6
73016;1
43337;1
43338;2
69986;2
69052;1
67890;1
69981;3
37690;1
41765;2
75270;1
59565;1
56342;1
92222;1
89859;5
71369;2
72414;1
34733;1
47833;1
31849;1
64888;1
64889;1
71368;3
34739;1
79479;2
83017;2
79462;1
56338;1
56335;1
38243;1
38244;2
39305;1
34745;2
72427;1
92209;1
81691;1
81693;1
54797;1
64878;1
83009;1
79469;3
71373;1
89840;1
83008;1
83910;1
83005;3
83006;1
71370;1
79464;1
65550;2
56369;2
83915;1
56367;3
49993;2
48173;3
38259;1
51799;1
71389;1
65528;2
87618;1
76401;4
34715;1
72430;1
42796;1
71383;2
79457;1
56359;1
91799;1
49983;2
51787;2
87601;3
51780;3
79447;1
71397;1
64893;4
65534;1
65533;1
72441;1
44012;1
71394;1
73072;1
59623;1
54768;1
54766;1
79436;1
79434;1
64053;2
39359;1
60079;3
44911;1
70393;7
48114;3
83057;1
44913;3
48489;1
70390;2
38201;2
66294;1
92255;1
48470;2
73060;2
64063;12
59635;1
34708;1
64069;1
79427;1
54758;3
89883;1
60891;4
83951;1
79421;1
65593;8
60087;1
38209;2
87628;1
60894;1
48479;1
47865;3
38203;2
44926;1
47866;1
47890;3
48131;1
60092;3
92282;2
56327;1
37739;3
83961;3
65561;1
67815;2
44930;1
60881;2
67813;1
64862;7
60095;4
65567;1
87654;1
54789;4
83031;3
44939;1
54782;1
67810;4
61421;1
45517;1
61422;1
44933;1
45515;1
83035;1
60884;8
37736;1
83034;2
60885;3
59619;1
31829;2
48498;1
83028;2
83026;1
64047;2
65575;1
64852;1
83020;1
79407;1
61439;2
87647;5
64856;7
87645;1
39328;1
64858;1
61434;4
60873;3
83970;3
45505;1
64857;2
44944;1
61433;11
37723;2
35337;1
62974;5
46303;2
61447;2
86541;1
70357;4
62969;8
68353;3
48437;1
86536;1
36610;2
86535;2
86534;6
64025;3
64022;7
45525;2
70365;5
61450;1
88796;4
88799;3
84137;4
77138;1
58546;1
90093;2
37125;1
36641;1
34794;2
77934;2
74105;1
51715;2
36645;1
64825;1
77932;1
63376;1
45556;1
61461;4
63371;1
77102;5
35350;3
86558;1
48109;2
91701;3
46315;1
51700;1
48103;1
46313;2
64814;1
84110;10
61473;3
64001;1
70387;2
70388;6
50253;1
86552;1
51918;1
58524;1
71308;12
90946;1
63393;1
72450;1
71320;2
90947;1
82772;1
77953;1
82778;1
61483;1
77951;1
68398;1
51736;1
55287;1
62933;1
62932;1
34774;1
77959;1
86503;1
33236;5
71322;1
91720;1
55280;2
77160;1
57435;2
77177;1
51987;4
61492;1
71330;2
63383;4
61495;1
70322;1
77941;1
61499;2
71337;4
51726;1
62940;1
34789;1
62945;1
71334;1
51722;1
35365;1
62936;9
62937;3
37152;1
37153;1
37151;1
90960;1
57427;1
57426;1
45599;1
52579;2
70331;11
77970;1
70336;1
71345;1
86524;1
86525;1
82791;1
36601;2
86527;1
70330;1
62950;1
86529;1
71347;1
71348;3
37164;2
90041;1
88780;1
45590;1
37160;1
77962;2
47807;4
47803;1
71351;1
45587;1
86515;1
47802;2
34763;1
72487;1
71358;2
86518;1
71359;2
34766;4
51739;1
86509;1
37176;3
48410;1
77153;1
57444;5
85879;1
43937;1
41260;1
54100;1
54103;1
55237;2
33755;1
54102;1
84272;1
33754;2
73416;2
36434;1
78965;2
82014;1
63200;7
52621;2
79084;2
43925;2
41271;2
84286;1
46366;3
55222;2
73400;1
63215;1
84284;3
84285;1
55953;3
36444;1
78953;1
85860;2
40507;1
82028;1
55958;1
43297;1
52613;1
40515;1
79098;1
40517;1
84280;2
46363;3
43912;1
55213;2
84296;2
36413;3
36414;1
33771;1
43914;1
36416;1
43266;2
36419;1
55927;1
82944;1
52643;2
86210;1
52649;1
43267;1
85850;1
78985;1
86214;1
82938;1
46331;1
55203;1
78979;2
85848;1
36427;1
36426;2
43277;2
82046;1
86222;1
78975;1
41259;1
82923;1
67594;1
40530;1
69838;2
57481;2
70543;1
66437;1
57484;1
86275;1
68783;5
68786;1
82050;1
48612;1
82055;2
60349;3
85833;1
46391;1
40561;2
46393;2
49112;2
68781;1
46397;1
91102;1
57486;1
58128;3
58125;5
45385;2
82069;1
82993;1
52659;3
55912;2
77894;1
55914;1
82996;1
52657;1
78994;1
78993;1
60333;2
60335;6
48626;2
85823;2
60336;1
68778;4
68776;1
36480;1
43251;2
57498;1
77890;1
58113;1
45369;1
82988;1
67548;1
66416;1
86255;1
64301;1
82982;2
36455;1
36454;1
55256;2
55254;1
77866;4
43958;1
67546;1
85806;1
46373;1
36452;1
45361;1
57466;1
57467;4
83586;1
48606;1
69808;1
42100;1
82974;1
86263;3
83588;2
82976;1
52678;1
43235;1
82971;2
77870;1
82972;1
86266;6
67553;4
66420;2
83582;1
60311;10
43947;1
67557;10
48605;2
46388;1
46384;1
36463;1
46382;1
36464;1
45374;1
70507;1
40579;1
58139;1
79001;1
54808;1
29794;1
47480;1
39872;1
39873;1
39048;2
47487;1
54188;2
83574;1
67522;3
68740;9
80536;1
43205;2
73128;1
74947;2
81432;2
73124;2
54813;1
49708;3
73497;7
67529;1
53756;1
42881;1
42153;1
81435;1
67526;4
83577;1
56994;2
32609;4
29784;1
29783;1
74929;2
66480;1
54170;1
53742;1
54178;3
69868;1
54820;2
73480;1
79018;2
75394;3
79019;1
69869;2
75395;1
42164;2
42166;2
81426;3
42165;3
44274;1
79022;3
81408;5
47462;1
36491;2
47463;2
89919;1
53770;4
73103;1
36498;1
80518;1
73104;2
68722;7
80517;1
69853;1
67500;1
83552;1
53773;4
89920;1
31533;1
83553;4
76773;2
76774;1
58189;1
73471;1
89155;2
48077;1
39079;6
56977;1
39849;3
74913;1
66464;1
54159;1
68713;5
66469;1
69842;10
89934;1
39844;2
73469;1
60355;1
83545;1
42143;1
69848;1
42147;1
89146;2
33791;1
80587;1
72836;2
53707;1
59656;1
54856;1
53715;1
42198;1
29758;2
62112;1
83534;1
73458;2
39007;8
54142;1
74988;1
54146;1
39837;4
56957;1
80575;9
42829;1
80579;3
53703;6
54867;3
83522;1
83521;1
74970;1
89912;1
54132;2
62125;1
39821;1
72835;1
54137;1
69890;9
47420;1
39026;1
41283;1
56945;1
56946;1
41287;1
80560;2
79062;5
56943;1
83510;1
42177;2
53735;3
75321;1
52601;1
54836;1
87784;4
54834;1
53739;1
59674;1
53736;2
54129;1
52605;1
47428;1
54124;3
85897;1
74969;2
66498;2
32685;3
53730;1
66499;3
47421;1
69896;2
47430;1
41294;1
41298;1
80552;3
39030;1
79071;2
75334;1
79079;1
62102;4
53725;1
54118;1
54843;2
89101;1
60391;2
29728;1
85885;1
37996;1
73427;1
54114;4
62103;5
73424;4
87778;2
81383;1
38338;1
72757;1
62169;3
72756;1
61545;3
39906;2
47539;1
65443;1
81388;1
59720;2
59726;1
80497;1
49666;1
81393;3
47524;1
81396;1
81395;1
72764;1
44339;1
61553;3
81391;1
83611;2
34803;1
34804;2
83610;2
54898;1
81398;1
83614;2
62150;2
92157;1
48025;2
49660;2
89091;2
48020;3
44328;2
61521;3
72734;1
61522;4
61525;2
65465;1
54889;1
81364;1
34813;2
73197;1
71282;2
81368;1
80473;2
80474;1
34821;2
62139;2
48004;4
71297;4
71298;7
65477;3
71293;1
71294;1
73186;3
59754;6
59753;5
49640;1
61528;5
71261;2
56000;1
72791;2
65402;2
87732;1
51674;3
35961;1
53782;1
31505;1
72799;3
53784;1
54093;1
54092;1
35076;2
56007;2
89041;3
44380;2
53799;3
71270;1
87720;6
81354;1
44377;2
71274;1
89982;1
65410;1
53790;1
81350;1
61513;2
53794;1
76755;1
35977;1
38382;1
48067;2
38383;5
48066;2
61508;6
38388;3
92116;2
61506;1
49620;1
42896;1
62185;1
65424;4
81321;2
42891;1
81327;2
62189;1
54078;1
50526;1
62697;1
54076;1
35986;1
50523;1
35059;1
87711;1
87712;1
38357;1
34850;3
91887;1
54071;1
48032;1
59705;1
54072;2
81331;1
62175;2
51641;1
65434;4
65432;1
71251;2
50514;2
51646;1
54089;2
50516;1
89969;1
34863;3
35047;1
72785;1
54081;1
38362;1
48047;1
91891;1
54086;1
45470;1
45472;1
78000;2
90853;1
57576;1
46403;1
35036;2
52693;1
35038;1
78009;1
88429;1
35922;4
30410;1
77025;3
70457;1
63297;2
82090;1
55190;1
35020;1
91027;1
85910;3
51625;2
82093;1
35029;1
64329;1
70464;1
64320;2
77037;1
77039;1
77842;1
64323;2
77036;1
64321;3
70429;1
77043;2
35011;2
91018;1
91013;1
48527;2
77835;1
84222;2
77838;1
50566;2
78029;2
63274;2
77832;1
77831;2
45458;2
90823;2
64330;1
78023;2
78010;2
55176;3
71216;8
50558;3
78907;5
35005;1
35004;1
77826;1
70448;1
70447;1
84218;2
90834;1
64341;1
48518;2
77820;1
78909;4
49189;1
65482;3
90895;3
57533;1
70499;1
70496;3
84248;1
44302;4
70497;1
61581;1
64354;2
88463;1
63253;1
55999;3
78914;3
46447;3
78913;1
36520;2
36522;2
86206;1
78911;1
84242;1
36527;1
91817;1
46445;2
55991;1
78919;2
88450;2
92196;1
91062;3
49194;1
63245;1
65494;1
84237;3
61596;1
64362;1
65496;8
45422;2
65498;1
88451;1
78921;4
84230;1
38302;2
36511;4
64369;2
46433;1
63248;3
49168;1
49169;1
78932;1
35901;1
77006;3
36507;2
61562;1
64373;1
43198;1
90867;2
77005;9
36502;2
55971;1
84261;1
84260;1
84263;6
55973;1
48550;1
48553;1
91042;2
90886;1
88430;1
78940;1
70485;1
61571;1
84256;1
78949;2
61575;3
35911;1
62620;9
84253;1
78945;3
55961;5
91800;2
78946;1
55964;1
41949;1
77788;1
53812;1
86332;1
28128;2
74880;1
78864;2
86338;1
46459;1
53806;1
40423;1
58227;1
58229;2
41957;1
78096;1
28948;2
74873;1
77798;1
58211;3
52757;2
33888;1
66507;1
36302;1
86347;4
78858;3
82166;2
82160;3
36305;5
52752;3
28949;2
41135;1
58213;3
41947;2
45290;1
55118;2
53007;1
52740;2
55111;7
85754;1
33875;1
53000;1
41144;2
84391;1
46470;2
42916;1
70618;5
40400;1
48709;1
52736;2
86365;1
33868;2
28926;1
42914;1
53016;1
66522;2
48702;2
85747;1
55102;2
82141;3
86369;1
85743;1
68690;3
46480;1
49023;1
42908;1
68691;1
70609;7
41920;3
66530;1
55133;3
67667;7
77743;4
86373;1
41904;3
58260;1
77744;4
66539;5
66536;5
30562;1
30563;1
77740;3
86379;1
45245;1
86370;3
40460;2
46493;3
46495;1
36346;2
77756;2
67678;1
55123;7
78897;1
28985;2
68637;1
40456;2
58256;1
78063;1
40450;1
36341;1
85713;1
82172;1
85714;1
52782;1
33831;1
80617;1
52781;1
52780;1
68666;6
78889;1
62803;1
45266;2
69715;5
78885;3
77766;1
86394;1
70664;4
33837;1
28958;1
70661;3
41108;1
78031;1
36352;5
40443;1
80622;1
66566;1
52771;2
67699;1
48747;1
55145;1
60215;3
82185;2
85701;2
36367;1
69702;4
69703;2
48744;1
66564;1
67694;2
60217;3
54901;1
28963;1
70650;1
77774;1
78870;3
30575;1
60210;2
43133;1
78044;4
41118;1
41116;1
58234;1
28172;4
47582;1
53061;1
56016;1
56866;3
81529;1
56014;3
56015;1
79147;1
67627;3
49805;1
54914;2
79992;6
75489;1
79999;1
42016;1
83678;1
54910;1
74801;1
53065;1
68601;7
83671;1
49803;1
53894;4
73356;2
80632;1
54030;2
47590;3
75491;1
44160;2
67636;1
73341;1
89269;1
73342;2
76665;2
75498;1
69729;1
73233;1
81520;1
36388;2
54036;1
73236;2
60237;3
42977;1
54038;6
53079;3
67633;2
58291;2
60234;2
36398;1
36397;1
36393;2
80665;2
29674;1
54928;2
76672;1
42035;1
58285;3
58284;3
76677;1
83696;1
79970;1
68620;1
53874;1
53873;5
54067;2
49823;2
60269;2
80657;1
66595;3
53087;1
36399;2
53094;3
54050;1
79133;2
81539;1
58278;1
44186;1
42992;2
54943;5
79963;4
76682;4
69749;1
42995;2
49839;3
60254;3
79135;1
83686;2
56042;1
76688;1
39988;1
54054;2
69742;1
68610;2
54058;2
60259;1
68613;5
74812;6
59797;1
56822;2
44193;1
56058;1
56827;2
56829;1
79180;2
69777;7
54950;1
47549;1
47548;1
73316;4
47543;2
47542;2
52721;1
76697;2
56054;3
42054;1
59790;1
53029;1
83633;1
44198;2
52725;4
82113;2
82115;1
31691;1
76692;3
41985;1
59787;1
59788;1
59786;1
42060;2
59789;1
39158;3
42929;1
39926;1
47558;1
53033;1
89229;1
53036;1
56809;1
75455;3
54965;3
85762;1
79166;3
79164;1
41976;1
53041;1
41971;3
56846;7
69792;6
41186;1
72724;2
53048;1
74866;1
54022;1
54028;3
79934;4
54026;3
83656;1
42961;2
79930;1
67608;7
54029;3
89211;1
81513;1
75467;2
74861;3
79167;1
59769;1
59763;1
80698;2
53057;3
67610;6
53058;1
73217;3
39138;1
53059;2
69784;8
54012;3
74859;1
54016;2
54987;3
82104;1
75473;1
59760;1
42086;1
67615;4
79178;1
34109;1
67616;8
56086;3
34938;1
81487;1
83703;1
59861;2
64297;1
81489;1
79908;1
34006;1
62776;3
75414;1
37957;4
62029;4
62775;2
62028;3
75417;1
51577;1
79903;1
61646;1
51579;4
38436;1
49776;2
62778;1
37952;4
80595;1
59866;2
59868;1
92022;1
90793;1
90792;3
54997;1
62010;3
83714;3
71174;1
65355;1
62782;6
65354;1
34945;2
47621;1
34942;1
37944;1
54992;3
49765;1
79912;3
49766;1
37940;2
71179;1
92018;3
39102;1
83708;1
83705;3
59873;2
62795;1
71182;8
62792;2
62041;1
83723;1
62043;1
34917;1
44222;1
75439;1
47657;1
47658;1
47652;1
72634;2
59849;1
38450;1
57614;1
59840;2
57610;2
59844;1
87063;1
59846;3
51582;1
44215;1
64284;2
65332;1
65335;6
83734;3
37964;1
72641;1
47641;1
44218;1
72648;2
34017;1
61675;1
38460;1
49784;2
59853;12
83729;3
59858;1
87074;1
59857;4
71128;4
50403;1
38479;3
72655;1
61603;1
87835;1
73278;1
63198;1
65301;1
81441;1
63196;1
87831;1
62065;4
62066;2
63199;2
56100;1
56103;1
56104;1
63191;1
63192;1
38475;1
56108;3
35175;1
35174;1
38477;3
51529;1
31612;1
34986;2
49724;1
61615;3
31616;1
65318;2
61614;1
76619;1
61613;7
38489;2
73393;1
81452;2
63184;4
71132;4
73392;1
72661;1
63187;3
81454;1
81455;1
62052;1
37908;2
63189;3
62057;6
76611;3
73263;1
34988;1
73262;1
34030;1
61605;4
38486;2
59837;2
87029;1
71145;1
51556;1
31625;2
49759;1
50426;1
87021;1
62088;1
62085;3
47618;1
59802;1
87020;1
59803;2
35195;1
35198;2
35197;1
72685;1
79209;4
74902;1
51546;1
74903;2
72686;1
31639;1
76634;1
79201;1
71151;5
81479;1
79200;3
79203;1
76632;1
44255;3
87038;1
62074;1
56118;3
56117;3
50409;1
35185;1
34053;1
61628;1
56119;4
40495;2
78142;1
70549;1
70558;1
88520;1
63152;1
50441;1
84343;1
48647;2
77712;1
35134;2
48643;2
48642;1
87007;2
55051;1
49098;3
49093;3
92097;2
49092;1
57669;2
63143;1
70566;5
50431;2
45320;1
70569;15
62098;8
62099;2
45324;1
70565;1
63145;6
35129;1
30522;1
64229;1
87018;1
64228;1
62701;1
35123;1
40476;2
87918;1
40473;1
40478;2
88543;2
78123;1
45359;1
78127;1
63175;1
48667;1
33016;2
71102;1
88549;1
77736;1
84320;3
77735;2
62711;2
71109;2
91996;1
55070;1
34090;1
63169;1
78111;1
77722;1
78113;1
46519;3
45343;1
46516;3
35147;1
64204;1
70583;9
30547;2
43074;2
43072;1
92062;2
57634;1
49047;1
55086;1
62730;6
88569;1
70590;3
86306;1
46549;2
65389;1
65388;1
88561;1
65387;8
63114;1
65384;4
65392;1
58304;2
58301;3
91931;1
57628;1
57629;1
55095;2
78829;1
48677;2
62746;1
50473;1
63103;1
90756;2
64262;3
57651;2
57653;1
57659;4
64237;3
86325;1
35115;1
84361;1
84363;1
43098;2
62751;2
64233;1
63132;4
88570;1
57642;1
92075;3
65372;2
49075;4
38422;5
78801;2
46556;1
86315;2
64248;1
50498;5
78806;1
84355;1
35105;2
88577;2
43087;1
88576;2
50491;1
84356;2
88572;2
50496;1
55222;1
