33549;1
75592;1
62360;2
89324;1
75596;2
52045;1
71897;3
50896;4
52041;1
63920;3
36237;1
50895;3
69662;1
86708;1
86707;1
78352;3
52806;4
86720;1
71881;4
62350;1
62356;2
46663;1
46662;1
69679;1
52031;1
86723;1
34213;1
36242;1
86719;1
90632;1
58898;1
58896;1
52819;4
62342;8
52028;2
63004;3
89348;1
62341;1
52836;1
50870;2
50871;7
75571;1
69648;3
52021;1
50875;3
46677;1
79824;2
46674;1
50878;9
46673;2
85649;1
69640;3
58884;4
58885;4
58887;1
62332;1
79834;2
64599;1
89353;1
33577;1
36223;2
52013;1
63019;7
86705;1
75569;2
79839;4
63906;1
40394;2
63909;1
71090;2
58878;2
71092;1
63853;1
47257;2
63029;2
69625;4
61823;2
61822;1
61821;6
69624;2
63964;2
87138;3
78314;1
46618;1
63024;1
63023;1
45203;1
63851;5
59911;1
63849;3
61817;2
61814;1
61815;1
39621;1
61818;3
59915;1
61819;2
47247;1
63848;4
69635;1
61835;6
61834;7
63033;3
64576;1
50860;1
79853;1
45210;2
63030;2
63840;1
64573;1
87123;1
86074;2
91195;1
59902;10
59907;2
49311;1
50859;2
59905;2
77608;2
63835;1
46634;1
47239;2
62305;3
61800;1
69602;7
77604;2
77605;1
63046;3
62300;1
78331;1
87110;1
64562;4
86068;1
79866;2
78330;3
58848;3
40362;2
39615;1
50840;6
46647;3
61812;3
63822;7
63955;2
29537;2
77611;1
29536;2
52800;1
78344;1
69617;2
79875;1
63053;3
63051;3
58832;1
63948;5
61804;2
63817;1
49345;1
59958;2
39663;1
49341;1
39665;1
59954;2
87172;2
80382;1
47290;3
59000;2
88276;3
32018;1
86796;6
59003;5
43011;1
63892;1
63068;2
48867;5
39666;2
66689;3
39669;1
63897;1
53573;1
49346;1
48863;1
32017;1
55028;1
49355;2
39675;1
39674;1
59943;1
59019;1
59017;1
59941;1
59016;2
63074;2
79898;1
86035;4
60580;1
60584;1
53563;4
70780;6
60586;3
43736;4
63889;1
48853;2
48852;4
47270;1
49320;1
70746;5
32926;5
63870;1
59021;2
70754;1
86776;3
35730;1
49326;2
86779;1
63985;1
53555;3
43704;1
35734;1
43707;1
53552;1
80357;1
41440;1
80358;1
52095;6
59929;1
59038;1
70757;3
80351;1
59031;2
60562;3
87143;1
48837;1
70760;1
53547;3
70767;7
86786;1
46606;1
63994;3
55018;7
53540;6
55015;2
55016;3
60565;3
30689;3
63865;2
90688;1
59994;2
90683;1
49386;2
52084;1
49385;1
52089;2
60533;1
48820;1
36278;1
86004;2
72197;1
32942;7
59992;3
59043;2
88238;1
43056;1
59042;6
49391;1
49392;1
43042;1
36280;3
59985;1
35780;1
52073;3
72976;1
48810;1
68105;13
72973;3
86764;1
74492;1
32931;3
70745;1
43049;1
48819;1
70742;1
88249;1
59051;1
59977;1
43031;2
49362;1
49363;2
36254;1
35771;1
53591;1
39680;1
52061;1
41497;1
49367;5
41491;2
66621;2
52873;1
60510;1
59065;1
48809;13
72178;3
70718;1
59966;1
41482;1
49377;3
52051;2
52055;7
53583;1
60523;2
53584;5
72998;1
54197;2
52057;1
52888;1
87186;2
52885;2
70723;1
59079;5
43027;1
44533;2
82248;2
65252;4
76105;1
74454;1
65255;1
72160;1
68859;2
72164;2
68856;1
76914;1
68029;2
68026;2
76911;2
76108;1
44536;1
81193;1
37493;1
54293;1
80410;1
37496;2
57761;2
44545;1
82237;1
44544;4
65242;3
42277;1
66608;2
82231;2
84480;1
76924;1
37489;1
44549;1
31435;1
84486;2
76922;3
76918;1
85081;1
38532;1
60605;3
56648;4
57774;1
68836;1
74432;2
65276;5
76125;1
38529;1
60602;2
84492;2
55721;1
65270;5
57741;1
43790;1
59893;1
43787;1
68846;3
59891;1
65266;1
74441;1
65263;2
43780;1
76118;1
54287;1
74448;1
54289;1
76904;4
65261;6
56624;1
59895;1
68812;1
55787;2
48778;1
68819;1
84435;1
84434;3
83307;1
68065;1
30659;1
55797;2
30656;2
54265;1
55793;2
84445;1
70694;1
44500;1
84449;1
83318;2
48780;4
56608;2
80462;1
70680;3
70682;2
48759;1
48753;1
55767;1
83322;1
84457;1
57780;2
53502;1
70686;1
41401;1
34197;1
71910;4
54246;1
30639;1
84460;4
42299;2
53518;5
70677;5
42296;1
68806;11
70672;1
57793;2
42297;1
57797;1
41412;1
71908;5
68030;19
71901;1
80446;1
50938;3
67491;1
71919;3
71916;1
76185;1
77634;2
37419;1
61750;8
76995;1
77630;1
51421;1
89298;1
64530;3
81111;1
76189;3
54219;9
64535;1
64534;6
51424;2
51423;2
51422;1
85014;1
50928;1
61737;1
68094;1
68093;7
68091;8
76172;1
68090;1
45127;1
81103;1
45124;3
64544;3
45125;1
84404;1
76175;1
85009;1
45123;1
34188;3
61744;4
61746;1
71028;1
71029;2
71933;1
50918;2
61726;3
40315;3
84409;2
56698;2
71012;1
64511;1
85039;1
76974;1
50922;1
64517;2
85035;1
64519;1
50920;1
85030;2
61736;3
64512;3
85033;1
61733;1
34162;1
50909;1
68072;1
71946;1
76190;1
45141;1
64521;4
54208;3
64520;2
31493;1
54209;2
76983;1
77644;2
84420;1
67469;1
85025;1
85023;1
71955;1
71009;2
54203;2
67464;2
61724;2
57721;3
76140;1
91234;1
69593;1
69591;1
67456;3
75547;1
46586;1
61796;1
81150;2
76146;2
78288;2
71071;1
76143;1
61790;1
51465;1
77671;1
76144;1
40303;1
78271;1
57730;1
46570;1
67443;2
71068;1
85041;1
64506;18
61781;3
75553;1
51470;4
42231;1
77666;1
51472;1
56682;1
71065;2
65201;3
76131;1
57700;1
38565;1
91210;3
61776;2
75526;1
68872;3
69576;2
81131;1
67433;2
62373;1
65236;1
77696;3
58793;2
44550;1
76167;1
81136;1
81138;1
44557;2
61771;2
61770;6
65231;1
65230;1
62375;1
78294;1
56663;3
45187;3
46590;1
57714;20
38554;1
61765;2
67424;1
76942;1
76948;4
71046;6
51457;3
68887;4
51451;1
45189;1
65226;3
44565;1
65222;1
62388;1
56660;5
79704;1
69527;6
69526;9
79705;2
51378;10
52146;2
85528;1
58097;1
52148;3
58099;1
64486;1
75694;1
71790;1
51375;3
78258;4
52948;1
85519;1
40283;2
40286;1
79717;4
85535;1
52130;1
79715;1
33699;1
62215;1
51360;1
52963;2
78266;6
64473;2
75685;2
52964;2
78267;2
64472;1
89479;1
64471;1
51364;1
52966;2
52967;1
64475;1
71782;4
58999;3
78261;3
48902;2
47335;1
48901;3
88317;1
52164;7
39704;3
78238;1
52935;5
78239;4
78237;2
87212;1
78235;2
78232;1
58074;1
71765;2
62238;2
52152;1
34333;1
71764;1
52944;8
51388;3
85551;1
64497;2
52940;1
64495;1
87200;1
64491;4
89450;1
52939;1
36120;1
61907;1
69550;1
46782;1
52105;1
85561;1
79746;1
63713;1
78219;1
63715;3
67268;4
46750;1
50955;1
61915;1
59104;4
86181;1
58967;1
78222;1
45118;4
60483;3
78221;1
87220;1
86174;3
35803;3
87224;1
46769;1
76890;3
52924;1
50961;1
67279;1
46768;1
60487;1
64439;3
39735;2
47341;1
67270;14
67273;8
67272;2
59116;4
91290;1
59118;2
86172;1
86171;1
91293;2
89486;1
85586;1
52125;1
50976;1
47377;3
61944;2
52120;7
50972;1
61943;1
47372;1
40265;1
58986;3
58036;1
69519;1
58043;1
89497;10
85594;1
52118;1
64450;2
52111;2
37613;1
47369;5
61952;3
64459;5
78208;1
63726;6
67297;6
63719;1
50979;1
40250;1
67290;2
58978;3
58049;2
58048;1
58971;2
58016;1
80241;2
58017;2
58922;2
60429;7
36178;1
36176;1
49202;1
39766;2
53675;3
49208;1
43828;3
61055;1
35859;1
72095;1
61051;1
59143;1
61050;1
86146;2
58911;3
58914;1
47383;2
58917;1
47381;2
46722;1
46721;3
63747;3
33610;1
60446;2
49215;1
60444;3
60445;1
63743;2
46720;2
47389;1
53664;3
86131;1
33617;1
53668;3
61041;1
70885;1
58945;2
87295;1
70889;1
59126;1
41359;1
88393;2
61070;1
65081;7
36196;2
58947;1
35874;1
43844;5
60458;1
88396;1
61073;1
68902;7
79764;9
68907;4
61078;1
35879;2
58007;2
58009;3
86151;1
90599;1
65094;2
39792;2
49235;1
39795;1
48979;3
63766;2
49238;2
32148;2
66793;9
79778;2
86682;1
60462;1
38709;1
73970;2
65099;2
86608;1
35891;1
90582;1
90583;2
52996;2
61099;1
89426;2
55816;5
63795;1
55818;1
52997;1
52999;2
70831;8
52184;2
35893;1
32113;12
32112;2
52992;1
59180;1
52188;1
63799;3
59182;8
66743;6
35898;1
86617;1
36139;1
35881;1
35880;2
41366;2
61081;2
70843;4
61086;3
63780;10
52175;1
35886;1
33652;1
52179;1
32122;1
41396;2
49262;1
58901;1
72071;1
72070;2
86630;2
89400;1
86124;1
59168;5
86632;1
86631;3
52979;1
88357;1
48948;2
66769;1
59164;3
52975;5
52972;4
60411;1
55830;1
86636;1
66762;3
43802;2
60415;1
36166;1
49277;1
41383;2
48938;2
72084;3
55829;3
85516;1
52981;3
52198;1
48930;1
60425;4
60424;6
38649;2
72953;1
81297;1
65920;1
55843;2
72950;1
68958;1
65158;1
42388;1
74553;1
76003;1
56730;3
56735;3
37593;2
65917;1
54392;1
44407;1
72019;3
72018;3
81281;1
72015;2
72017;2
82339;1
66703;3
65145;2
57870;2
65141;3
56741;1
82329;1
56742;1
72959;3
55862;2
65945;2
65947;1
68971;1
82360;1
31300;1
65133;2
53606;5
65941;2
53604;2
77590;1
77591;2
45097;1
77592;2
56756;6
72928;1
76802;1
44426;2
74584;1
72030;1
42398;1
82357;2
82354;1
77584;1
77581;1
57898;4
72936;2
32092;1
83448;1
53627;1
82301;2
65198;1
65197;4
84577;1
55882;1
74517;1
54357;6
54355;2
80314;1
54350;1
80313;1
65195;2
65190;2
43863;2
68923;1
84588;1
61012;1
65187;1
84589;1
70794;2
70792;1
31337;1
53632;1
68920;1
61018;1
61019;1
72918;1
54360;6
65184;1
65181;1
74531;1
84557;1
84556;3
65981;4
84555;1
82327;1
68931;10
65988;2
53643;4
53640;2
65173;3
65174;6
65166;2
83432;1
31352;1
54381;3
56722;6
82309;2
45033;1
67350;1
71822;2
37515;1
83485;1
69499;5
77536;2
67359;2
67353;5
67356;4
62296;3
76850;2
77535;1
76070;3
44482;1
44483;3
75611;1
45935;1
76865;4
75614;1
61844;2
45937;3
67343;9
54329;4
44487;1
77520;2
76863;1
77522;1
45029;2
44488;2
81203;2
34290;1
67373;1
83460;2
61879;5
76877;1
37539;1
77513;1
75621;1
45017;2
76874;2
81238;5
44498;1
31383;1
64411;1
81234;1
76052;1
29463;1
71809;2
67367;1
77507;5
51315;3
51316;5
67369;1
45955;1
75635;2
76888;1
76883;1
81225;3
77501;5
76882;1
84528;2
81222;1
51310;1
38686;1
29491;1
38684;1
68990;2
56772;7
77571;4
77575;2
81256;1
65112;1
65110;1
61891;3
76049;2
76811;37
76810;1
61895;6
71863;3
81252;1
91326;2
29482;1
56784;1
77563;3
65105;1
62265;1
45974;1
61882;1
75654;1
77568;2
76036;2
44447;1
69443;1
62268;1
75656;3
65106;1
69475;1
37572;2
56799;1
56798;1
62277;1
77556;2
78168;1
44458;3
56790;1
42363;1
47409;1
62274;8
77550;1
47407;2
65900;1
76839;2
76832;2
65902;2
46693;6
65908;1
69464;1
34262;2
62281;1
44461;1
78156;1
76015;1
76014;2
51355;1
69469;1
54303;3
47414;2
51357;2
42358;1
65911;3
77549;1
46696;1
67163;4
62568;9
50613;1
63613;1
47015;4
86912;1
63612;1
47901;1
52242;1
52241;1
79605;1
85207;1
85465;1
52248;1
85462;1
52247;1
67173;1
50617;1
33352;1
71688;2
47006;1
34415;2
50625;1
63605;2
86922;1
85476;1
40918;1
79614;1
59212;2
47915;1
59211;1
52237;2
85216;2
56396;1
58602;1
51291;1
40120;2
58607;1
80992;1
85445;1
67992;10
85449;1
49527;1
67999;1
56382;8
78579;3
47926;3
59236;1
40941;2
40117;2
51281;1
78583;1
87348;1
64798;1
67980;1
86902;1
46885;2
47930;10
62534;9
52212;1
52215;1
78586;1
51287;2
78588;1
85453;1
91385;1
50649;1
51270;2
78593;1
40953;3
51278;1
51274;3
78597;5
49508;1
49509;1
69423;1
69422;3
46896;6
71653;1
52283;3
87337;1
85425;2
40173;3
71639;1
58658;1
70938;1
87325;1
50661;5
89574;2
51267;2
50662;3
67964;27
69433;6
52278;3
67963;1
69434;1
36005;2
83182;9
85435;1
49513;2
67181;11
86927;1
53391;1
67186;3
53393;1
70903;1
83979;1
40972;2
70025;3
67957;1
67958;4
62582;1
70029;1
87312;1
58640;2
70028;1
89587;2
33327;1
34443;1
85402;1
67189;2
51257;1
83981;1
86937;1
67954;8
34446;1
67193;1
67194;1
58638;2
67198;1
80199;1
67196;2
40984;1
91372;1
67945;2
34430;1
71664;1
85412;1
33331;2
69410;1
52256;1
83992;3
67941;1
71669;1
86948;1
89526;1
68332;1
66887;2
60777;4
53374;3
66881;1
88826;3
47988;1
50189;1
86992;1
80929;2
70047;2
70972;3
70048;6
79682;1
70967;3
80189;1
60769;6
36034;1
68330;1
92477;2
60786;2
53365;2
35547;1
68346;2
73897;1
47997;4
53364;2
89531;1
79697;1
73894;1
60780;3
66877;3
39472;1
47992;1
35532;1
60755;4
53353;6
60757;13
68314;1
66863;8
53357;3
60753;2
66865;1
60752;5
88802;1
66866;1
50672;3
80163;1
80162;5
70949;6
92451;1
47076;1
66093;3
47079;3
47072;2
47073;1
36025;1
52296;3
46800;1
60766;1
60764;3
60763;1
74237;1
36029;1
52298;1
86980;1
46806;2
70960;1
50150;3
70962;1
66859;1
90451;2
47066;1
47946;4
82510;1
61196;2
78513;1
61195;2
61198;10
79642;2
63651;15
78510;2
78519;1
35515;2
32254;1
80967;1
39424;1
73847;2
78518;1
70083;1
44707;1
62518;8
90482;1
80145;2
66070;1
36075;2
39422;1
39423;3
82506;1
88030;1
79656;1
79655;1
68309;3
61188;2
74298;1
35508;1
70078;2
70077;1
62513;2
62512;2
35501;1
70071;2
46823;1
59257;3
79665;2
60792;1
70994;5
65894;1
74284;1
78536;1
65898;2
46834;1
46833;1
65899;5
80948;1
47966;1
39409;2
62506;10
63636;2
62500;1
61179;1
88847;1
41692;2
41693;2
80124;1
73818;2
80123;1
41697;1
63629;1
70988;1
78542;6
59273;3
79673;5
79675;1
82500;1
59275;1
66893;1
66069;1
66066;1
66892;3
70093;2
66067;2
59270;4
47971;2
46841;1
36061;1
73826;1
63618;2
74271;1
87381;2
80213;2
66160;2
92521;4
80212;2
60815;1
55544;4
82441;2
72367;3
61146;1
43539;6
36956;2
44735;2
76305;1
44736;1
84671;1
36953;1
81985;1
76301;1
61145;3
65059;5
61141;1
43534;1
41676;1
37283;2
68295;1
80225;2
41670;1
66152;1
80221;2
60811;1
55554;2
84681;1
60810;2
75714;1
36962;2
72359;1
36965;2
44748;2
31238;1
44745;3
65046;1
66800;2
30892;1
61151;2
82433;1
82432;1
65071;5
68282;3
68287;4
48998;1
61124;1
30886;1
61125;4
61126;5
76327;1
84693;1
44715;1
54479;6
65844;1
43514;1
44718;2
84690;4
60801;1
76323;1
61122;3
44711;2
81966;1
81969;1
66130;3
36099;2
36095;1
68275;1
54482;2
44725;1
65857;1
82412;1
65852;1
65851;1
81972;1
55536;7
72332;3
36947;1
68265;1
60858;4
41620;2
77477;1
76344;1
74210;1
77479;1
65013;3
65014;7
77473;3
82487;1
44770;2
43578;14
44773;2
57072;2
66124;3
65824;1
37257;2
36999;1
60861;1
30863;2
50139;1
60862;3
61104;2
68252;1
56408;2
41634;1
92550;1
72392;2
41629;1
76335;1
44785;1
66844;1
55517;1
44784;1
57062;4
55514;1
65004;2
37247;1
61118;1
64704;1
39495;1
57984;1
57986;1
76364;1
72387;4
82464;1
57094;1
72380;1
66813;1
66105;1
68245;2
66106;2
65806;1
60842;1
65801;1
50113;1
36972;1
35442;1
60827;2
36980;1
65809;1
68232;2
57992;7
50120;1
72375;1
57085;1
43540;1
76357;1
57990;2
74204;1
76359;1
68234;1
60833;1
68238;1
65810;1
36985;2
72379;1
64732;3
64733;1
34375;1
85298;1
69356;1
83148;1
67923;2
67924;5
75782;5
54414;4
51220;1
54417;1
58573;1
56435;1
69354;1
71716;1
57967;2
69350;3
57969;13
34371;2
85293;1
85285;1
37205;2
83154;1
83155;2
64748;1
45876;1
67207;2
42472;7
56440;1
58584;1
51232;3
75792;1
58589;1
58588;1
81907;1
56448;5
56442;1
91461;1
57973;1
57971;2
56443;1
85280;1
45846;1
75767;1
71741;3
51202;1
45842;2
77458;1
67900;1
58558;4
84608;1
31927;1
34352;1
57949;1
71737;1
45859;1
69323;8
82492;1
83177;1
64726;1
31926;2
64723;7
84627;1
67917;2
54404;3
45855;1
77446;1
67912;7
56420;6
57951;1
57046;3
56421;3
84619;1
58566;3
56425;1
54458;2
31263;1
84637;2
72325;3
54451;2
36912;1
91431;2
67251;1
57926;8
64782;1
84644;1
31279;1
56484;1
84642;1
81950;1
54467;4
45838;2
61989;17
67243;6
72311;1
83111;1
69384;1
69385;1
91421;1
55591;3
69386;3
69387;2
84659;2
77414;2
85493;1
77413;1
77418;2
64759;1
31974;2
64758;1
45802;3
54430;1
67239;6
75721;7
61971;3
72306;1
85273;1
42424;1
85271;1
69376;8
91410;1
56455;1
85490;1
58597;5
58598;1
29331;1
84668;2
69367;1
83132;1
54442;3
84660;1
67226;15
85489;1
45817;1
69361;2
71709;4
57004;2
46065;1
50706;6
50707;1
50705;1
57209;1
40007;1
59348;5
85104;1
59340;2
64680;2
62421;1
87475;1
78459;1
64684;7
71595;4
51179;4
79503;2
49404;1
79505;1
49402;9
79507;2
79508;1
49401;3
46992;2
67029;1
52342;1
47113;1
50716;1
62409;3
62408;1
46050;1
67030;1
51160;1
40824;1
40816;1
56492;1
78463;2
51164;5
64673;1
62416;1
62418;1
49414;5
62413;1
49419;1
85111;1
46058;1
67039;5
47104;1
34513;3
49422;1
40025;1
39500;1
58749;1
50729;1
87492;2
58747;1
71573;1
85343;1
78434;1
62443;2
39501;1
52364;1
34544;3
49425;1
52361;2
50730;5
71575;1
85349;1
52360;2
67053;3
58737;3
51180;3
58733;6
58730;3
42521;1
59332;1
52357;1
78444;1
62431;2
64692;4
62432;8
46983;2
52354;5
62434;1
49438;1
50744;6
47127;1
86800;1
80085;1
58763;4
78490;1
78495;1
59307;1
58768;1
58769;1
86806;2
80089;1
80088;1
52382;1
34562;3
86816;1
62467;1
52387;1
78498;2
62462;1
70148;1
40869;1
46095;1
40034;1
80079;1
52371;1
87428;1
52377;2
71548;4
50769;1
70138;1
88100;1
70137;4
87424;2
70139;1
78472;2
58784;1
67086;1
40066;1
67081;4
62488;4
34589;1
50776;3
51159;2
51158;1
54502;2
33429;1
62481;1
70127;9
87455;2
87454;2
50770;1
78476;1
62487;8
40827;1
58777;1
80098;2
52397;1
50788;2
52398;1
69313;9
40050;1
86842;2
86843;1
69315;8
85314;2
62472;1
62474;1
70113;1
70188;1
72295;1
46914;1
50794;3
86852;2
53473;6
60633;3
60630;1
39567;1
63558;3
70186;4
39569;1
32351;2
74369;1
32350;1
80048;2
47193;5
60626;7
39560;1
40892;1
80045;3
40894;1
40896;4
40897;4
90341;1
72290;3
63540;1
70177;4
50033;4
68208;6
33413;1
66970;4
86866;2
53462;1
50039;4
50038;2
60644;1
36775;3
73753;3
53464;3
53465;4
66973;1
39577;1
47187;4
49490;2
79568;1
88119;1
46003;1
68218;1
39586;1
39585;2
74372;5
86884;1
63561;1
38906;1
63562;2
66999;1
80056;1
39592;2
65777;1
60677;1
39528;4
46954;4
46029;1
65779;2
46952;2
53434;3
63513;3
46951;1
73700;1
47158;2
35613;1
53432;1
88967;1
46025;2
79544;1
86890;1
82613;1
38919;1
46956;1
61291;4
50082;1
90388;1
38026;2
63509;4
49444;5
47151;1
46964;1
63504;1
88958;1
63507;1
59390;1
38924;1
46014;2
46013;1
89639;1
46016;1
35602;1
46015;3
61287;3
59393;1
78423;1
74390;1
82618;1
38011;1
39531;1
62401;1
39548;1
35633;1
60699;3
63539;1
38939;8
58702;2
58703;2
65790;1
58700;8
88150;1
41599;1
59369;1
90362;7
58708;1
38003;1
80029;1
46045;5
46042;13
78407;1
89618;2
46039;2
79534;1
79531;14
53446;6
59371;1
82645;1
82639;1
63519;1
47162;3
46030;1
41521;1
38059;1
82538;1
81834;2
72222;2
65721;1
76204;1
76201;1
76208;1
75039;1
55641;1
66028;3
38956;1
68151;2
68153;1
38064;3
88091;2
43621;1
61251;5
72211;1
83215;1
36827;1
38965;1
83211;1
65738;1
81084;3
43625;1
44606;1
38966;1
75817;1
68181;1
88086;1
77395;1
77394;2
88087;3
90278;1
84799;2
75013;1
43650;1
36836;1
53408;2
55669;1
77397;1
72242;1
60700;6
75827;2
75018;1
66048;3
75823;2
68174;11
38045;2
41553;1
68173;2
66919;13
88074;1
77381;1
66918;7
88070;3
82559;1
75005;1
77389;1
75001;1
30065;1
66926;1
75838;1
72234;3
36842;1
65756;2
38049;1
55671;2
61278;1
38091;1
35562;1
38880;2
44635;2
68124;2
43679;1
81883;1
76243;1
43677;1
77378;1
30079;1
61209;1
61215;5
36865;2
30952;2
74329;1
74328;1
82571;1
60711;1
50006;1
76232;2
72254;1
66946;2
77369;1
61210;1
77368;2
74323;1
45778;1
79491;1
79492;1
77351;1
79494;1
92683;1
60745;4
36878;1
68147;3
68146;1
72284;2
66954;1
61222;7
72288;1
72285;1
43680;1
79484;1
35594;1
38899;4
61239;3
65711;1
36886;1
81061;4
79487;2
76212;3
45799;7
79489;1
44662;1
77343;1
50023;1
57184;1
82597;1
77332;1
76286;2
75881;1
62494;6
42588;1
54516;3
84737;1
77331;3
54515;6
62498;1
44676;1
71625;1
83281;1
54512;2
30922;3
85192;1
85194;1
58679;1
84728;2
76276;5
44684;1
58680;3
42571;1
76279;1
57163;1
34489;1
37303;1
85187;2
69207;1
34488;1
54521;3
64601;11
71627;2
56540;1
84738;1
57153;4
81038;1
45744;1
87401;1
30947;2
51109;2
69233;3
37332;2
76260;1
84707;1
56556;2
75090;1
78398;2
78399;2
45751;1
87415;1
51116;1
81020;1
77305;1
64629;2
69220;2
56567;1
84717;1
56563;1
31190;3
50801;1
83243;1
84772;1
55688;1
64636;5
85376;1
54559;4
83248;1
75840;1
85372;1
56570;2
75073;1
29211;1
75853;2
42538;1
64648;2
52306;5
85364;4
75069;1
85361;1
56586;1
45707;1
72204;1
33399;1
50823;3
52312;1
72205;1
84751;2
56593;2
52316;3
30012;1
56590;2
64653;1
57118;2
57115;3
29237;1
67130;1
67123;1
45718;3
69267;2
85385;1
85128;1
85126;1
45710;2
75042;2
76295;2
76294;1
57102;1
69263;3
33381;2
69264;7
50809;3
62915;1
62916;1
37096;1
29026;1
37092;3
77191;1
57249;2
58369;1
82763;3
70305;31
75990;1
75186;1
28834;2
78762;1
57242;1
59491;3
73610;1
63402;4
46156;4
69128;1
63408;1
78768;1
69129;1
29031;1
63409;2
46166;3
37087;1
37081;2
77186;1
58353;12
43499;1
84899;1
30211;1
74067;1
84894;2
80725;1
30214;1
68530;1
78757;1
75989;2
63417;3
29906;1
62911;3
66201;3
80728;4
33020;1
69144;7
80722;1
36691;1
55492;3
69140;1
29000;2
78780;2
75169;1
82745;2
82744;1
84887;3
78786;1
68523;1
80717;4
80718;1
80713;1
75976;1
68521;2
52441;3
90260;1
57235;1
37060;2
74794;1
58372;1
57230;4
58370;2
75177;1
74792;1
68516;2
69158;3
33960;1
58326;1
58324;1
55472;1
68585;1
73653;1
55475;2
53123;3
73654;1
74787;1
63447;6
84860;1
63449;8
32468;1
74781;1
78723;1
41806;1
63441;3
74783;1
40756;2
40755;2
34592;2
51908;4
41033;1
34590;1
53137;1
73642;2
74778;3
68575;1
63457;6
53134;1
55467;2
78714;3
78711;2
86484;1
84854;2
73641;1
82711;1
63453;3
58348;1
50390;2
41836;1
68561;2
41004;1
63427;1
32489;1
74767;1
36657;1
53103;1
29932;1
41829;1
63422;4
84843;1
50396;2
78743;1
90222;2
41822;2
41017;1
41824;1
68551;1
68550;1
84060;1
69119;1
74754;1
84831;1
53118;3
78730;1
74001;1
78731;1
86467;1
84836;4
55449;1
86464;1
76596;1
55437;1
81631;1
56193;2
60183;1
54612;1
60186;1
53955;1
44862;1
29999;1
79289;2
75103;1
75106;7
75911;1
74744;1
67720;2
43403;1
75915;1
55436;1
75907;1
66274;7
47684;1
56199;3
59416;2
59412;2
54624;2
73681;1
53941;3
75115;2
40707;1
67738;5
81624;1
44851;2
73686;1
41072;1
67734;15
39259;1
49913;3
60178;1
74737;1
37774;2
43415;3
74729;2
47693;1
41847;1
81619;1
83752;1
55419;2
67704;1
44843;1
67702;1
67709;2
67708;2
53978;1
53979;2
55412;1
87547;1
66257;2
73678;1
53973;11
37747;1
41044;1
47661;3
74717;1
41047;2
81609;1
30279;1
56184;2
76588;1
30277;1
87555;1
83746;1
56181;2
37755;1
53153;3
37753;2
73665;1
37756;3
44834;2
29091;1
41053;3
41055;1
39276;1
53151;4
53150;2
44087;1
39271;1
59425;1
80791;1
41866;1
59428;1
69169;6
66236;3
67767;3
66238;1
53992;4
66231;6
42644;2
42645;1
74704;2
68508;1
44055;1
42643;1
75143;1
75145;3
38182;1
39282;1
41894;1
80783;1
80782;1
76569;1
49956;1
75943;1
80769;1
66243;4
53980;4
60138;4
66242;2
65600;2
58398;1
59441;1
44897;1
79257;4
92440;1
66240;2
38178;3
38175;1
69176;1
53188;1
65635;3
53187;3
32400;2
75933;1
31778;1
80759;4
67745;2
76535;1
49922;11
66217;1
67749;2
87587;2
74073;1
59477;5
79263;1
79262;1
46177;2
41086;1
53183;1
38166;1
53181;5
75927;1
41091;1
75926;1
42614;1
49932;2
67752;7
37796;5
67755;1
66225;62
60112;1
44878;1
67757;1
44043;2
37790;3
69197;3
53191;1
69196;2
80750;3
49870;2
76523;1
64199;8
31032;1
47733;1
67004;8
81580;1
91657;1
76529;2
49874;1
50300;1
72558;2
38146;1
67011;1
56237;1
51092;1
83808;1
89743;2
76512;1
51096;1
72560;3
34608;3
81598;1
65652;1
54697;9
67012;2
54696;5
42688;1
67014;2
76514;1
49851;8
38113;3
48270;1
47716;3
51892;2
65665;4
65660;1
42650;2
34615;1
49859;2
54684;2
81560;2
54687;1
49854;1
76507;1
54686;1
49853;2
89739;4
47713;2
48394;4
48393;1
71496;3
51883;5
89722;1
44114;1
71490;6
81579;5
49845;1
81570;1
64999;1
47700;2
56202;1
48382;4
48383;6
47771;2
61305;2
61306;1
70293;2
61307;8
72515;1
70294;2
48259;2
64980;2
65683;1
64158;4
45631;3
83849;1
39200;5
48370;3
66196;1
48375;2
44827;1
61316;3
60997;2
39207;2
87528;1
31064;1
87522;1
54657;1
65697;1
89784;2
64171;1
31051;1
60191;2
83816;1
59501;2
48363;1
48233;1
47752;1
64967;1
54643;7
66188;1
47756;1
64965;1
54644;7
79318;2
37832;1
66189;2
37831;2
70270;3
83822;1
87512;1
77201;2
87511;1
77200;1
45612;1
60196;4
64176;1
31058;1
64184;3
31040;1
59510;1
39221;5
64949;4
59519;1
77219;1
47744;1
54636;1
47748;1
64950;1
64185;31
89766;1
63497;4
50380;1
84931;1
50382;1
61340;2
84009;7
51003;5
51000;1
64940;4
64941;3
35234;1
48217;1
64118;3
62879;1
35237;1
64946;1
36766;1
52498;1
34678;3
34677;1
68493;1
48212;1
68496;13
48342;1
45670;3
63490;1
64121;1
61352;1
50372;5
77236;1
64120;4
64128;1
51822;1
77239;1
34687;1
62884;2
48227;4
51818;1
34681;1
63480;1
77230;2
64134;9
88684;1
51025;5
50365;1
70237;1
64130;3
63474;5
64132;2
63479;1
82690;2
36745;2
86428;2
68478;1
71403;1
48327;1
51812;1
62854;6
62855;8
51028;2
51810;1
64921;1
62858;1
86426;1
51027;2
51809;1
61319;1
50354;1
77255;2
78701;2
50352;2
50351;2
77256;2
36738;1
84014;1
68489;1
78707;1
36735;1
70241;1
51802;1
84012;4
64910;1
62868;7
36732;2
64911;1
71411;1
61339;1
64909;1
58429;1
64905;8
84914;1
58421;2
84915;1
77251;1
48304;7
52450;3
86404;1
48302;1
50347;1
62830;3
50349;1
86408;1
61388;3
62832;1
52459;1
51872;6
51046;1
51871;1
77260;4
37042;1
62846;7
52460;1
52463;1
88657;2
51866;2
51869;1
52465;1
34646;1
61395;4
36718;1
34649;1
52469;5
88655;3
51050;6
51859;1
37051;2
35263;2
71448;1
88648;1
50322;1
62812;5
34653;1
72577;1
77289;2
61365;1
52478;1
57310;3
77285;2
57316;1
37020;3
62820;4
34668;1
64108;2
71454;1
64107;10
35245;1
72586;1
62822;1
51077;1
77297;1
70200;3
45688;2
77294;2
77295;1
77093;1
69023;1
52561;4
52560;3
68405;1
33147;3
55377;2
88714;1
52563;1
68401;2
52562;4
78664;1
70400;2
52567;1
77981;1
69938;5
78667;1
90145;2
77084;2
58499;6
77081;9
69033;1
85921;2
80827;1
55364;1
84992;2
88725;3
82854;2
84997;2
77995;3
74674;1
52557;2
77990;2
77992;1
75297;1
84998;3
57365;4
77076;1
70416;1
80861;1
85948;1
52543;1
69005;2
53200;2
88735;1
69950;1
69007;1
69008;1
85954;3
68429;1
30341;1
78645;1
88733;1
53206;3
78640;1
57363;1
57379;1
40676;1
77062;1
90123;3
85939;1
69010;1
69013;1
80852;2
52531;2
53210;3
66320;3
43378;1
82872;1
74187;2
74691;1
82871;1
74692;1
77068;2
52539;1
82873;2
48507;2
53218;1
28725;1
70411;3
46210;3
73507;1
76490;1
58468;4
58460;2
74640;1
82820;1
50274;1
58462;1
57380;1
85972;1
76497;3
36531;1
85973;1
46215;3
55337;1
46218;3
36535;1
74645;2
84178;4
35404;1
33190;1
40651;2
52508;8
74630;2
86582;2
84956;2
57392;34
86588;1
84957;1
50288;2
58451;3
86585;1
30351;1
52518;1
84955;2
68435;1
50289;1
78616;1
63315;1
36547;1
74634;6
46222;1
36550;1
40640;1
80820;1
68462;1
40647;2
58443;1
50296;1
86596;1
74131;2
86592;1
84159;1
35428;1
50295;1
55355;4
78607;3
74666;1
53246;1
69911;1
40630;6
68450;1
80808;1
82831;1
74651;2
81700;1
40629;1
84972;2
63337;1
32574;1
68456;7
63335;2
68453;2
80800;3
68459;4
80805;1
88707;2
63339;2
47788;2
37622;4
60977;1
60971;15
75207;1
60049;4
73554;7
76457;2
67826;12
76456;2
44963;2
73550;1
83875;1
76453;2
83876;1
56290;1
81730;1
67827;2
41755;1
53261;1
41750;1
37633;2
53274;2
87678;1
83095;2
83860;1
67833;4
37636;2
40608;1
87673;1
67836;1
67839;1
83868;1
81718;2
81719;2
59548;1
47793;4
47794;1
47792;9
53271;1
53288;3
83892;4
83068;1
37649;1
75228;1
54731;1
60952;2
37643;1
55315;1
42722;1
66398;8
54734;3
55319;1
76472;3
81755;1
81756;1
67846;1
74620;2
59536;3
37641;1
60947;2
53280;1
66391;1
69089;6
67854;6
32534;1
83073;1
44971;1
55307;1
73560;1
32537;1
76485;1
83886;1
44973;1
87692;1
41725;1
53294;6
60957;1
69094;1
69099;3
69098;11
81778;1
56250;2
76410;1
59593;1
75247;1
76411;1
73590;4
60930;7
76418;1
65516;1
67860;1
75248;1
60003;1
65519;2
69066;5
80884;1
80885;1
69062;1
38289;1
69064;5
60925;3
79382;1
74190;1
79383;1
79398;1
76422;1
73584;2
76424;2
73580;1
75251;1
89026;4
69969;4
78699;1
65505;1
69965;1
66342;1
73589;2
67876;5
67877;3
80872;2
79390;1
56269;1
89022;7
81759;1
78689;3
42762;2
79368;4
56274;4
59571;1
69994;2
80899;1
69049;1
92306;1
66355;1
92309;1
67882;1
37688;2
43329;1
60901;1
66351;1
69044;6
60909;1
41777;1
81785;1
54702;2
78676;1
42753;1
78675;1
75278;1
76447;1
67898;10
66367;1
69058;1
69989;5
67893;1
43337;1
69986;3
69981;10
41765;2
75270;1
59565;1
64090;1
92222;1
48154;1
89859;4
71369;1
72414;4
51775;1
64889;4
71368;3
49973;1
71367;1
64885;3
34739;1
51773;1
83014;1
73031;1
34737;1
79462;1
56338;5
48165;1
89846;1
81692;1
64878;1
79469;1
65554;1
89840;1
31850;1
34749;1
65551;2
71370;2
83006;1
65550;5
56369;7
91788;1
49993;3
48173;2
65524;1
51799;1
34710;1
76404;1
89878;1
76403;1
56361;3
56362;1
34715;2
71381;3
89872;1
51792;2
42796;1
71383;2
79458;3
79457;1
79441;1
91797;1
49982;1
49983;2
87601;4
65535;3
72449;3
47840;1
51780;1
56350;2
71397;1
65534;1
64893;5
65533;1
71395;1
64050;1
83935;1
54768;2
64840;1
54766;2
70398;5
79434;1
65585;1
39359;1
44911;1
70393;6
44913;2
48116;1
38201;1
39340;1
66294;4
48471;1
59637;1
59636;2
65590;1
64063;2
73060;3
34708;1
64069;1
47869;1
89883;1
54758;3
60891;7
73063;1
65593;2
89887;1
47868;2
38203;4
44926;1
47866;1
38204;1
60092;1
73092;2
37739;2
83961;2
67815;1
60881;1
64862;1
60095;6
54789;1
65567;1
47898;1
64866;1
79417;2
64865;5
83031;4
67810;13
61421;1
54782;4
83035;1
60884;5
45515;1
48493;1
59619;2
48144;1
38223;1
45502;1
83026;1
64047;6
54779;1
44949;1
79407;1
64853;1
61439;3
87647;4
64856;1
64855;1
39328;2
60873;1
61434;7
72405;1
61433;5
62974;4
61443;2
46303;1
77916;1
61449;1
61448;3
77915;1
61447;9
86541;2
70357;8
84147;2
86540;1
72493;1
58536;1
62969;3
68350;2
58539;1
68353;1
62985;1
61454;1
36610;4
64022;1
61450;1
70365;3
88796;3
62980;1
58546;2
48432;1
90093;1
51710;1
37125;2
36643;1
71305;1
34799;1
36645;1
64825;2
51715;1
74105;1
63376;1
62990;1
61464;1
45556;1
61461;6
63372;4
77102;3
63371;5
33217;1
58518;4
51709;3
86557;1
50257;2
91701;1
51700;2
46312;3
77118;1
46313;2
64816;1
61479;3
84110;6
64814;1
61473;1
70387;3
70388;4
50255;3
86553;1
51918;1
58524;1
71308;4
68383;1
58529;2
68382;1
63393;6
71320;2
82772;1
45575;1
77953;4
88766;1
61483;1
77950;1
48408;1
51736;1
91719;1
71325;5
50207;2
71323;1
62932;1
33236;1
35379;1
62934;1
91720;1
51729;1
68395;2
51727;2
68397;1
77160;2
57435;4
90959;1
51988;1
51987;1
61492;1
82786;1
63383;6
51984;1
70322;3
55297;1
61499;2
71337;3
62940;2
34784;1
51722;1
91724;1
82782;1
35365;1
91732;3
35363;2
55292;1
62936;21
62937;4
57427;3
57426;2
52579;3
47818;1
70331;1
71341;3
72472;1
77970;1
72475;1
71345;2
86524;2
51754;1
71344;2
34755;1
36601;1
71347;1
71348;5
62960;1
47808;1
47803;3
77155;1
30306;1
71358;4
77966;2
71359;1
34766;1
77967;2
51739;4
37176;4
91753;1
57444;4
84278;1
54103;4
55237;5
84272;3
54102;5
86239;1
85876;1
70503;1
43289;2
82014;1
43287;1
55949;1
52624;2
63200;4
79084;1
46368;3
78959;1
32692;1
73400;1
46366;2
66402;2
63215;1
84284;1
55953;4
55229;6
52616;3
82027;1
43297;1
40517;1
46363;1
43911;2
36413;1
36415;1
43914;2
46335;4
36417;1
55927;2
52643;4
86213;1
85851;1
85850;2
55918;1
85849;1
43909;2
78979;1
55930;2
46347;1
36427;2
68797;1
36426;3
78972;1
43277;4
86222;2
67594;1
70546;1
69838;1
82059;1
90814;2
57481;1
86279;1
77884;1
68783;6
60344;1
68786;3
52661;1
82055;1
60349;3
69835;2
48612;1
36472;1
46391;3
46394;1
46397;1
58128;4
57488;5
41226;1
58125;4
70539;1
77891;1
52659;2
82069;1
82068;1
55912;3
77894;2
55914;1
78994;2
52657;5
30455;1
78993;1
60335;4
69821;1
68778;2
60336;1
67574;2
68776;2
45390;1
55909;4
58115;1
45368;1
66416;1
58141;4
64301;3
83591;1
69813;1
36454;2
77866;1
82071;1
85815;1
67546;1
43958;2
36452;1
57466;1
57467;4
69808;1
77874;1
42100;1
33729;2
83588;3
52678;2
43235;1
86266;1
77872;1
43943;1
69800;1
67553;9
66420;4
68754;1
60311;36
67557;12
52672;2
55245;1
46388;1
48605;1
46384;3
81427;1
39043;2
39872;1
39048;2
39873;2
69872;1
67522;4
68740;5
54813;2
68748;3
73497;2
49708;1
67529;1
67526;4
81435;1
73496;1
56994;1
32609;1
48090;3
48091;1
29782;1
66480;1
54170;1
54178;1
83560;1
69865;1
66484;3
54820;5
79018;1
75394;2
79019;2
54823;1
69869;3
75395;1
42164;1
49717;2
79014;1
42166;1
42165;2
58151;2
81408;1
29774;1
47462;3
39850;1
47463;5
74918;2
53771;5
73103;1
68722;9
73104;2
83552;1
47467;1
53773;2
67500;1
76773;2
67504;3
83555;1
67505;2
76774;2
58189;6
89155;1
42134;3
29762;1
47475;2
38394;1
39079;2
56977;1
39076;1
74913;1
68713;2
69842;8
89934;1
39844;1
60354;1
80506;1
39842;1
53763;1
58174;1
76787;1
89146;1
72836;3
59656;1
53707;3
31595;1
54856;4
53715;4
83531;1
29758;2
73458;3
39007;10
47443;2
89901;1
68702;1
39837;6
54146;4
80575;4
42829;1
82904;1
56953;7
53703;7
54868;1
75350;1
82911;1
58196;1
74970;1
89911;1
62125;1
75358;1
39821;1
73449;1
54137;7
47458;1
72815;1
74959;1
80560;1
59678;2
79066;1
53734;1
53735;4
52601;1
54836;1
87784;1
54834;1
54129;2
85898;1
54124;2
85897;1
32685;3
66498;1
37986;1
66499;1
47422;3
32683;1
80558;4
41280;1
47423;1
47430;1
72808;3
37992;1
80552;3
79071;1
79077;1
53725;1
32678;2
54118;1
82004;1
60391;1
39807;2
73427;1
32674;1
69887;1
47435;1
62103;16
73424;2
38335;2
81384;1
81381;1
76724;1
62169;1
61545;4
39909;1
39906;3
65443;2
59720;2
92163;1
59729;1
49672;1
81393;1
49667;2
81395;1
54897;2
72764;1
75306;2
61553;3
61554;1
48026;3
83611;2
83610;1
54898;4
81398;1
62151;1
48025;3
48020;2
44328;2
61521;8
54882;2
61522;7
49659;1
44329;1
61525;1
62657;1
54889;1
65465;1
51693;2
73197;3
65462;1
65463;1
80472;2
80470;1
80474;1
49647;1
62139;6
72744;1
49649;1
48004;4
48599;3
71297;4
59750;1
71298;9
65477;3
71293;1
59754;5
59752;2
56902;3
56900;2
61528;7
48590;1
71261;1
81346;2
72791;1
51673;1
51674;4
50543;1
48059;3
50547;1
72799;4
53784;1
48056;1
38372;1
48055;1
50539;4
38374;1
35077;1
89041;1
56007;5
49629;2
53799;4
71270;1
73164;1
31510;1
76753;1
87720;6
81354;1
51663;3
71274;5
89982;1
65410;7
35970;1
81350;3
61513;1
76756;2
50535;2
76755;1
48067;1
38383;2
38388;1
61508;11
92116;1
49620;1
62185;3
65424;2
72770;1
42893;1
62695;2
81327;1
62189;1
54078;4
50526;2
54077;1
35986;3
91879;1
50523;1
87712;1
51656;1
54071;2
59705;4
59707;1
48036;1
54072;1
51641;2
65434;5
62175;2
79108;1
65432;1
71251;1
49609;4
50514;2
50513;1
50516;3
35047;2
48041;1
91897;1
48047;3
54086;4
89070;2
59713;1
45472;1
57575;5
78000;1
57576;1
35036;1
51632;4
52691;2
70450;1
52694;2
34875;1
30410;1
77028;3
77025;3
84206;1
77024;1
35927;1
70457;1
50584;3
63297;4
57567;2
82092;1
55190;1
30428;1
85910;2
51625;3
64329;2
64320;3
63286;1
64323;3
70469;1
64321;5
78020;2
91013;3
84220;1
51615;1
48527;1
84222;1
34896;1
77839;4
50566;2
78029;2
43984;1
63274;3
45458;1
78010;2
77052;1
55176;3
71216;7
78907;1
50558;2
71211;2
50555;2
35003;1
48518;3
64341;1
77820;2
78909;2
49189;1
65482;6
57533;1
70496;4
45437;2
61582;1
64353;1
64354;2
64355;3
55999;2
78914;1
46447;3
55994;2
86206;1
55992;3
77811;1
46445;1
78919;1
91069;1
57526;2
92193;1
88450;1
92196;1
49194;1
84237;1
63245;2
61596;2
65496;5
65498;1
78921;1
61592;6
84230;1
36511;1
46433;1
38307;1
63249;1
63248;2
91827;1
63247;1
49160;2
91054;1
64370;1
77002;1
77001;1
64373;2
90867;1
77005;7
36502;7
48553;4
92173;1
55965;2
55967;3
61570;1
70485;1
64385;1
45403;1
64386;2
61571;3
84258;1
50590;1
48559;1
61575;2
88437;1
62620;9
84253;1
78945;1
55961;6
55964;2
77788;1
86331;1
86332;1
77784;1
78864;1
53815;3
82152;1
46459;2
68685;2
68683;1
40422;1
58229;3
28948;1
74871;3
53800;1
74873;1
78851;1
52757;3
36302;1
78858;1
86347;4
68673;1
36304;2
52752;2
28949;2
77790;2
40415;1
41947;1
45290;3
55118;2
52747;1
66515;3
86352;1
53003;1
84392;1
42920;1
33875;1
84394;2
53000;1
46470;1
46472;1
42916;1
49031;1
78076;1
70618;3
58201;1
70617;1
52735;2
70611;1
52736;2
55109;1
70612;1
33868;5
66526;2
28926;1
86361;1
66522;3
36328;1
48702;1
85747;1
55102;5
53012;1
49029;1
85743;1
53010;1
86369;1
49024;1
68690;8
46481;2
49023;3
42908;2
49020;1
78086;1
70609;3
41920;1
78082;1
66530;1
55138;2
48715;5
55133;2
67667;7
86373;1
41904;2
45248;1
77743;3
58260;1
77744;2
66539;2
30562;1
66536;2
86379;1
57589;3
46493;6
43118;3
36346;1
77756;2
78892;1
77755;1
28985;1
68637;2
45253;1
78063;1
67671;1
85713;1
82172;2
52784;5
52782;5
68666;5
78889;1
62803;2
69715;2
78885;2
70664;5
28958;1
33837;2
41108;1
36352;4
67682;1
55153;2
82182;1
60211;1
66566;3
67699;2
55145;2
82185;1
60215;1
80606;1
69702;2
69703;2
80607;2
60217;7
48749;1
78870;2
60210;5
78044;1
47582;1
54040;3
56866;1
56014;2
67627;10
79147;1
44158;1
49805;1
56010;1
79992;8
79999;2
54910;2
66575;1
68601;5
83671;2
73359;1
53894;1
49801;1
73356;1
49802;4
80631;1
53071;1
53072;1
47590;2
36387;2
39195;1
75491;1
79150;1
56028;3
73341;1
32759;2
89269;1
73342;1
54922;2
54923;2
73236;1
39968;1
60237;1
54038;10
49812;4
67633;3
53079;4
60234;4
54034;3
36397;1
54928;1
44174;1
58285;3
76671;2
81551;1
58284;1
79973;2
49829;3
81558;1
76677;1
68620;1
54067;1
49826;1
53873;9
49823;1
67644;2
80657;2
66595;2
54930;3
74823;1
53087;4
53094;3
79133;1
44186;1
39170;1
42992;2
76682;4
54943;8
69749;2
44188;1
58271;1
60254;3
49839;17
79135;1
56042;2
81546;1
39988;1
80648;1
67650;1
54058;1
74812;2
80681;1
59797;2
56822;2
56829;1
53022;1
69777;2
53020;2
47549;2
54950;4
47548;3
73316;8
47543;1
54001;2
47542;1
72700;5
74844;2
39938;1
52725;10
76692;4
41985;1
39151;2
59788;1
42060;1
39158;2
39157;1
56816;2
80677;1
41981;1
80672;1
41980;1
56815;2
56813;1
82122;1
47557;1
69767;2
74830;1
56809;3
53842;1
83621;1
56063;1
39927;1
60270;1
85762;1
79166;1
79164;1
53041;1
41971;2
56846;7
56849;3
69792;8
41186;1
67601;1
54022;4
79939;2
53047;3
74869;1
79934;1
54026;14
52703;2
89213;1
42961;2
83658;1
79930;2
89211;1
81513;1
74861;1
89214;1
75467;1
59769;1
80692;1
59763;2
41964;1
56837;5
80698;2
47571;2
53057;1
47578;3
89207;1
73217;1
67610;3
41193;1
74852;1
69784;4
54012;5
39138;1
85786;1
39948;3
74859;1
54016;3
60294;5
82104;1
67615;7
42087;1
83641;2
67616;3
81487;1
51572;2
81486;1
83703;3
65347;1
59861;1
64298;1
64297;1
79908;2
62776;8
62029;1
62028;4
47633;1
75417;2
38434;1
51577;3
61646;1
47635;2
51579;1
51578;2
62778;2
47637;1
39110;4
59866;2
92022;1
59868;3
90793;1
90792;7
62010;9
83714;1
87863;1
51563;2
65355;1
71174;1
75401;1
47621;4
37944;1
47620;2
79912;1
49765;2
37940;3
71179;1
92018;1
83705;4
59873;3
44225;1
71182;2
62792;6
62043;2
34917;1
75439;1
47658;1
72634;3
49792;2
38450;1
83715;1
57614;3
59840;4
59844;2
59846;2
51582;1
64284;4
83736;2
65335;2
37964;1
47641;1
61675;1
38460;1
49780;3
59859;3
92038;1
49784;1
59853;1
59857;3
71128;10
49737;2
87838;2
50403;3
87946;1
38479;1
34045;1
72655;1
76628;1
49732;1
65307;1
61603;1
72653;2
65301;3
79238;1
81441;2
71121;2
62065;3
87831;1
62066;3
63199;8
56100;3
56103;2
59825;4
63191;2
63192;3
56108;3
38475;1
35174;1
35173;1
51528;1
61615;2
65318;2
61614;1
34035;1
76619;1
61613;1
38489;1
62053;1
73393;3
63184;1
71132;4
63187;5
81455;1
62052;1
37908;1
72662;2
63189;4
81456;1
63188;1
76611;6
61605;2
35160;1
87029;1
61623;2
71145;6
51556;1
31625;1
71149;2
34954;1
50426;2
56121;2
89168;1
44264;1
62085;3
62080;1
59802;3
59803;2
59805;1
38494;1
35197;1
74902;1
51546;1
74903;1
31633;1
50414;1
49748;2
61630;2
76636;1
79201;1
76631;1
79200;1
79203;2
87038;1
44255;1
62074;5
56118;1
56117;1
87030;1
50409;1
34053;1
56119;7
61628;1
63150;1
88520;1
63152;1
78147;1
77714;1
84343;1
48642;2
49098;3
49093;4
50431;2
63143;2
70566;1
70569;19
62098;5
84336;2
62099;4
45324;1
70565;1
33817;1
63145;16
88515;1
87911;1
35126;2
87018;2
50435;2
64227;2
35123;2
62701;1
40472;1
35150;1
45352;2
63172;7
57696;2
78123;4
30530;1
63175;2
84329;2
48667;1
71102;1
33014;1
46520;4
62711;8
71109;1
55070;2
91996;1
35144;1
63160;1
77722;3
46516;1
50451;2
71113;1
48653;1
87938;2
64204;2
84311;1
77726;1
70583;5
30547;1
87933;1
43074;1
65381;1
92062;1
57634;1
55086;3
49041;1
55085;1
62730;1
63115;2
88569;1
70590;4
86306;3
49049;1
46549;2
50483;1
65389;2
88561;1
86301;1
65387;5
50482;2
63114;2
65384;6
65392;1
58304;4
58301;1
57628;1
91931;1
48671;1
92057;1
62744;1
78829;1
78823;2
62746;2
78820;1
65396;1
88555;1
63103;3
64262;3
90756;4
57651;1
57652;1
57653;1
57659;1
64237;7
46564;3
63134;2
62751;1
64233;1
63132;4
49071;1
65372;2
49075;1
38422;2
86317;1
86315;1
46556;1
64248;4
50499;2
50498;2
78806;1
86319;1
63126;1
88577;4
88576;2
65375;1
50496;1
64244;2
60937;1
58503;1
58503;1
54768;1
55222;1
55818;1
53725;1
54469;1
57316;1
56224;1
52649;1
58007;1
53065;1
55105;1
55233;2
61546;1
51227;2
54396;1
54100;3
52049;1
59951;6
52621;6
54417;3
52948;3
53579;1
56430;2
53806;1
52568;1
53065;1
53896;4
55222;2
55051;1
60614;2
53462;2
59943;1
55959;2
51822;1
55424;1
54320;1
55368;1
58589;1
58588;3
55550;1
63884;1
54797;1
55035;1
56749;3
55057;1
60586;7
55037;2
56173;1
56175;1
61662;1
61070;1
56224;5
54533;1
51691;1
53770;2
55397;1
53695;2
54271;1
56691;2
52926;2
55667;1
54687;1
52155;1
58007;3
54050;1
54287;1
53014;2
58278;1
55173;1
55105;1
52937;3
56567;4
59858;1
53218;1
53215;1
56622;1
56822;3
52000;2
54458;2
54254;1
52453;1
54454;1
53526;1
54455;1
52084;1
55472;2
59450;1
52524;1
51138;2
61306;13
58463;3
60079;2
56006;3
51327;1
52994;2
59108;1
52203;1
57838;1
52206;2
53531;2
53423;1
55894;2
56582;2
52371;1
57065;2
55518;4
55328;2
56894;1
61506;2
60711;3
51475;1
54578;3
58595;1
60020;1
57266;1
56510;3
53393;3
54430;2
56327;1
56590;4
54579;1
53502;1
54075;2
53045;1
52873;3
54832;1
54072;3
57316;3
57262;1
59770;2
53934;3
55459;1
52266;2
57647;1
52771;1
53511;1
60215;3
54901;1
52583;1
53449;1
53110;3
54309;1
53725;1
54983;1
54199;1
54114;2
54636;1
59760;1
55961;6
60873;3
57444;10
